"","date","cases","deaths","cum_cases","cum_deaths","p_cases","p_cases_low","p_cases_high","p_cases_active","p_cases_active_undetected","population"
"1",NA,1,0,1,0,NA,NA,NA,1.31273218950602e-05,0,76177
"2",NA,1,0,2,0,0,NA,NA,2.62546437901204e-05,0,76177
"3",NA,3,0,5,0,0,NA,NA,6.56366094753009e-05,0,76177
"4",NA,9,0,14,0,0,NA,NA,0.000183782506530843,0,76177
"5",NA,0,0,14,0,0,0,NA,0.000183782506530843,0,76177
"6",NA,39,0,53,0,0,0,NA,0.00069574806043819,0,76177
"7",NA,22,0,75,0,0,0,NA,0.000984549142129514,0,76177
"8",NA,0,0,75,0,0,0,NA,0.000984549142129514,0,76177
"9",NA,13,0,88,0,0,0,NA,0.0011552043267653,0,76177
"10",NA,25,0,113,0,0,0,NA,0.0014833873741418,0,76177
"11",NA,20,0,133,0,0,0,NA,0.00174593381204301,0,76177
"12",NA,31,0,164,0,0,0,NA,0.00215288079078987,0,76177
"13",NA,24,0,188,0,0,0,NA,0.00245480919437626,0,76177
"14",NA,36,3,224,3,0.0130131458685121,0.00703387132329779,0.0240752151428012,0.00453308031563493,0.00161881485493157,76177
"15",NA,43,0,267,3,0.0124973247392697,0.0067021134788599,0.0233035632911025,0.00650637611694824,0.00306701778044247,76177
"16",NA,41,1,308,4,0.0156813461279896,0.00984255863434093,0.0249838101576399,0.00847568213952767,0.00461624950237998,76177
"17",NA,26,2,334,6,0.0210178919040344,0.0154615511584777,0.028570987190212,0.0101118054613986,0.00591106245497936,76177
"18",NA,36,2,370,8,0.0259127155565393,0.0206110214433398,0.0325781441429285,0.0121210770967762,0.00795971605604209,76177
"19",NA,6,4,376,12,0.0334795762805201,0.0288187225024722,0.0388942302292203,0.0123665245727527,0.00841520068233961,76177
"20",NA,14,2,390,14,0.034923083406714,0.0307046127318923,0.0397211248121525,0.013620173720686,0.00948506732374209,76177
"21",NA,38,1,428,15,0.0360701039804854,0.0319606625291358,0.0407079296299621,0.0166520044034765,0.0121887149591561,76177
"22",NA,11,1,439,16,0.0351829240992273,0.0313899302895133,0.0394342432988941,0.0172053980419577,0.012925891104168,76177
"23",NA,27,1,466,17,0.0357664596964277,0.0321083481293727,0.0398413407647695,0.0190151572087851,0.0146437590177301,76177
"24",NA,35,1,501,18,0.0370613956946021,0.0334577131239295,0.0410532257761959,0.021197329689741,0.0167734222111057,76177
"25",NA,25,3,526,21,0.0416119934265145,0.0381266166508948,0.0454159888558495,0.0228600303058239,0.0184229955052936,76177
"26",NA,19,1,545,22,0.0416126409493962,0.0382665777716372,0.0452512868309539,0.0222193477856767,0.0180054774573623,76177
"27",NA,19,1,564,23,0.0416868091840502,0.0384631057283523,0.0451807004931075,0.0216110128812614,0.0177121982784285,76177
"28",NA,19,2,583,25,0.0436030039093637,0.040487774870956,0.0469579263365208,0.0209445851027549,0.0173345715816134,76177
"29",NA,18,1,601,26,0.0437462968674341,0.0407272565822186,0.0469891333277089,0.0206186670115226,0.0171136720655415,76177
"30",NA,21,2,622,28,0.0458492230141409,0.0429011281028617,0.0489999061553863,0.0196453939432939,0.0163373088257387,76177
"31",NA,16,1,638,29,0.0459995794667114,0.0431323824309021,0.0490573715584587,0.0202647398550106,0.0168253815185049,76177
"32",NA,8,0,646,29,0.0441530344926588,0.0413899228126424,0.047100606196696,0.01955787751194,0.0161972831068046,76177
"33",NA,13,2,659,31,0.0458198606928326,0.0431302660100194,0.0486771779571882,0.017259273570169,0.0142268622124101,76177
"34",NA,14,2,673,33,0.0475919271902216,0.04496094084074,0.0503768713760322,0.0173677221156087,0.0142959287921646,76177
"35",NA,9,0,682,33,0.0462408589953976,0.0436766497894541,0.0489556101701859,0.0159056331251888,0.0130701315958558,76177
"36",NA,14,2,696,35,0.0481383979609579,0.0456163180114232,0.0507999211524975,0.0142848147738961,0.0117249870043594,76177
"37",NA,8,0,704,35,0.0469649782247015,0.0444978352542591,0.0495689097468077,0.0128407513667034,0.0105040880693826,76177
"38",NA,9,1,713,36,0.0473078577328303,0.0448866722486953,0.0498596418747609,0.0119871893281225,0.00978179924975239,76177
"39",NA,4,0,717,36,0.0461121019827791,0.0437471165865071,0.0486049393693307,0.0108400966858058,0.0088316164358616,76177
"40",NA,0,1,717,37,0.0460455853784981,0.0437436328846321,0.0484686751656015,0.00941907254467731,0.00766001141073925,76177
"41",NA,6,0,723,37,0.0452239956438825,0.042959022941604,0.0476083868289566,0.00848417018245265,0.00688263691125531,76177
"42",NA,1,0,724,37,0.0442182929828365,0.0420003891269344,0.0465533171230093,0.00699728105170423,0.00565829421840809,76177
"43",NA,7,3,731,40,0.0472314846105872,0.0450376540964131,0.0495321788684771,0.00629597166066998,0.00507513072442938,76177
"44",NA,2,0,733,40,0.0464364138255747,0.0442765711837066,0.0487016151280825,0.0058758872127666,0.00473381020789637,76177
"45",NA,7,0,740,40,0.0460400524186617,0.0438960721444725,0.048288749383697,0.00540751929647705,0.00434420622297718,76177
"46",NA,3,0,743,40,0.045462686017784,0.0433433606177833,0.0476856383651895,0.0046010580733269,0.00368214554067269,76177
"47",NA,0,1,743,41,0.0458824134852276,0.0437936482375718,0.0480708036884511,0.00399084145901813,0.00319007482341946,76177
"48",NA,0,1,743,42,0.0463326356113054,0.0442718107246322,0.0484893905976067,0.00302254035060806,0.00240555622154023,76177
"49",NA,2,0,745,42,0.0458535048448191,0.0438123397862895,0.047989765367697,0.00261194407353798,0.00207372387584051,76177
"50",NA,1,1,746,43,0.0464529415974623,0.0444316547351792,0.048566180933809,0.00207705954782209,0.0016438579252851,76177
"51",NA,1,1,747,44,0.0470845906390036,0.0450810798980216,0.0491771421771074,0.00188284090806291,0.0014890212512111,76177
"52",NA,1,1,748,45,0.0477457046625018,0.0457579282840953,0.0498198323045848,0.00194667206402882,0.00153972508528195,76177
"53",NA,2,0,750,45,0.047444036464924,0.0454676422336442,0.0495063408944359,0.00169788662618799,0.00134344893502136,76177
"54",NA,1,1,751,46,0.0481633282443667,0.04619971447283,0.0502104009525605,0.00170094389719094,0.00134650620602432,76177
"55",NA,0,0,751,46,0.0477973361390729,0.0458474947327454,0.0498301020657474,0.00124865881884059,0.000986112380939382,76177
"56",NA,1,1,752,47,0.0485590290359451,0.0466195928503957,0.0505791483096091,0.00118652963879081,0.000937110522784667,76177
"57",NA,0,0,752,47,0.048246707895535,0.046318804614221,0.0502548552827377,0.000751015629425092,0.000593487766684369,76177
"58",NA,2,1,754,48,0.0491124350027178,0.0471901620786039,0.0511130109678051,0.000697723332160456,0.000553322791314794,76177
"59",NA,1,0,755,48,0.0489097323996351,0.0469946477833056,0.0509028588624449,0.000762504434676529,0.000604976571935807,76177
"60",NA,1,0,756,48,0.0487257182022673,0.0468172872291373,0.0507119432765671,0.000826956442880586,0.000656301258244804,76177
"61",NA,2,0,758,48,0.0486221977687108,0.0467170947831699,0.050604990032713,0.000832150544863256,0.000661495360227474,76177
"62",NA,2,1,760,49,0.0495428194118696,0.0476407791600524,0.0515207979078405,0.000900257026711072,0.00071647452018023,76177
"63",NA,1,0,761,49,0.0493953014460612,0.04749838064453,0.0513679786939903,0.000902133858090776,0.000718351351559933,76177
"64",NA,0,0,761,49,0.0491919050917813,0.0473022580101988,0.0511570404532713,0.000838302702124865,0.000667647517489082,76177
"65",NA,0,2,761,51,0.0509993156756033,0.0491166720829406,0.0529541210566504,0.000711785271551734,0.000567384730706072,76177
"66",NA,0,0,761,51,0.050812564248933,0.0489362679137186,0.0527608008461989,0.000647653010240993,0.000516379791290391,76177
"67",NA,0,0,761,51,0.0506404533920436,0.0487701516658484,0.0525824799012777,0.000647653010240993,0.000516379791290391,76177
"68",NA,0,0,761,51,0.0504828116163248,0.0486179744324987,0.052419178265596,0.000583079833331491,0.00046493393627595,76177
"69",NA,1,0,762,51,0.0504050026060544,0.0485426845581045,0.0523387676401628,0.000649228130714765,0.000517954911764163,76177
"70",NA,0,0,762,51,0.0502724481303733,0.0484146753161188,0.0522015075908119,0.000518956419832224,0.000413937844671743,76177
"71",NA,0,0,762,51,0.0501492670386918,0.0482956967749516,0.0520739766161193,0.000454175317316151,0.00036228406405073,76177
"72",NA,0,0,762,51,0.0500352397319118,0.0481855372281074,0.0519559469302655,0.000389723309112094,0.000310959377741733,76177
"73",NA,1,0,763,51,0.0499956868204521,0.0481472739436177,0.0519150617660269,0.000326957696381569,0.000261321086906268,76177
"74",NA,0,0,763,51,0.0498979335251106,0.0480527916686165,0.0518139255518523,0.000196581855824018,0.000157199890138837,76177
"75",NA,0,0,763,51,0.0498059577261243,0.0479640464585355,0.0517186019148941,0.000131673443936946,0.000105418800146826,76177
"76",NA,0,0,763,51,0.0497199675767178,0.0478810666057727,0.0516294926381576,0.000131673443936946,0.000105418800146826,76177
"77",NA,0,0,763,51,0.0496401285289867,0.0478038427898716,0.0515469513864355,0.000131673443936946,0.000105418800146826,76177
"78",NA,1,0,764,51,0.0496312713279443,0.0477951451288554,0.0515379352230668,0.000196635840963052,0.000157253875277871,76177
"79",NA,0,0,764,51,0.049562036255693,0.0477283040109867,0.0514662209083563,0.000196635840963052,0.000157253875277871,76177
"80",NA,0,0,764,51,0.0494960083469188,0.047664552299591,0.051397836003576,0.000196635840963052,0.000157253875277871,76177
"81",NA,1,0,765,51,0.0494983081422905,0.0476666006840506,0.0514004035066202,0.000195191214354014,0.000155809248668833,76177
"82",NA,79,0,844,51,0.0545442579599372,0.0525256400490455,0.0566404535693847,0.00530063716084103,0.00422419676544609,76177
"83",NA,7,0,851,51,0.0548434309635633,0.0528133749194021,0.056951518899243,0.00575175821459537,0.00458342656593501,76177
"84",NA,1,0,852,51,0.0545689206738908,0.052548303012494,0.0566672362912535,0.00581580624355534,0.00463434727299992,76177
"85",NA,0,0,852,51,0.0541131535311646,0.0521081761833833,0.0561952768176365,0.00575028109700166,0.00458194944834131,76177
"86",NA,0,0,852,51,0.0536178381147388,0.051630010402174,0.0556821999783537,0.00575028109700166,0.00458194944834131,76177
"87",NA,0,0,852,51,0.0531306788668535,0.0511597419139907,0.0551775464700055,0.00575028109700166,0.00458194944834131,76177
"88",NA,0,0,852,51,0.052675098214284,0.0507199220606261,0.0547056434465312,0.00575028109700166,0.00458194944834131,76177
"89",NA,0,0,852,51,0.0522602833900461,0.0503195511700843,0.0542758660699588,0.00575028109700166,0.00458194944834131,76177
"90",NA,0,0,852,51,0.0518879833468633,0.049960144854552,0.0538902123611247,0.00568531869997556,0.00453011437321026,76177
"91",NA,0,0,852,51,0.0515563552494773,0.0496400769406735,0.0535466085152736,0.00568531869997556,0.00453011437321026,76177
"92",NA,1,0,853,51,0.0513221792034367,0.0494140055730899,0.0533040389590292,0.00574548538133949,0.00457715373267914,76177
"93",NA,0,0,853,51,0.0510599622164757,0.049160947527757,0.0530323330337745,0.00568078171056526,0.00452557738379996,76177
"94",NA,0,0,853,51,0.0508253714953052,0.0489344998027031,0.0527893081169921,0.000575335764078241,0.000457189867022699,76177
"95",NA,0,0,853,51,0.050615644362287,0.048732001418863,0.0525720959455165,0.000124214710323901,9.79600665337809e-05,76177
"96",NA,1,1,854,52,0.0514773777551386,0.0495978742828141,0.0534281047093876,0.000120444641264566,9.41899974744458e-05,76177
"97",NA,0,0,854,52,0.051305573597269,0.0494320561269763,0.0532500989921051,0.000120444641264566,9.41899974744458e-05,76177
"98",NA,1,0,855,52,0.0512097753351735,0.0493393293460762,0.0531511296289538,0.000180339115340792,0.000140957149655612,76177
"99",NA,0,0,855,52,0.0510677609614451,0.0492022200640258,0.0530040353102294,0.000180339115340792,0.000140957149655612,76177
"100",NA,0,0,855,52,0.0509374798061048,0.0490764182386071,0.0528691160056219,0.000180339115340792,0.000140957149655612,76177
"101",NA,0,0,855,52,0.0508184959155523,0.0489615036330558,0.052745919456923,0.000180339115340792,0.000140957149655612,76177
"102",NA,0,0,855,52,0.0507103099190592,0.0488569949227349,0.0526339275707357,0.000180339115340792,0.000140957149655612,76177
"103",NA,0,0,855,52,0.0506121744733063,0.0487621718872188,0.0525323648594049,0.000180339115340792,0.000140957149655612,76177
"104",NA,0,0,855,52,0.0505232215759363,0.0486763340963983,0.0524401840400719,0.000120172433976857,9.39177901867369e-05,76177
"105",NA,0,0,855,52,0.0504425666061951,0.0485984916836232,0.0523566151473352,0.000120172433976857,9.39177901867369e-05,76177
"106",NA,0,0,855,52,0.0503693653768423,0.0485276962958902,0.0522809274315523,0.000120172433976857,9.39177901867369e-05,76177
"107",NA,0,0,855,52,0.050302840048655,0.0484634688908732,0.0522120222689444,0.000120172433976857,9.39177901867369e-05,76177
"108",NA,0,0,855,52,0.0502422877229449,0.0484049967388741,0.0521493160975244,5.98944740762267e-05,4.67671521811665e-05,76177
"109",NA,0,0,855,52,0.050187080121326,0.0483516744883744,0.0520921568437097,5.98944740762267e-05,4.67671521811665e-05,76177
"110",NA,0,0,855,52,0.050136659024173,0.0483029642911999,0.0520399651448338,3.49782120469482e-19,3.49782120469482e-19,76177
"111",NA,0,0,855,52,0.0500905299659706,0.0482585223540124,0.0519920849185136,3.49782120469482e-19,3.49782120469482e-19,76177
"112",NA,0,0,855,52,0.0500482554849156,0.0482176615023543,0.0519483483652786,3.49782120469482e-19,3.49782120469482e-19,76177
"113",NA,0,0,855,52,0.050009448572744,0.0481801419158468,0.0519082104597819,3.49782120469482e-19,3.49782120469482e-19,76177
"114",NA,0,0,855,52,0.0499737666210613,0.04814576518215,0.0518711737335146,3.49782120469482e-19,3.49782120469482e-19,76177
"115",NA,0,0,855,52,0.0499409059752281,0.048113974947606,0.0518372072218629,3.49782120469482e-19,3.49782120469482e-19,76177
"116",NA,0,0,855,52,0.0499105971111698,0.0480847748380462,0.0518057475028977,3.49782120469482e-19,3.49782120469482e-19,76177
"117",NA,0,0,855,52,0.0498826004034774,0.0480576711603886,0.0517768290250394,3.49782120469482e-19,3.49782120469482e-19,76177
"118",NA,0,0,855,52,0.0498567024324805,0.0480327206533215,0.051749947611369,3.49782120469482e-19,3.49782120469482e-19,76177
"119",NA,0,0,855,52,0.0498327127712722,0.0480094779401533,0.051725187789788,3.49782120469482e-19,3.49782120469482e-19,76177
"120",NA,0,0,855,52,0.0498104611941806,0.0479880404839101,0.0517020911743386,3.49782120469482e-19,3.49782120469482e-19,76177
"121",NA,0,0,855,52,0.0497897952521612,0.0479681306489379,0.0516806404109271,3.49782120469482e-19,3.49782120469482e-19,76177
"122",NA,0,0,855,52,0.0497705781660042,0.0479494864294936,0.0516608338364741,3.49782120469482e-19,3.49782120469482e-19,76177
"123",NA,3,0,858,52,0.0499272578255832,0.0481004332235152,0.0518234640922864,0.000174570831557984,0.000135188865872803,76177
