"","date","cases","deaths","cum_cases","cum_deaths","p_cases","p_cases_low","p_cases_high","p_cases_active","p_cases_active_undetected","population"
"1",NA,1,0,1,0,NA,NA,NA,2.23310613339348e-08,0,44780675
"2",NA,1,0,2,0,0,NA,NA,4.46621226678696e-08,0,44780675
"3",NA,6,0,8,0,0,NA,NA,1.78648490671478e-07,0,44780675
"4",NA,1,1,9,1,0,NA,NA,2.00979552005413e-07,0,44780675
"5",NA,3,0,12,1,0,NA,NA,2.67972736007217e-07,0,44780675
"6",NA,7,0,19,1,2.25574376932554e-05,2.25148558033295e-05,2.26001001174456e-05,8.57860767562762e-06,8.15431751028286e-06,44780675
"7",NA,12,0,31,1,2.21574351492144e-05,8.30023327081746e-06,5.91491728452699e-05,1.71556793462913e-05,1.64634164449393e-05,44780675
"8",NA,3,1,34,2,3.03283446506544e-05,1.85448708869032e-05,4.95990775486318e-05,1.98317097566431e-05,1.90724536712893e-05,44780675
"9",NA,11,0,45,2,2.62805066203468e-05,1.36481590499126e-05,5.06049955672605e-05,2.62558335971723e-05,2.52509358371453e-05,44780675
"10",NA,11,0,56,2,2.27905282120871e-05,1.09075534560937e-05,4.76191272659555e-05,3.07325444959752e-05,2.94820050612748e-05,44780675
"11",NA,9,0,65,2,1.91912886575177e-05,8.5912890177349e-06,4.28696508260725e-05,3.33897998485545e-05,3.19382808618488e-05,44780675
"12",NA,14,0,79,2,1.75161933089087e-05,7.47753325001193e-06,4.10318507155507e-05,3.64939353716523e-05,3.47297815262714e-05,44780675
"13",NA,18,0,97,2,1.66333424974091e-05,6.90798277144871e-06,4.00504882235097e-05,3.95582039490128e-05,3.74144220609551e-05,44780675
"14",NA,31,1,128,3,2.59515682876481e-05,1.4624173557098e-05,4.60527833561975e-05,4.58210183323436e-05,4.30073046042679e-05,44780675
"15",NA,30,0,158,3,2.54222682216925e-05,1.40938142872861e-05,4.58564096533248e-05,5.0514044917826e-05,4.71643857177357e-05,44780675
"16",NA,67,1,225,4,3.83125565120309e-05,2.46670203414765e-05,5.95066597492292e-05,6.19003417956301e-05,5.70768325475002e-05,44780675
"17",NA,41,0,266,4,3.56894767102254e-05,2.27325931246729e-05,5.60313880983189e-05,6.73343581797458e-05,6.16622686009263e-05,44780675
"18",NA,35,0,301,4,3.16029996554646e-05,1.99449394923651e-05,5.00753380377824e-05,6.26984906419236e-05,5.6401131345754e-05,44780675
"19",NA,86,2,387,6,4.82097083646117e-05,3.55924118229739e-05,6.52997608636546e-05,6.48346874967292e-05,5.68848296618484e-05,44780675
"20",NA,115,2,502,8,6.67569894467096e-05,5.32168829499613e-05,8.37421395796227e-05,7.74515929158028e-05,6.70006562115214e-05,44780675
"21",NA,87,4,589,12,9.41377893961489e-05,8.11042264557753e-05,0.000109265864180653,8.49323717534824e-05,7.27842743878219e-05,44780675
"22",NA,101,5,690,17,0.000125269924967712,0.000112863817221609,0.000139039724933313,9.87922730600983e-05,8.46343801743836e-05,44780675
"23",NA,55,2,745,19,0.000122203285010493,0.000111176588415291,0.000134323629463898,0.000105156736735139,8.99716150280636e-05,44780675
"24",NA,75,1,820,20,0.000116165215844508,0.000106029827925152,0.000127269445176567,0.000112677468514893,9.61301520664472e-05,44780675
"25",NA,146,4,966,24,0.000137346623734003,0.000127247137206536,0.00014824769708187,0.000130349261283201,0.000110943568984012,44780675
"26",NA,0,0,966,24,0.000116518223145328,0.000107832433329098,0.000125903644254319,0.000124064115838536,0.000105350686440699,44780675
"27",NA,167,7,1133,31,0.000151751373886836,0.000142929978606467,0.00016111721068641,0.000141604692857779,0.000119831908057192,44780675
"28",NA,0,3,1133,34,0.00014503112264816,0.000137272766882977,0.000153227963668255,0.000130196064918641,0.000109919461227428,44780675
"29",NA,132,3,1265,37,0.000155210884178845,0.000147516297660126,0.00016330682744684,0.00014089097369962,0.000118582243427019,44780675
"30",NA,186,6,1451,43,0.000184341518838287,0.000176425002553153,0.000192613263856231,0.000160846476803626,0.000135165756269601,44780675
"31",NA,103,3,1554,46,0.000189153152448731,0.00018150105068235,0.000197127867562104,0.000162670386336213,0.000136610037759511,44780675
"32",NA,74,7,1628,53,0.000204951885064629,0.000197706328331322,0.000212462977518612,0.000156693445282452,0.000131548670220442,44780675
"33",NA,87,7,1715,60,0.000220450488119855,0.000213516260707189,0.000227609913883464,0.000153971745208574,0.000128826970146564,44780675
"34",NA,80,5,1795,65,0.000226962975746513,0.000220324031087827,0.000233801969332969,0.000145750474540605,0.000121074651766607,44780675
"35",NA,99,14,1894,79,0.000266131916121174,0.000259679021899775,0.000272745161546641,0.000150639557886794,0.000124981168414103,44780675
"36",NA,81,3,1975,82,0.000265074363811064,0.000258837453510575,0.000271461557811105,0.00015088609487189,0.000125093719031196,44780675
"37",NA,162,7,2137,89,0.000288076196790489,0.000281786095896731,0.000294506706916037,0.000151965954163559,0.000125816281341521,44780675
"38",NA,66,6,2203,95,0.000294556267400702,0.000288487951067785,0.00030075223018464,0.00016079060856594,0.000133167085695863,44780675
"39",NA,69,3,2272,98,0.000292077715400262,0.000286207980943302,0.000298067830087298,0.000147293336534505,0.000121858257675153,44780675
"40",NA,160,7,2432,105,0.00031346170424106,0.000307540916010604,0.000319496479688972,0.00016791581707668,0.000138907768403898,44780675
"41",NA,0,4,2432,109,0.000305543026678062,0.000299949904410256,0.000311240443083798,0.000151719898727583,0.000125659550150881,44780675
"42",NA,128,6,2560,115,0.000319643857566416,0.000314061835666715,0.000325325092311965,0.0001440718211001,0.000119306674080766,44780675
"43",NA,98,7,2658,122,0.000332957833659001,0.000327439872852035,0.000338568782198957,0.000143810740746551,0.000119157249033887,44780675
"44",NA,170,10,2828,132,0.000363485093578433,0.000357873514243256,0.000369184664400494,0.000156344981440594,0.000129547707839872,44780675
"45",NA,102,2,2930,134,0.000363146182626409,0.000357597875039085,0.000368780574945307,0.000157803727856022,0.000130671488335292,44780675
"46",NA,90,8,3020,142,0.000377079540398922,0.000371604105364344,0.000382635653737062,0.000158925856065561,0.000131570305931491,44780675
"47",NA,112,9,3132,151,0.000395854589278721,0.00039040758651178,0.000401377589132216,0.000159170773359445,0.000131524919428033,44780675
"48",NA,144,8,3276,159,0.000415721764714525,0.000410249755331979,0.000421266761067308,0.000166572853234773,0.000137520142439324,44780675
"49",NA,147,6,3423,165,0.000430390334985806,0.000424897115538237,0.000435954572707671,0.000163217622056965,0.000134499877181525,44780675
"50",NA,0,2,3423,167,0.000416239647747064,0.000410968775043396,0.000421578121934702,0.000154392967654584,0.000127149072827183,44780675
"51",NA,344,18,3767,185,0.000485588041497169,0.000479968571169892,0.000491273304563088,0.000189866235132729,0.000156481298438497,44780675
"52",NA,0,1,3767,186,0.000467651095002415,0.000462249111125942,0.000473116208107478,0.000169243754590554,0.000139431787709751,44780675
"53",NA,223,11,3990,197,0.000502470771641843,0.000496941909889931,0.000508061146241964,0.00019732670749184,0.00016253491393357,44780675
"54",NA,124,10,4114,207,0.00052179673679435,0.000516286668094014,0.000527365611694727,0.000197071980671492,0.000162369511358558,44780675
"55",NA,158,7,4272,214,0.000537098466657311,0.000531575246782661,0.000542679074376802,0.000204660479814329,0.000168618146821358,44780675
"56",NA,143,4,4415,218,0.000542477762775376,0.000536973886093649,0.000548038053110192,0.000200380871768602,0.000164941477431648,44780675
"57",NA,104,7,4519,225,0.000550150757905438,0.000544706458104085,0.00055564947307104,0.000200400059907986,0.000164916003448364,44780675
"58",NA,149,12,4668,237,0.000575207882806329,0.000569752351371661,0.000580715652416342,0.000207522910327696,0.000170721321249371,44780675
"59",NA,102,9,4770,246,0.00058698058252558,0.0005815754069732,0.000592435993907058,0.00020591897670143,0.000169340698236444,44780675
"60",NA,104,14,4874,260,0.000610664543479418,0.000605287471969277,0.000616089382206567,0.000200675675657124,0.000164990639645496,44780675
"61",NA,133,4,5007,264,0.000614541556214553,0.000609187360715909,0.000619942810157423,0.00019851660699896,0.000163144205846007,44780675
"62",NA,188,9,5195,273,0.000637058877546449,0.000631651136293108,0.000642512915978378,0.000221570903241257,0.000182000262557525,44780675
"63",NA,163,9,5358,282,0.000656393176134157,0.000650958758798559,0.000661872961769018,0.000197195979208505,0.000161667260626215,44780675
"64",NA,240,11,5598,293,0.000689413608147613,0.000683872550531192,0.000694999562023556,0.000226752832719657,0.000185864659417222,44780675
"65",NA,165,7,5763,300,0.000703092805473158,0.000697539160234913,0.000708690667548523,0.000218800074665338,0.000179207102920271,44780675
"66",NA,13,0,5776,300,0.000681597217770342,0.00067620243329157,0.000687035042170504,0.000204606674367582,0.000167492450430583,44780675
"67",NA,245,5,6021,305,0.000699090588422711,0.000693620982082533,0.000704603325801726,0.000213188713322192,0.00017413168704914,44780675
"68",NA,529,14,6550,319,0.000770646385138963,0.000764821676744984,0.000776515453190763,0.000257858076392639,0.000210181260444689,44780675
"69",NA,316,10,6866,329,0.000806583706909202,0.000800625440111732,0.000812586315219509,0.000282319055659845,0.0002299080547091,44780675
"70",NA,255,24,7121,353,0.000866785424807303,0.000860718233948551,0.000872895383210026,0.000294997955170983,0.000240219861718841,44780675
"71",NA,345,3,7466,356,0.000883304360236936,0.000877149342070076,0.000889502568595954,0.000323263206938522,0.000263058665582233,44780675
"72",NA,326,7,7792,363,0.000904782850100584,0.000898559976753961,0.000911048819237906,0.000348087131767805,0.000282925094795383,44780675
"73",NA,0,3,7792,366,0.000877182890723215,0.000871175439749355,0.0008832317678732,0.000331763179905106,0.000269571174090097,44780675
"74",NA,566,16,8358,382,0.000944486483392204,0.000938215165787398,0.000950799720405196,0.000372669083423516,0.00030203593642428,44780675
"75",NA,438,11,8796,393,0.000984220772626395,0.000977812908595907,0.000990670629067774,0.000401710051233095,0.000324935862367028,44780675
"76",NA,474,10,9270,403,0.00102293858975302,0.00101639096155939,0.00102952839800982,0.00042445879551514,0.000342459138296932,44780675
"77",NA,648,13,9918,416,0.00108511575877817,0.00107831990167756,0.00109195444516689,0.000475225456051139,0.00038243989620864,44780675
"78",NA,718,17,10636,433,0.00116130853780853,0.00115423386724603,0.00116842657130206,0.000552087359654078,0.000443558401571155,44780675
"79",NA,704,12,11340,445,0.00121700237859064,0.00120971994443816,0.00122432865251565,0.000599193605203783,0.000480414689968583,44780675
"80",NA,723,7,12063,452,0.00125417352526291,0.00124673687788103,0.00126165453142272,0.000612122930697506,0.000489011789563524,44780675
"81",NA,552,15,12615,467,0.00128930826687764,0.00128182447158981,0.00129683575550505,0.000631417632607778,0.000503036360998987,44780675
"82",NA,600,17,13215,484,0.00132977254700121,0.00132223126384742,0.00133735684150494,0.000660754010977671,0.000524668523208672,44780675
"83",NA,705,16,13920,500,0.00137406774565956,0.00136643494249316,0.00138174318509233,0.000689528766321721,0.000545404096472506,44780675
"84",NA,769,8,14689,508,0.00139901623474408,0.0013913140041724,0.00140676110440054,0.000724916096491665,0.000570898766471516,44780675
"85",NA,717,12,15406,520,0.00142641689939566,0.00141867392524282,0.00143420213389295,0.000791301979710326,0.000621273278713746,44780675
"86",NA,795,8,16201,528,0.0014465768279436,0.00143879098963567,0.00145440479834617,0.000798326816565578,0.000623184302523528,44780675
"87",NA,637,11,16838,539,0.00145796332152714,0.00145021119711497,0.00146575688502971,0.000804473538231218,0.000624887142983715,44780675
"88",NA,564,17,17402,556,0.00147725548988294,0.00146954997913902,0.00148500140408142,0.000800045891035308,0.000618449700267751,44780675
"89",NA,904,13,18306,569,0.00151320414473981,0.00150541886932206,0.00152102968171836,0.000803875166256778,0.000616562223787732,44780675
"90",NA,949,14,19255,583,0.0015536130263846,0.00154573484416543,0.00156153136151571,0.000802050412787623,0.000609578995150439,44780675
"91",NA,0,5,19255,588,0.00149360745467072,0.00148606437860231,0.0015011888184455,0.000726497531435964,0.00054974718097787,44780675
"92",NA,1769,44,21024,632,0.00167300340632746,0.00166492854100294,0.00168111743456402,0.00079209795602017,0.00059198931540678,44780675
"93",NA,983,16,22007,648,0.00171593846749993,0.00170777559837912,0.0017241403537096,0.00081232800066135,0.000602594672613034,44780675
"94",NA,774,16,22781,664,0.00173835341947895,0.00173019868456909,0.00174654658910851,0.000811014144709083,0.000597395211988663,44780675
"95",NA,826,29,23607,693,0.00179506932510595,0.0017868579915072,0.00180331839309645,0.000804231148206954,0.000587910157065128,44780675
"96",NA,1141,24,24748,717,0.00185994305748301,0.00185159925290054,0.00186832446149461,0.000816741893238431,0.000592113747280381,44780675
"97",NA,1239,18,25987,735,0.00191381207168142,0.00190534349396519,0.00192231828922939,0.000841602139115597,0.000605317179141233,44780675
"98",NA,1373,30,27360,765,0.00200512796360027,0.00199645345529523,0.00201384016228779,0.000871239934883526,0.000622047621458147,44780675
"99",NA,1391,20,28751,785,0.00206682106651688,0.00205800345785054,0.00207567645462537,0.000916078300849728,0.000650048367178563,44780675
"100",NA,1531,30,30282,815,0.00215939423825479,0.0021503687003306,0.00216845765821048,0.000977375192692442,0.000689751122711362,44780675
"101",NA,1282,18,31564,833,0.00219678848675012,0.00218770987670492,0.00220590477142541,0.0009918735849626,0.000695808373797293,44780675
"102",NA,1208,21,32772,854,0.0022320387968227,0.00222293290048392,0.00224118199403912,0.000997576959162638,0.000695728003111841,44780675
"103",NA,1374,24,34146,878,0.00228265877020975,0.00227347903640797,0.00229187556945674,0.00108942880565324,0.00075689697132962,44780675
"104",NA,1393,35,35539,913,0.00235989202820914,0.00235059314560764,0.0023692276969375,0.00104115827989546,0.000717022924633399,44780675
"105",NA,0,16,35539,929,0.00229521282939994,0.00228624444197879,0.00230421639764929,0.000964511416917663,0.000662327494946858,44780675
"106",NA,4018,50,39557,979,0.00257734977013326,0.00256754637686974,0.00258719059466593,0.00116724382949509,0.000792617944557,44780675
"107",NA,1634,13,41191,992,0.00260553860966331,0.00259568733137909,0.00261542727599604,0.00120779377840002,0.000815124395904115,44780675
"108",NA,1581,19,42772,1011,0.00263777009881125,0.00262788572704745,0.00264769164905819,0.00121954263626364,0.000817047586780804,44780675
"109",NA,2146,32,44918,1043,0.00273151994167436,0.00272143725081303,0.00274163998803781,0.0012587974599002,0.00083604813778748,44780675
"110",NA,0,6,44918,1049,0.00262522975009532,0.00261555931084458,0.00263493594360898,0.00115817462751631,0.000766085852615085,44780675
"111",NA,4920,36,49838,1085,0.00288150055592071,0.00287105564720113,0.00289198346324832,0.00134264122003308,0.000871746129684395,44780675
"112",NA,2606,39,52444,1124,0.00300605611730612,0.00299533914181929,0.00301681143688628,0.00138284060994949,0.000887939628666829,44780675
"113",NA,0,43,52444,1167,0.00298162471779217,0.00297117754292711,0.00299210862673357,0.0012936160870749,0.00082734352642234,44780675
"114",NA,5287,40,57731,1207,0.00324206663507926,0.00323087816089471,0.00325329385475292,0.00150824967975379,0.000950888719920113,44780675
"115",NA,0,10,57731,1217,0.00312269877415865,0.00311195592349294,0.00313347871045258,0.00141639783326319,0.000889719751702334,44780675
"116",NA,4524,63,62255,1280,0.0033823394742373,0.00337096242586655,0.00339375492031567,0.00156968937873211,0.000973092744134709,44780675
"117",NA,2262,27,64517,1307,0.00341988143295223,0.00340847812362474,0.0034313228928733,0.00168959222296445,0.00104248272762969,44780675
"118",NA,2667,44,67184,1351,0.00351623758256862,0.00350467643579105,0.00352783686699377,0.00156738198161483,0.000950441750142216,44780675
"119",NA,2744,34,69928,1385,0.00358450984048985,0.00357284398228578,0.00359621378942732,0.00160468069805283,0.000962952988499551,44780675
"120",NA,2845,52,72773,1437,0.00369934095421406,0.00368748289968361,0.00371123714138433,0.00165180231949318,0.000981848148413807,44780675
"121",NA,0,16,72773,1453,0.00357723292122543,0.00356581316467013,0.00358868925031938,0.0015213013667608,0.000899269653304049,44780675
"122",NA,2590,37,75363,1490,0.00363849624739629,0.00362699613546058,0.00365003282272197,0.00164634555662528,0.000966476394313632,44780675
"123",NA,2439,33,77802,1523,0.00368628054973302,0.00367472839150162,0.00369786902421574,0.00147744475036257,0.000852978951220417,44780675
"124",NA,2632,79,80434,1602,0.003855782238209,0.00384393730619069,0.00386766366988986,0.0014542412772742,0.000829194870537368,44780675
"125",NA,2979,52,83413,1654,0.00397599441394371,0.00396392735530617,0.00398809820733725,0.00159623937540205,0.000904668736951426,44780675
"126",NA,7267,53,90680,1707,0.00429968949060891,0.00428679233787312,0.00431262544544556,0.00164390379439638,0.000908117654504562,44780675
"127",NA,3367,42,94047,1749,0.00440106436103456,0.0043879786900785,0.0044141890556041,0.00180146739242293,0.000990492569019757,44780675
"128",NA,3462,61,97509,1810,0.00453998891590441,0.00452665547604881,0.00455336162992596,0.00171686628260104,0.000929607046334501,44780675
"129",NA,2644,8,100153,1818,0.00449826256348585,0.00448506750904206,0.00451149643773814,0.00171571580941956,0.000919926107723455,44780675
"130",NA,2952,85,103105,1903,0.00465523989496959,0.00464180238299213,0.00466871630707963,0.00170941610316627,0.000907262048989994,44780675
