"","date","cases","deaths","cum_cases","cum_deaths","p_cases","p_cases_low","p_cases_high","p_cases_active","p_cases_active_undetected","population"
"3901","2020/03/06",2,0,2,0,NA,NA,NA,6.05877374054756e-07,0,3300998
"3900","2020/03/12",1,0,3,0,0,NA,NA,9.08816061082133e-07,0,3300998
"3899","2020/03/13",0,0,3,0,0,NA,NA,9.08816061082133e-07,0,3300998
"3898","2020/03/16",15,0,18,0,0,NA,NA,5.4528963664928e-06,0,3300998
"3897","2020/03/17",3,0,21,0,0,0,NA,6.36171242757493e-06,0,3300998
"3896","2020/03/18",9,0,30,0,0,0,NA,9.08816061082133e-06,0,3300998
"3895","2020/03/19",5,0,35,0,0,0,NA,1.06028540459582e-05,0,3300998
"3894","2020/03/20",9,0,44,0,0,0,NA,1.33293022292046e-05,0,3300998
"3893","2020/03/21",18,0,62,0,0,0,NA,1.87821985956974e-05,0,3300998
"3892","2020/03/22",30,1,92,1,0.000186297481253929,3.13005942305519e-05,0.00110882085068153,7.95313772654569e-05,5.16610180589382e-05,3300998
"3891","2020/03/23",33,0,125,1,0.000181693077294116,2.91104159978919e-05,0.00113403993742296,0.000127498349671104,8.96310137926813e-05,3300998
"3890","2020/03/24",6,0,131,1,0.000136405484692284,2.10536890129906e-05,0.00088376228235614,0.000133745929122659,9.4060961122072e-05,3300998
"3889","2020/03/25",33,1,164,2,0.000250723347063195,0.000100488856597979,0.000625563857434075,0.000183590481340588,0.000134514414042153,3300998
"3888","2020/03/26",9,1,173,3,0.000302425073987175,0.000165370709500696,0.000553066051734893,0.000199020638988154,0.000147521062193499,3300998
"3887","2020/03/27",40,0,213,3,0.000293093138520824,0.000158554906078963,0.000541790790158239,0.00025406160396859,0.000190444479692841,3300998
"3886","2020/03/28",20,1,233,4,0.000345663288002022,0.000218502179794569,0.000546827994048866,0.000279188192161207,0.000214056374450321,3300998
"3885","2020/03/29",24,1,257,5,0.000392318965495608,0.00027189281473171,0.000566083994677898,0.000314916166652244,0.000243422636513783,3300998
"3884","2020/03/30",66,1,323,6,0.000495986293239572,0.000365323341757574,0.000673382658490998,0.000413536762908043,0.000324775727609022,3300998
"3883","2020/03/31",30,2,353,8,0.000611969307079246,0.000487455291518358,0.000768288783245156,0.000464030792454145,0.000367696289979439,3300998
"3882","2020/04/01",60,4,413,12,0.00091319974763288,0.000786979657331598,0.00105966370452873,0.000593972588479066,0.000482188212965963,3300998
"3881","2020/04/02",51,1,464,13,0.000950537074805181,0.000827549696725212,0.00109180238256942,0.000692996827489866,0.00057121547530486,3300998
"3880","2020/04/03",68,4,532,17,0.00122442214757178,0.0011022837574453,0.00136009406410824,0.000788752735351838,0.000655459713059792,3300998
"3879","2020/04/04",54,1,586,18,0.00123248392495886,0.00111480414386334,0.00136258609518427,0.000854359366952639,0.000714704632233018,3300998
"3878","2020/04/05",46,3,632,21,0.0013449097841037,0.00123384630443909,0.0014659705352849,0.000946000790774455,0.000794228508573739,3300998
"3877","2020/04/06",31,3,663,24,0.0014087146535664,0.00130607278568955,0.00151942295782925,0.000961417863837913,0.000810251459011252,3300998
"3876","2020/04/07",32,4,695,28,0.0015202221460897,0.00142467265052254,0.00162217992506133,0.00101568060732328,0.000857546612694987,3300998
"3875","2020/04/08",86,4,781,32,0.00174252809476053,0.00164611787962597,0.00184458488581614,0.00115251853626013,0.000980449362028584,3300998
"3874","2020/04/09",35,3,816,35,0.00179255549542552,0.00170123211030856,0.00188878118671145,0.00119973443925707,0.00102312118472011,3300998
"3873","2020/04/10",59,1,875,36,0.00178978301720428,0.00170035690872914,0.00188391227290454,0.00128378016072216,0.00109656405213924,3300998
"3872","2020/04/11",26,1,901,37,0.00172478138609323,0.00164026938057862,0.00181364772459768,0.00123220483219701,0.00105710627109519,3300998
"3871","2020/04/12",47,0,948,37,0.00166240195332403,0.00158033098810104,0.00174873509108135,0.00126261477145863,0.00108236625267734,3300998
"3870","2020/04/13",59,1,1007,38,0.00167210951115901,0.00159125331035002,0.0017570742502923,0.00122791520764608,0.00104796962755181,3300998
"3869","2020/04/14",21,0,1028,38,0.00158195628154915,0.00150502578258799,0.00166281913950301,0.00115575429981016,0.000984896880326716,3300998
"3868","2020/04/15",45,1,1073,39,0.00157793337748957,0.00150281166338637,0.00165681023408155,0.00106542535678917,0.00090153552710736,3300998
"3867","2020/04/16",27,1,1100,40,0.00155261418443264,0.00148023626386318,0.00162853110989871,0.000989961373673343,0.000834250888541271,3300998
"3866","2020/04/17",52,1,1152,41,0.00156687697644717,0.00149533581174524,0.00164184087616735,0.000962799456142379,0.000805271338888143,3300998
"3865","2020/04/18",58,3,1210,44,0.00166719811007296,0.0015960079762291,0.0017415636886716,0.000976847234796219,0.000811139772992243,3300998
"3864","2020/04/19",44,1,1254,45,0.00167259556084017,0.00160251885076546,0.0017457366625085,0.000965538958514513,0.000796196232466209,3300998
"3863","2020/04/20",15,1,1269,46,0.00164094392306031,0.00157346949880441,0.00171131182439481,0.000793056564869801,0.000645222485600441,3300998
"3862","2020/04/21",31,2,1300,48,0.0016678506975663,0.00160191581251237,0.00173649946373252,0.000755941817701415,0.000609319493180164,3300998
"3861","2020/04/22",40,2,1340,50,0.00170832189308336,0.00164328694184829,0.00177593067654117,0.000686253989059834,0.000545387499592104,3300998
"3860","2020/04/23",27,2,1367,52,0.00173411004803944,0.00167044543395565,0.00180020107067513,0.000670733166560027,0.000529563738405269,3300998
"3859","2020/04/24",46,1,1413,53,0.00175243206641404,0.00168914672001752,0.00181808845318324,0.000645364663591795,0.000504498174124064,3300998
"3858","2020/04/25",7,1,1420,54,0.00172494128759384,0.00166365239054004,0.00178848806551473,0.000555899214895589,0.000430785537153282,3300998
"3857","2020/04/26",65,2,1485,56,0.00180214495880224,0.00174023985727597,0.00186625219446476,0.000602464753227714,0.000464021773256202,3300998
"3856","2020/04/27",31,2,1516,58,0.00183916221199598,0.00177800903404037,0.00190241870388446,0.000573896807983376,0.000439694969630248,3300998
"3855","2020/04/28",48,2,1564,60,0.00189657198861133,0.00183546282084503,0.0019597157006586,0.000593994000042465,0.000453430449261762,3300998
"3854","2020/04/29",24,2,1588,62,0.00192451647482453,0.00186435972392842,0.00198661428603851,0.00055235280560723,0.000420271538063293,3300998
"3853","2020/04/30",1,2,1589,64,0.00192438066392505,0.00186596686424468,0.00198462309843195,0.000473648588277762,0.000358834825894386,3300998
"3852","2020/05/01",100,0,1689,64,0.00198345936366829,0.0019231544413049,0.00204565528531034,0.000532394971670729,0.00040061664281382,3300998
"3851","2020/05/02",93,5,1782,69,0.0021903691750433,0.00212838977829631,0.00225415343181184,0.000627310667402092,0.000471903120957047,3300998
"3850","2020/05/03",58,2,1840,71,0.00225756704793002,0.00219533770304852,0.002321560354392,0.000658701282629827,0.000495114391635043,3300998
"3849","2020/05/04",17,5,1857,76,0.00236256705657836,0.00230150864035837,0.00242524533645035,0.000629334838328966,0.000472715537135812,3300998
"3848","2020/05/05",69,1,1926,77,0.0024039474740064,0.0023424928687854,0.00246701432255723,0.000681206673734417,0.000511863947686113,3300998
"3847","2020/05/06",20,1,1946,78,0.00238354222924513,0.00232326149922815,0.00244538703907517,0.000648653351348231,0.000487187031162638,3300998
"3846","2020/05/07",40,6,1986,84,0.00253938797063148,0.00247950636012649,0.00260071575902668,0.000691295899520556,0.00051983260266306,3300998
"3845","2020/05/08",41,6,2027,90,0.00269500897271587,0.00263544813989731,0.00275591587368592,0.000666925908625523,0.000502733140256685,3300998
"3844","2020/05/09",43,8,2070,98,0.00291181505226655,0.00285242356368049,0.00297244315555506,0.000689804689705715,0.000521976657092547,3300998
"3843","2020/05/10",22,3,2092,101,0.00294988407144765,0.00289133188845759,0.00300962199106883,0.00066261960217276,0.000502667975422304,3300998
"3842","2020/05/11",25,6,2117,107,0.00307932487885339,0.00302138927237024,0.00313837140954921,0.000669897963095789,0.000509643397658306,3300998
"3841","2020/05/12",25,5,2142,112,0.00317980561569192,0.00312243813187694,0.00323822709259188,0.000705799476329932,0.000538274382403792,3300998
"3840","2020/05/13",16,4,2158,116,0.00323963095008477,0.00318301555180684,0.00329725335045551,0.000612385035979508,0.000470306791763668,3300998
"3839","2020/05/14",23,4,2181,120,0.00331184024636428,0.00325571155917427,0.00336893659591269,0.000532998252935849,0.000412125716811925,3300998
"3838","2020/05/15",35,3,2216,123,0.00337733320950843,0.00332133911260267,0.00343427130483832,0.000515178170029906,0.000401273223707612,3300998
"3837","2020/05/16",21,4,2237,127,0.00345098326744889,0.00339539907464513,0.00350747739820742,0.00052594628706441,0.000410829585994006,3300998
"3836","2020/05/17",30,2,2267,129,0.00348568893780223,0.00343029574378323,0.00354197663368719,0.00048595089310771,0.000382648800831374,3300998
"3835","2020/05/18",22,3,2289,132,0.00353672915988613,0.0034816617315656,0.00359266755784578,0.000495446210661164,0.000391538241010774,3300998
"3834","2020/05/19",14,0,2303,132,0.00349704240061543,0.00344253066100568,0.00355241732200854,0.000465559047206548,0.000369527483418869,3300998
"3833","2020/05/20",16,1,2319,133,0.00348963309885072,0.00343556218177894,0.00354455501611354,0.000435124085329251,0.000346665988717257,3300998
"3832","2020/05/21",15,2,2334,135,0.00350945851759201,0.00345577990546267,0.00356397091933729,0.000397191466635556,0.000317215653260329,3300998
"3831","2020/05/22",18,4,2352,139,0.00358774330009943,0.00353429266554208,0.00364200229169025,0.000393626960352217,0.000314862901725099,3300998
"3830","2020/05/23",20,2,2372,141,0.00361931814471465,0.00356606034161907,0.00367337133356337,0.000387779724519273,0.000310530359327292,3300998
"3829","2020/05/24",19,0,2391,141,0.00360016428350032,0.00354714332871357,0.0036539777694554,0.000379275730068387,0.00030384399699857,3300998
"3828","2020/05/25",9,2,2400,143,0.00361873410658153,0.00356609045710619,0.00367215489669965,0.000368826476387273,0.000295515314126647,3300998
"3827","2020/05/26",5,2,2405,145,0.00363270373821653,0.0035804937152075,0.00368567507704383,0.00034145346205114,0.000273595196157007,3300998
"3826","2020/05/27",10,4,2415,149,0.00370586053110916,0.00365388491762797,0.00375857548489735,0.000303456283585413,0.000243171484866965,3300998
"3825","2020/05/28",19,1,2434,150,0.00372015519120154,0.00366826632822881,0.00377277803962126,0.00030009975846745,0.000240420837123057,3300998
"3824","2020/05/29",28,2,2462,152,0.00377499678580167,0.00372294877681551,0.00382777244252134,0.000296904962192115,0.000237831918221777,3300998
"3823","2020/05/30",22,0,2484,152,0.00377200267088881,0.00371996391565986,0.00382476939878287,0.000296320238812844,0.000237247194842505,3300998
"3822","2020/05/31",9,0,2493,152,0.00374965545027655,0.00369789376363221,0.00380214167699033,0.000288598284671095,0.000231039934135894,3300998
"3821","2020/06/01",16,0,2509,152,0.00373837455542294,0.00368673803807762,0.00379073429473195,0.000288361245538346,0.000230802895003145,3300998
"3820","2020/06/02",14,1,2523,153,0.00374949542539292,0.00369798687347491,0.00380172143007956,0.000286612646262969,0.000229357234414794,3300998
"3819","2020/06/03",11,3,2534,156,0.0038057463413704,0.00375436128176226,0.0038578346962005,0.000275676030821376,0.000220541189782393,3300998
"3818","2020/06/04",16,0,2550,156,0.00379706319692591,0.00374576737634165,0.00384906148003521,0.00026898372467934,0.000215060638388467,3300998
"3817","2020/06/05",43,2,2593,158,0.00387835131974295,0.00382653915900614,0.0039308650282462,0.000304690262143397,0.000243496647363867,3300998
"3816","2020/06/06",12,0,2605,158,0.00386441448964491,0.0038127623273692,0.00391676639285349,0.000308921534723847,0.000246819103883234,3300998
"3815","2020/06/07",31,0,2636,158,0.00387784340313336,0.00382598454400553,0.0039304051770898,0.000346973516030324,0.000276994679326999,3300998
"3814","2020/06/08",37,1,2673,159,0.00392383768217083,0.00387163872267455,0.00397674040861638,0.000385942589340502,0.000307784408087438,3300998
"3813","2020/06/09",30,0,2703,159,0.00393353891779189,0.0038811842220903,0.00398659984489225,0.000400560238013927,0.000319069731203562,3300998
"3812","2020/06/10",24,0,2727,159,0.00393281426482458,0.00388044038065866,0.00398589503364109,0.000392239926179549,0.000311961174117294,3300998
"3811","2020/06/11",49,1,2776,160,0.00399141456231994,0.00393853368842085,0.0040450054433043,0.000429286138327906,0.000340828041715911,3300998
"3810","2020/06/12",55,0,2831,160,0.00403168464516825,0.00397824047813006,0.00408584678765466,0.00049407609402649,0.000391682817811236,3300998
"3809","2020/06/13",61,2,2892,162,0.00412799965778829,0.0040738623058068,0.00418285643832666,0.000557306852258998,0.000441281335127512,3300998
"3808","2020/06/14",48,1,2940,163,0.00417657475551562,0.0041220702594342,0.00423179994287743,0.000604690066481726,0.000478364633991309,3300998
"3807","2020/06/15",61,0,3001,163,0.00421341151371783,0.00415838821539288,0.00426916287378251,0.000673813615517925,0.000532341248676139,3300998
"3806","2020/06/16",38,1,3039,164,0.0042395136020753,0.00418441633703472,0.00429533634669785,0.000703000263235346,0.000554863245278958,3300998
"3805","2020/06/17",45,3,3084,167,0.00432372262740559,0.00426840513184502,0.00437975702429596,0.000701774480956742,0.000553031585626299,3300998
"3804","2020/06/18",60,0,3144,167,0.00434862742438244,0.00429294880046868,0.00440502818808984,0.000766962028461009,0.000603678076153253,3300998
"3803","2020/06/19",58,0,3202,167,0.00436799722269801,0.00431202667672028,0.00442469427207005,0.00080047814787969,0.000629014851022194,3300998
"3802","2020/06/20",86,1,3288,168,0.00444846324415825,0.00439172259238435,0.00450593697993187,0.000862516645473729,0.000676209352951892,3300998
"3801","2020/06/21",66,1,3354,169,0.00449782952219645,0.00444071957552998,0.00455567393226525,0.000907367439054371,0.000710154353799548,3300998
"3800","2020/06/22",77,0,3431,169,0.00453035891092098,0.0044727863028745,0.00458867257945477,0.000974427504968367,0.000761158669301093,3300998
"3799","2020/06/23",93,1,3524,170,0.00460563222550084,0.00454736325691552,0.00466464784055098,0.00102551863955863,0.000798920501662152,3300998
"3798","2020/06/24",63,1,3587,171,0.00463650416514799,0.00457810024739713,0.00469565315561992,0.00102862490767454,0.000799603260281841,3300998
"3797","2020/06/25",88,1,3675,172,0.00469469919154788,0.00463581609830625,0.00475433020459397,0.00105397166223721,0.000816770670294769,3300998
"3796","2020/06/26",119,2,3794,174,0.00481508935298152,0.0047552625202275,0.00487566887812679,0.00113680947446109,0.000878099835739714,3300998
"3795","2020/06/27",140,3,3934,177,0.00498430653702731,0.00492325750025965,0.00504611258983365,0.00122854277856679,0.000945900983570243,3300998
"3794","2020/06/28",173,2,4107,179,0.00515877672190597,0.0050961577135716,0.00522216516094189,0.00139283562631358,0.00106929710856834,3300998
"3793","2020/06/29",108,3,4215,182,0.00526917786990191,0.00520608894119927,0.00533303132894004,0.00146475725157963,0.00112213359655166,3300998
"3792","2020/06/30",128,1,4343,183,0.00533496602326697,0.00527132644623566,0.00539937390706243,0.00153900411020429,0.00117578062445847,3300998
"3791","2020/07/01",110,2,4453,185,0.00539817620046145,0.00533432387243845,0.00546279284649203,0.00159323177659735,0.0012142554791261,3300998
"3790","2020/07/02",153,2,4606,187,0.00550552171453533,0.00544093827361025,0.00557087175501217,0.00165975892814529,0.00126048573864321,3300998
"3789","2020/07/03",182,1,4788,188,0.00560940214553668,0.00554382925388287,0.00567575063902144,0.00178447354347295,0.00135005946627569,3300998
"3788","2020/07/04",172,2,4960,190,0.00572105152995629,0.00565471310238067,0.00578816820868162,0.00188119255386076,0.0014179993013959,3300998
"3787","2020/07/05",289,0,5249,190,0.00589224702338383,0.00582383854901903,0.00596145904326686,0.00208406373905398,0.00156149450393175,3300998
"3786","2020/07/06",144,3,5393,193,0.00597638131167815,0.00590785608740564,0.00604570136004457,0.00216220788038516,0.00161510061161372,3300998
"3785","2020/07/07",64,3,5457,196,0.00595901506834812,0.0058915149921124,0.00602728850428809,0.00211967825430954,0.00157984151402675,3300998
"3784","2020/07/08",161,10,5618,206,0.0062537763338023,0.00618584711340332,0.00632245151169091,0.00214787147177948,0.00159531130664154,3300998
"3783","2020/07/09",250,1,5868,207,0.00636921799757592,0.00630023436573599,0.00643895695710457,0.00224184788328148,0.00165596446257054,3300998
"3782","2020/07/10",219,6,6087,213,0.00659777728288126,0.0065279684217043,0.00666833266683285,0.00226192058325467,0.00166210198294046,3300998
"3781","2020/07/11",315,2,6402,215,0.00679443874084165,0.00672303318392687,0.00686660269852864,0.00246121893015649,0.00179869202162761,3300998
"3780","2020/07/12",318,3,6720,218,0.00700824820733206,0.00693537107456666,0.00708189113567248,0.00263562331550153,0.00191553805643745,3300998
"3779","2020/07/13",164,2,6884,220,0.00701121280656442,0.00693877634850603,0.007084405455656,0.00266930578605733,0.00193286183789377,3300998
"3778","2020/07/14",95,4,6979,224,0.00699555815720667,0.00692428928156434,0.00706756057421749,0.00258165127945242,0.00186277777513645,3300998
"3777","2020/07/15",197,1,7176,225,0.00698482909251356,0.00691384693633506,0.0070565399987703,0.00256018024863094,0.00183676266400957,3300998
"3776","2020/07/16",231,8,7407,233,0.00722446623892671,0.00715309839024733,0.00729654613846116,0.00258709631714237,0.00184580534998638,3300998
"3775","2020/07/17",274,6,7681,239,0.0074419537431092,0.00736990666149377,0.00751470514598781,0.00252815299125401,0.00179140610440343,3300998
"3774","2020/07/18",227,4,7908,243,0.00754687435683584,0.00747473579929294,0.00761970912246209,0.0025852098129733,0.00182331901509945,3300998
"3773","2020/07/19",0,0,7908,243,0.00731191371066645,0.00724194229229398,0.00738256119067977,0.00251532215228533,0.00177281943038122,3300998
"3772","2020/07/20",256,2,8164,245,0.0073794320577529,0.00730922023432268,0.00745031833071281,0.00256750031048766,0.00179621841331595,3300998
"3771","2020/07/21",427,11,8591,256,0.00787810458792406,0.00780575623414978,0.00795112350892294,0.00268771327477254,0.00186281122999699,3300998
"3770","2020/07/22",195,5,8786,261,0.0079780646482542,0.0079058848730592,0.00805090341608959,0.002627404728562,0.00180977321227511,3300998
"3769","2020/07/23",0,0,8786,261,0.0077455728250757,0.00767542713418685,0.00781635957708913,0.00229309541844561,0.00157088958857234,3300998
"3768","2020/07/24",674,11,9460,272,0.00844222879460895,0.00836824264683898,0.00851686907614307,0.0025629415927776,0.00173288959032258,3300998
