"","date","cases","deaths","cum_cases","cum_deaths","p_cases","p_cases_low","p_cases_high","p_cases_active","p_cases_active_undetected","population"
"1",NA,0,0,0,0,NA,NA,NA,0,0,1641164
"2",NA,0,0,0,0,NA,NA,NA,0,0,1641164
"3",NA,0,0,0,0,NA,NA,NA,0,0,1641164
"4",NA,0,0,0,0,NA,NA,NA,0,0,1641164
"5",NA,0,0,0,0,NA,NA,NA,0,0,1641164
"6",NA,0,0,0,0,NA,NA,NA,0,0,1641164
"7",NA,0,0,0,0,NA,NA,NA,0,0,1641164
"8",NA,0,0,0,0,NA,NA,NA,0,0,1641164
"9",NA,0,0,0,0,NA,NA,NA,0,0,1641164
"10",NA,0,0,0,0,NA,NA,NA,0,0,1641164
"11",NA,0,0,0,0,NA,NA,NA,0,0,1641164
"12",NA,0,0,0,0,NA,NA,NA,0,0,1641164
"13",NA,0,0,0,0,NA,NA,NA,0,0,1641164
"14",NA,0,0,0,0,NA,NA,NA,0,0,1641164
"15",NA,0,0,0,0,NA,NA,NA,0,0,1641164
"16",NA,0,0,0,0,NA,NA,NA,0,0,1641164
"17",NA,0,0,0,0,NA,NA,NA,0,0,1641164
"18",NA,0,0,0,0,NA,NA,NA,0,0,1641164
"19",NA,0,0,0,0,NA,NA,NA,0,0,1641164
"20",NA,0,0,0,0,NA,NA,NA,0,0,1641164
"21",NA,0,0,0,0,NA,NA,NA,0,0,1641164
"22",NA,0,0,0,0,NA,NA,NA,0,0,1641164
"23",NA,0,0,0,0,NA,NA,NA,0,0,1641164
"24",NA,0,0,0,0,NA,NA,NA,0,0,1641164
"25",NA,0,0,0,0,NA,NA,NA,0,0,1641164
"26",NA,0,0,0,0,NA,NA,NA,0,0,1641164
"27",NA,0,0,0,0,NA,NA,NA,0,0,1641164
"28",NA,0,0,0,0,NA,NA,NA,0,0,1641164
"29",NA,0,0,0,0,NA,NA,NA,0,0,1641164
"30",NA,0,0,0,0,NA,NA,NA,0,0,1641164
"31",NA,0,0,0,0,NA,NA,NA,0,0,1641164
"32",NA,0,0,0,0,NA,NA,NA,0,0,1641164
"33",NA,0,0,0,0,NA,NA,NA,0,0,1641164
"34",NA,0,0,0,0,NA,NA,NA,0,0,1641164
"35",NA,0,0,0,0,NA,NA,NA,0,0,1641164
"36",NA,0,0,0,0,NA,NA,NA,0,0,1641164
"37",NA,0,0,0,0,NA,NA,NA,0,0,1641164
"38",NA,0,0,0,0,NA,NA,NA,0,0,1641164
"39",NA,0,0,0,0,NA,NA,NA,0,0,1641164
"40",NA,0,0,0,0,NA,NA,NA,0,0,1641164
"41",NA,0,0,0,0,NA,NA,NA,0,0,1641164
"42",NA,0,0,0,0,NA,NA,NA,0,0,1641164
"43",NA,0,0,0,0,NA,NA,NA,0,0,1641164
"44",NA,0,0,0,0,NA,NA,NA,0,0,1641164
"45",NA,0,0,0,0,NA,NA,NA,0,0,1641164
"46",NA,0,0,0,0,NA,NA,NA,0,0,1641164
"47",NA,0,0,0,0,NA,NA,NA,0,0,1641164
"48",NA,0,0,0,0,NA,NA,NA,0,0,1641164
"49",NA,0,0,0,0,NA,NA,NA,0,0,1641164
"50",NA,0,0,0,0,NA,NA,NA,0,0,1641164
"51",NA,0,0,0,0,NA,NA,NA,0,0,1641164
"52",NA,0,0,0,0,NA,NA,NA,0,0,1641164
"53",NA,0,0,0,0,NA,NA,NA,0,0,1641164
"54",NA,0,0,0,0,NA,NA,NA,0,0,1641164
"55",NA,0,0,0,0,NA,NA,NA,0,0,1641164
"56",NA,1,0,1,0,NA,NA,NA,6.09323626401749e-07,0,1641164
"57",NA,1,0,2,0,0,NA,NA,1.2186472528035e-06,0,1641164
"58",NA,21,0,23,0,0,NA,NA,1.40144434072402e-05,0,1641164
"59",NA,10,0,33,0,0,0,NA,2.01076796712577e-05,0,1641164
"60",NA,0,0,33,0,0,0,NA,2.01076796712577e-05,0,1641164
"61",NA,5,0,38,0,0,0,NA,2.31542978032665e-05,0,1641164
"62",NA,3,0,41,0,0,0,NA,2.49822686824717e-05,0,1641164
"63",NA,6,0,47,0,0,0,NA,2.86382104408822e-05,0,1641164
"64",NA,2,0,49,0,0,0,NA,2.98568576936857e-05,0,1641164
"65",NA,3,0,52,0,0,0,NA,3.16848285728909e-05,0,1641164
"66",NA,0,0,52,0,0,0,NA,3.16848285728909e-05,0,1641164
"67",NA,4,0,56,0,0,0,NA,3.41221230784979e-05,0,1641164
"68",NA,7,0,63,0,0,0,NA,3.77780648369084e-05,0,1641164
"69",NA,16,0,79,0,0,0,NA,4.69179192329347e-05,0,1641164
"70",NA,30,0,109,0,0,0,NA,5.24018318705504e-05,0,1641164
"71",NA,1,0,110,0,0,0,NA,4.69179192329347e-05,0,1641164
"72",NA,52,0,162,0,0,0,NA,7.86027478058256e-05,0,1641164
"73",NA,0,0,162,0,0,0,NA,7.55561296738169e-05,0,1641164
"74",NA,48,0,210,0,0,0,NA,0.000102975692861896,0,1641164
"75",NA,1,0,211,0,0,0,NA,9.99290747298868e-05,0,1641164
"76",NA,3,0,214,0,0,0,NA,0.000100538398356289,0,1641164
"77",NA,7,1,221,1,0.00011197130547749,1.61010080127365e-05,0.000778682504872717,0.000102975692861896,0,1641164
"78",NA,16,0,237,1,0.000105935947034974,1.51916073071793e-05,0.00073872531373907,0.000112724870884324,0,1641164
"79",NA,19,0,256,1,0.000102537945582754,1.46752385219242e-05,0.000716446977582294,0.00012186472528035,0,1641164
"80",NA,13,0,269,1,9.75423847194753e-05,1.39358280138667e-05,0.000682737818470118,0.00012552066703876,0,1641164
"81",NA,16,0,285,1,9.42373423815257e-05,1.34442820753918e-05,0.000660554178299187,0.00012552066703876,0,1641164
"82",NA,21,0,306,1,9.28392493400648e-05,1.32289109746024e-05,0.000651537094366587,0.000120036754401145,0,1641164
"83",NA,28,1,334,2,0.000186828754331981,7.08601357271244e-05,0.000492589847409488,0.000136488492313992,0,1641164
"84",NA,5,0,339,2,0.000175237356557672,6.64011166226922e-05,0.000462464077340925,0.00010785028187311,0,1641164
"85",NA,51,1,390,3,0.000280184314576133,0.000147065343267886,0.000533798435376445,0.000144489769163835,5.5639823442359e-06,1641164
"86",NA,29,0,419,3,0.000279398882228472,0.000146535374812785,0.000532729625800286,0.000134580105226922,7.23146730895676e-06,1641164
"87",NA,39,1,458,4,0.0003773812190193,0.00023288045484946,0.000611543740588081,0.000166105863569413,1.56029278481809e-05,1641164
"88",NA,8,0,466,4,0.000355348319987879,0.000219128271697408,0.000576248913661747,0.000170378293033347,1.68287391801064e-05,1641164
"89",NA,7,0,473,4,0.000334000733330167,0.000205838873463207,0.000541960262355544,0.00017105595604877,1.75064021955292e-05,1641164
"90",NA,27,0,500,4,0.00032841388019917,0.000202283745951145,0.00053319003066872,0.000179041127557097,1.87890138134371e-05,1641164
"91",NA,15,0,515,4,0.000316310502059046,0.000194735143072948,0.000513786736867348,0.000176676905899902,1.88620866618492e-05,1641164
"92",NA,52,0,567,4,0.000327039686658069,0.000201259931616239,0.000531426975009358,0.00020044052732957,1.88620866618492e-05,1641164
"93",NA,2,0,569,4,0.000308954679494387,0.000190059251506133,0.000502227559169355,0.000191909996559946,1.88620866618492e-05,1641164
"94",NA,74,0,643,4,0.000329122127099878,0.000202394862625246,0.000535198241406534,0.000224204148759239,1.88620866618492e-05,1641164
"95",NA,0,0,643,4,0.00031051351776718,0.000190889195927373,0.000505102681415415,0.00020714308721999,1.88620866618492e-05,1641164
"96",NA,45,0,688,4,0.000313378544878184,0.000192591992222086,0.000509917942365549,0.00023151603227606,1.88620866618492e-05,1641164
"97",NA,12,0,700,4,0.000301182118757006,0.0001850463106891,0.000490205226579007,0.000202188428502155,1.32981043176133e-05,1641164
"98",NA,56,0,756,4,0.000307761519426509,0.000189038714181589,0.000501046324028255,0.000216972681450282,1.16306193528924e-05,1641164
"99",NA,55,1,811,5,0.00039108783953098,0.000264891993386026,0.000577404006341997,0.000218350398933486,3.25915881366829e-06,1641164
"100",NA,12,0,823,5,0.000375974937883347,0.00025459930698049,0.000555214213239074,0.000219561882107167,2.03334748174273e-06,1641164
"101",NA,64,0,887,5,0.000383893799823727,0.000259905887709906,0.000567030054000132,0.000253615665796644,1.35568446631994e-06,1641164
"102",NA,111,1,998,6,0.000491463317388567,0.000355126571483302,0.000680141143282299,0.000303516238796483,7.30728484120058e-08,1641164
"103",NA,42,0,1040,6,0.000484694219345271,0.000350167902399343,0.000670902400411337,0.000319894903860918,0,1641164
"104",NA,96,0,1136,6,0.000499502385433457,0.000360793808713309,0.000691538011540469,0.000346705143422595,0,1641164
"105",NA,225,1,1361,7,0.000657356224061385,0.00049740226051433,0.000868747972446725,0.000482584312110185,0,1641164
"106",NA,167,0,1528,7,0.000691077267810648,0.000522817176920068,0.000913489095553659,0.000539251409365548,0,1641164
"107",NA,145,0,1673,7,0.000702087558540573,0.000531036986637638,0.000928234665872378,0.000627603335193801,0,1641164
"108",NA,27,0,1700,7,0.000657139882274788,0.000496934095634829,0.0008689941557028,0.00061663550991857,0,1641164
"109",NA,44,0,1744,7,0.000619804155166035,0.00046860815529152,0.000819783408425958,0.000636133865963426,0,1641164
"110",NA,29,0,1773,7,0.000581628658566357,0.000439669534296228,0.00076942310093693,0.000619682128050579,0,1641164
"111",NA,100,0,1873,7,0.000570849738764721,0.000431457695802497,0.000755275493792372,0.000647101691238657,0,1641164
"112",NA,34,0,1907,7,0.000543356790881822,0.000410626127777298,0.000718991272658404,0.000660506811019496,0,1641164
"113",NA,66,0,1973,7,0.000528202118869648,0.000399130311202944,0.000699013506484916,0.000661725458272299,0,1641164
"114",NA,34,0,2007,7,0.000507282042674776,0.000383285548614163,0.000671392573371822,0.000614807539039365,0,1641164
"115",NA,210,1,2217,8,0.000607274286943436,0.00047514045183582,0.000776153783913325,0.000717173908274859,0,1641164
"116",NA,301,0,2518,8,0.000655565977292951,0.000512886113253771,0.000837937973905366,0.000842085251687217,0,1641164
"117",NA,71,0,2589,8,0.000639060339896681,0.000499935483261682,0.000816901643716881,0.000748249413221348,0,1641164
"118",NA,58,0,2647,8,0.000617143356398097,0.000482753213066359,0.000788945390807693,0.000681833137943557,0,1641164
"119",NA,76,0,2723,8,0.000599508035309524,0.000468924525649512,0.000766455718866195,0.000639789807721836,0,1641164
"120",NA,88,0,2811,8,0.000585678104676157,0.000458076947624774,0.000748823629033683,0.000676958548932343,0,1641164
"121",NA,110,0,2921,8,0.0005775943588525,0.000451727784588046,0.000738531599694431,0.000717173908274859,0,1641164
"122",NA,119,0,3040,8,0.000571999733228171,0.000447328512063271,0.000731417036897531,0.000772013034651016,0,1641164
"123",NA,130,0,3170,8,0.000568693895406271,0.000444721505368821,0.0007272253371335,0.000790292743443068,0,1641164
"124",NA,114,0,3284,8,0.000562508721533563,0.000439864919604281,0.000719348253745679,0.000839038633555208,0,1641164
"125",NA,99,0,3383,8,0.00055387507694944,0.000433095537440956,0.000708337016535459,0.000859146313226466,0,1641164
"126",NA,150,0,3533,8,0.000553568655240929,0.00043283900873482,0.000707972825649341,0.000929827853889069,0,1641164
"127",NA,187,0,3720,8,0.00055844655229674,0.000436637093730042,0.000714237421076575,0.000915813410481829,0,1641164
"128",NA,214,0,3934,8,0.000566044016351522,0.000442562067330758,0.000723979419157719,0.000862802254984877,0,1641164
"129",NA,265,0,4199,8,0.000578799120913891,0.000452519434455417,0.000740318308701718,0.000981011038506816,0,1641164
"130",NA,245,0,4444,8,0.000586070830156691,0.000458189589267458,0.000749643872331752,0.00109495455664394,0,1641164
"131",NA,330,0,4774,8,0.00060127403128513,0.000470059859969594,0.000769115790319254,0.00124972275774999,0,1641164
"132",NA,167,0,4941,8,0.000593112287239813,0.000463664035806265,0.000758700606707891,0.00129785932423573,0,1641164
"133",NA,295,0,5236,8,0.000598096044059817,0.000467545069897035,0.00076510031000601,0.00141058419512005,0,1641164
"134",NA,295,1,5531,9,0.000675997703848792,0.000543008676980755,0.000841557262306942,0.00151782515336676,0,1641164
"135",NA,285,1,5816,10,0.000750763109393743,0.00061632449771725,0.000914526760682397,0.00161227031545903,0,1641164
"136",NA,382,0,6198,10,0.000760190581392483,0.00062404602133393,0.000926037023363394,0.0017755690473347,0,1641164
"137",NA,385,2,6583,12,0.000920128917247681,0.000780401066086758,0.00108487451023198,0.0019498356044856,0,1641164
"138",NA,164,0,6747,12,0.000894788438475848,0.000758888676365622,0.00105502476788085,0.00195836613525522,0,1641164
"139",NA,209,0,6956,12,0.00087522332288199,0.000742276415004401,0.00103198195366621,0.00197177125503606,0,1641164
"140",NA,228,0,7184,12,0.000858875056342444,0.000728394553439095,0.00101272910255076,0.00198030178580568,0,1641164
"141",NA,348,0,7532,12,0.000857428378292424,0.000727152315503165,0.00101104460265997,0.00203087564679703,0,1641164
"142",NA,356,0,7888,12,0.000856560713565462,0.000726402374214662,0.00101004110403273,0.00209851056932762,0,1641164
"143",NA,286,0,8174,12,0.000847527126171411,0.000718728429724918,0.000999407008111937,0.00207170032976595,0,1641164
"144",NA,240,0,8414,12,0.000833592989108504,0.000706899796929255,0.000982992603066756,0.00211618095449327,0,1641164
"145",NA,388,1,8802,13,0.000903620582778691,0.000775960333396123,0.00105228337387765,0.00217284805174864,0,1641164
"146",NA,336,1,9138,14,0.000967392768173807,0.000839705105449213,0.00111449693689112,0.00219783032043111,0,1641164
"147",NA,33,0,9171,14,0.000930310634422859,0.000807506157314146,0.00107179105531397,0.00204428076657787,0,1641164
"148",NA,195,0,9366,14,0.000911640439093695,0.000791290198754758,0.00105029519068834,0.00193033724844074,0,1641164
"149",NA,267,1,9633,15,0.000966280656004651,0.000846571785585989,0.00110291687257505,0.00185843706052533,0,1641164
"150",NA,419,0,10052,15,0.000972003704670733,0.000851576748086035,0.00110946101336973,0.00201381458525778,0,1641164
"151",NA,397,0,10449,15,0.000975305123340245,0.000854460624088456,0.00111324039610192,0.00212836742702131,0,1641164
"152",NA,344,2,10793,17,0.00110247396130753,0.000980826042654397,0.0012392093832172,0.00219904896768391,0,1641164
"153",NA,605,2,11398,19,0.00125652888258007,0.00113152155052748,0.00139534667459219,0.00235564513966916,0,1641164
"154",NA,406,0,11804,19,0.00125607420727453,0.00113110198452994,0.00139485425342614,0.00238611132098925,0,1641164
"155",NA,507,0,12311,19,0.00126345419345651,0.00113773766917176,0.00140306200824388,0.00252077184242404,0,1641164
"156",NA,504,1,12815,20,0.00133434649246077,0.00120777915558415,0.0014741772564217,0.0026816332797941,0,1641164
"157",NA,481,1,13296,21,0.00140030441294882,0.00127339867752321,0.00153985745669052,0.00273830037704946,0,1641164
"158",NA,539,2,13835,23,0.00153667651509072,0.00140878758278984,0.00167617513163701,0.00286199307320901,0,1641164
"159",NA,548,1,14383,24,0.00160484611058533,0.00147650541777962,0.00174434242343245,0.00317579474080592,0,1641164
"160",NA,380,2,14763,26,0.00171766785364399,0.00159025122163626,0.00185529356324356,0.00328851961169024,0,1641164
"161",NA,654,0,15417,26,0.00172682449440624,0.0015987167860512,0.00186519767634808,0.00352432785510772,0,1641164
"162",NA,783,3,16200,29,0.0019490595328682,0.00181857899402522,0.00208890187071617,0.00374612165511795,0,1641164
"163",NA,0,2,16200,31,0.00200600474819265,0.00187987835125702,0.00214059332460567,0.00350422017543646,0,1641164
"164",NA,1069,5,17269,36,0.002391671940427,0.0022610504731731,0.00252983944343286,0.00394597980457773,0,1641164
"165",NA,444,0,17713,36,0.00236444828834336,0.00223529982764488,0.002501058533226,0.00384787870072704,0,1641164
"166",NA,514,3,18227,39,0.00254033590069216,0.00241164491767401,0.00267589413393807,0.00391368565237843,0,1641164
"167",NA,0,4,18227,43,0.00270046256197319,0.00257565825514441,0.0028313142995789,0.00360475857379275,0,1641164
"168",NA,786,3,19013,46,0.00290915831699281,0.00278295487843509,0.00304108491981281,0.00377658783643804,0,1641164
"169",NA,540,1,19553,47,0.00295600856311092,0.00283032363304272,0.00308727472829366,0.00381253793039574,0,1641164
"170",NA,408,2,19961,49,0.00304497053816022,0.00292045645934001,0.00317479329253861,0.00373271653533711,0,1641164
"171",NA,469,6,20430,55,0.00338829034586896,0.00326393481710115,0.00351738380550908,0.00368457996885138,0,1641164
"172",NA,486,2,20916,57,0.00348536731401751,0.00336163598026495,0.00361365281218349,0.00374916827324996,0,1641164
"173",NA,415,3,21331,60,0.00363074998279904,0.00350786996343784,0.00375793446592759,0.00360353992653994,0,1641164
"174",NA,433,3,21764,63,0.0037778340016438,0.00365564494891808,0.00390410719405339,0.00339027665729933,0,1641164
"175",NA,643,2,22407,65,0.00390124269637688,0.00377866474820379,0.00402779701037748,0.00378207174907566,0,1641164
"176",NA,655,2,23062,67,0.00402662720026439,0.00390360919456873,0.00415352198485134,0.00352981176774533,0,1641164
"177",NA,508,2,23570,69,0.00412456871836065,0.00400193802318449,0.00425095716473442,0.00356880847983504,0,1641164
"178",NA,511,2,24081,71,0.00422068084503635,0.00409845842187071,0.00434654813151078,0.00356698050895584,0,1641164
"179",NA,724,7,24805,78,0.00465059134225929,0.00452710827050714,0.0047774425837344,0.0040081308144707,0,1641164
"180",NA,462,0,25267,78,0.00461390080960067,0.00449137947293116,0.00473976443298404,0.00381070995951654,0,1641164
"181",NA,438,5,25705,83,0.00486579754167957,0.00474374982427575,0.0049909853161849,0.00374855894962356,0,1641164
"182",NA,534,1,26239,84,0.00489933518982895,0.0047777769471493,0.00502398616926187,0.00382533372655018,0,1641164
"183",NA,519,3,26758,87,0.00504674812069656,0.00492548183499995,0.00517100000506946,0.00385579990787027,0,1641164
"184",NA,656,5,27414,92,0.00533563852667505,0.00521379831242484,0.00546032600062328,0.00395938492435857,0,1641164
"185",NA,423,2,27837,94,0.0054046013916073,0.00528356907373712,0.00552840623345976,0.00396425951336978,0,1641164
"186",NA,573,1,28410,95,0.00544465534524092,0.00532388305860631,0.00556816735118535,0.00404956482106602,0,1641164
"187",NA,447,2,28857,97,0.00551792721480729,0.00539781430856583,0.00564071288995503,0.00393013739029128,0,1641164
"188",NA,510,0,29367,97,0.00549010499679207,0.00537058721485635,0.00561228254378277,0.00384178546446303,0,1641164
"189",NA,454,1,29821,98,0.00550981654763659,0.00539097103620092,0.00563128204265102,0.00380888198863733,0,1641164
"190",NA,500,0,30321,98,0.00548331838244834,0.00536503491654208,0.00560420965585715,0.00380217942874691,0,1641164
"191",NA,610,2,30931,100,0.00558983281866074,0.00547143054956871,0.00571079732393563,0.00373271653533711,0,1641164
"192",NA,597,3,31528,103,0.00574992920256895,0.00563134054066766,0.00587101518648975,0.00381497522490135,0,1641164
"193",NA,511,1,32039,104,0.00578205502992963,0.0056638311369382,0.00590274666755118,0.00385945584962868,0,1641164
"194",NA,431,0,32470,104,0.00574415763880788,0.00562670007291066,0.00586406713560735,0.0037966955161093,0,1641164
"195",NA,471,5,32941,109,0.00598912654110538,0.00587172513278713,0.00610887531588977,0.00376744798204201,0,1641164
"196",NA,535,0,33476,109,0.00597102735909372,0.00585397252977522,0.00609042279267661,0.0036937198232474,0,1641164
