"","date","cases","deaths","cum_cases","cum_deaths","p_cases","p_cases_low","p_cases_high","p_cases_active","p_cases_active_undetected","population"
"1",NA,0,0,0,0,NA,NA,NA,0,0,9452409
"2",NA,0,0,0,0,NA,NA,NA,0,0,9452409
"3",NA,0,0,0,0,NA,NA,NA,0,0,9452409
"4",NA,0,0,0,0,NA,NA,NA,0,0,9452409
"5",NA,0,0,0,0,NA,NA,NA,0,0,9452409
"6",NA,0,0,0,0,NA,NA,NA,0,0,9452409
"7",NA,0,0,0,0,NA,NA,NA,0,0,9452409
"8",NA,0,0,0,0,NA,NA,NA,0,0,9452409
"9",NA,0,0,0,0,NA,NA,NA,0,0,9452409
"10",NA,0,0,0,0,NA,NA,NA,0,0,9452409
"11",NA,0,0,0,0,NA,NA,NA,0,0,9452409
"12",NA,0,0,0,0,NA,NA,NA,0,0,9452409
"13",NA,0,0,0,0,NA,NA,NA,0,0,9452409
"14",NA,0,0,0,0,NA,NA,NA,0,0,9452409
"15",NA,0,0,0,0,NA,NA,NA,0,0,9452409
"16",NA,0,0,0,0,NA,NA,NA,0,0,9452409
"17",NA,0,0,0,0,NA,NA,NA,0,0,9452409
"18",NA,0,0,0,0,NA,NA,NA,0,0,9452409
"19",NA,0,0,0,0,NA,NA,NA,0,0,9452409
"20",NA,0,0,0,0,NA,NA,NA,0,0,9452409
"21",NA,0,0,0,0,NA,NA,NA,0,0,9452409
"22",NA,0,0,0,0,NA,NA,NA,0,0,9452409
"23",NA,0,0,0,0,NA,NA,NA,0,0,9452409
"24",NA,0,0,0,0,NA,NA,NA,0,0,9452409
"25",NA,0,0,0,0,NA,NA,NA,0,0,9452409
"26",NA,0,0,0,0,NA,NA,NA,0,0,9452409
"27",NA,0,0,0,0,NA,NA,NA,0,0,9452409
"28",NA,0,0,0,0,NA,NA,NA,0,0,9452409
"29",NA,0,0,0,0,NA,NA,NA,0,0,9452409
"30",NA,0,0,0,0,NA,NA,NA,0,0,9452409
"31",NA,0,0,0,0,NA,NA,NA,0,0,9452409
"32",NA,0,0,0,0,NA,NA,NA,0,0,9452409
"33",NA,0,0,0,0,NA,NA,NA,0,0,9452409
"34",NA,0,0,0,0,NA,NA,NA,0,0,9452409
"35",NA,0,0,0,0,NA,NA,NA,0,0,9452409
"36",NA,0,0,0,0,NA,NA,NA,0,0,9452409
"37",NA,0,0,0,0,NA,NA,NA,0,0,9452409
"38",NA,0,0,0,0,NA,NA,NA,0,0,9452409
"39",NA,0,0,0,0,NA,NA,NA,0,0,9452409
"40",NA,0,0,0,0,NA,NA,NA,0,0,9452409
"41",NA,0,0,0,0,NA,NA,NA,0,0,9452409
"42",NA,0,0,0,0,NA,NA,NA,0,0,9452409
"43",NA,0,0,0,0,NA,NA,NA,0,0,9452409
"44",NA,0,0,0,0,NA,NA,NA,0,0,9452409
"45",NA,0,0,0,0,NA,NA,NA,0,0,9452409
"46",NA,0,0,0,0,NA,NA,NA,0,0,9452409
"47",NA,0,0,0,0,NA,NA,NA,0,0,9452409
"48",NA,0,0,0,0,NA,NA,NA,0,0,9452409
"49",NA,0,0,0,0,NA,NA,NA,0,0,9452409
"50",NA,0,0,0,0,NA,NA,NA,0,0,9452409
"51",NA,0,0,0,0,NA,NA,NA,0,0,9452409
"52",NA,0,0,0,0,NA,NA,NA,0,0,9452409
"53",NA,0,0,0,0,NA,NA,NA,0,0,9452409
"54",NA,0,0,0,0,NA,NA,NA,0,0,9452409
"55",NA,0,0,0,0,NA,NA,NA,0,0,9452409
"56",NA,0,0,0,0,NA,NA,NA,0,0,9452409
"57",NA,0,0,0,0,NA,NA,NA,0,0,9452409
"58",NA,0,0,0,0,NA,NA,NA,0,0,9452409
"59",NA,0,0,0,0,NA,NA,NA,0,0,9452409
"60",NA,1,0,1,0,NA,NA,NA,1.0579313696646e-07,0,9452409
"61",NA,0,0,1,0,0,NA,NA,1.0579313696646e-07,0,9452409
"62",NA,0,0,1,0,0,NA,NA,1.0579313696646e-07,0,9452409
"63",NA,0,0,1,0,0,NA,NA,1.0579313696646e-07,0,9452409
"64",NA,3,0,4,0,0,NA,NA,4.2317254786584e-07,0,9452409
"65",NA,2,0,6,0,0,NA,NA,6.3475882179876e-07,0,9452409
"66",NA,3,0,9,0,0,0,NA,9.52138232698141e-07,0,9452409
"67",NA,3,0,12,0,0,0,NA,1.26951764359752e-06,0,9452409
"68",NA,9,0,21,0,0,0,NA,2.22165587629566e-06,0,9452409
"69",NA,6,0,27,0,0,0,NA,2.85641469809442e-06,0,9452409
"70",NA,9,0,36,0,0,0,NA,3.80855293079256e-06,0,9452409
"71",NA,0,0,36,0,0,0,NA,3.80855293079256e-06,0,9452409
"72",NA,10,0,46,0,0,0,NA,4.7606911634907e-06,0,9452409
"73",NA,11,0,57,0,0,0,NA,5.92441567012177e-06,0,9452409
"74",NA,0,0,57,0,0,0,NA,5.92441567012177e-06,0,9452409
"75",NA,19,0,76,0,0,0,NA,7.93448527248451e-06,0,9452409
"76",NA,0,0,76,0,0,0,NA,7.61710586158513e-06,0,9452409
"77",NA,5,0,81,0,0,0,NA,7.93448527248451e-06,0,9452409
"78",NA,0,0,81,0,0,0,NA,7.61710586158513e-06,0,9452409
"79",NA,5,0,86,0,0,0,NA,7.82869213551805e-06,0,9452409
"80",NA,0,0,86,0,0,0,NA,6.87655390281991e-06,0,9452409
"81",NA,8,0,94,0,0,0,NA,7.08814017675283e-06,0,9452409
"82",NA,0,0,94,0,0,0,NA,6.13600194405468e-06,0,9452409
"83",NA,0,0,94,0,0,0,NA,6.13600194405468e-06,0,9452409
"84",NA,11,0,105,0,0,0,NA,6.24179508102114e-06,0,9452409
"85",NA,47,0,152,0,0,0,NA,1.00503480118137e-05,0,9452409
"86",NA,0,0,152,0,0,0,NA,1.00503480118137e-05,0,9452409
"87",NA,102,4,254,4,0.000112487055147601,7.07642870528595e-05,0.00017880965247806,5.32122454372279e-05,3.4381067057198e-05,9452409
"88",NA,97,0,351,4,0.000138979623408487,8.71728021369925e-05,0.000221575253396245,9.16197197125077e-05,6.25266070467312e-05,9452409
"89",NA,43,1,394,5,0.000166973321249537,0.000115090909210496,0.00024224406775786,0.00010931373071227,7.62004788417675e-05,9452409
"90",NA,170,3,564,8,0.00031775296305474,0.000252741289152664,0.000399487340863724,0.000205090333051464,0.000153992247896664,9452409
"91",NA,136,5,700,13,0.000522996742286452,0.000455617368449853,0.000600340573874209,0.000306172163010857,0.000241215176913451,9452409
"92",NA,161,0,861,13,0.00051562194255379,0.000447878653111351,0.000593611653058278,0.000402589274220102,0.000320599593071096,9452409
"93",NA,205,0,1066,13,0.000508540211454848,0.000440655573182851,0.000586882732013535,0.000499539123634918,0.000396708194503519,9452409
"94",NA,420,3,1486,16,0.000695451177521909,0.00061871963242599,0.000781698712905258,0.00069610002172321,0.000548835975065898,9452409
"95",NA,495,3,1981,19,0.000872844071034251,0.000790472595713485,0.000963799094960385,0.000914200887529346,0.000714569238073636,9452409
"96",NA,245,4,2226,23,0.000928563985482768,0.000855055155409399,0.00100839234718468,0.00101523760167648,0.000790850358170617,9452409
"97",NA,352,3,2578,26,0.000950479650094271,0.00088299149061598,0.00102312601519308,0.00114004377142027,0.000883389621139642,9452409
"98",NA,341,3,2919,29,0.000953969076456033,0.000892510170279631,0.00101966008807412,0.00125148722982093,0.000958757619834733,9452409
"99",NA,362,4,3281,33,0.000988587811124356,0.000931994927257502,0.00104861714556696,0.00131538834649538,0.000995152520897906,9452409
"100",NA,447,3,3728,36,0.00101150936114953,0.000957946767670632,0.00106806685112686,0.00139826431761544,0.00104100089407971,9452409
"101",NA,476,4,4204,40,0.00106274453237889,0.00101164839881012,0.00111642141917057,0.00150037112147613,0.00109729926963392,9452409
"102",NA,575,2,4779,42,0.00107670953320405,0.00102708540816728,0.00112873127168765,0.00153414211938643,0.0010882240470728,9452409
"103",NA,0,3,4779,45,0.000988349558966526,0.000945549699246971,0.00103308673408417,0.0014325313237422,0.00100100111805601,9452409
"104",NA,0,2,4779,47,0.000894989594894654,0.000857686958138481,0.000933914602955135,0.00133611421253296,0.000921616701898366,9452409
"105",NA,1485,4,6264,51,0.00112381105675487,0.00108037074810534,0.00116899804395792,0.00150473874268412,0.000954826016732464,9452409
"106",NA,459,4,6723,55,0.00115932970408045,0.001117526516525,0.00120269661872779,0.0013873288685692,0.000833290210275844,9452409
"107",NA,558,3,7281,58,0.00117850374856299,0.00113800477640053,0.00122044398598218,0.00125954596618816,0.000698842340265921,9452409
"108",NA,741,2,8022,60,0.00119781380269341,0.0011578653115152,0.00123914059057983,0.00126798876211378,0.000654811740256176,9452409
"109",NA,751,3,8773,63,0.00123082983386942,0.00119155292498441,0.00127140141925533,0.00124357372599331,0.000588185242486086,9452409
"110",NA,817,4,9590,67,0.0012845971556325,0.00124584393815105,0.00132455583057067,0.00124156883653444,0.000535822819831186,9452409
"111",NA,873,5,10463,72,0.00135628093182431,0.00131797298540578,0.00139570232956168,0.00124565959240811,0.000485853282714993,9452409
"112",NA,826,3,11289,75,0.0013765070928121,0.00133902544048263,0.00141503792181804,0.00122509320420674,0.000425191295603338,9452409
"113",NA,919,4,12208,79,0.00142000850456237,0.00138311701273861,0.00145788399279168,0.00121165954224705,0.000364891273967502,9452409
"114",NA,973,5,13181,84,0.00148103523149495,0.0014446404929731,0.00151834686041169,0.00119143955600594,0.000302565619213747,9452409
"115",NA,846,5,14027,89,0.00152160651954044,0.00148611649431661,0.00155794408390081,0.00128321107632613,0.000304836145660305,9452409
"116",NA,890,4,14917,93,0.00154556970571408,0.00151091082441535,0.0015810236293366,0.00137736696822628,0.000304836145660305,9452409
"117",NA,911,4,15828,97,0.00156917101465715,0.00153528047344398,0.0016038096724546,0.00120732379134101,0.000195518229393784,9452409
"118",NA,877,2,16705,99,0.00155635934078613,0.0015233357055662,0.00159009887892827,0.00122095334848723,0.000164926255288026,9452409
"119",NA,784,4,17489,103,0.00156667625586225,0.00153458512764382,0.0015994384713288,0.00121357720444384,0.000133640862290211,9452409
"120",NA,861,4,18350,107,0.00158415296566963,0.00155278311642944,0.00161615655920478,0.00119402186079257,0.000101390342202974,9452409
"121",NA,905,5,19255,112,0.00162034769272234,0.00158953792092449,0.00165175464564166,0.00118440123868647,7.5477577004039e-05,9452409
"122",NA,913,4,20168,116,0.00164269753210126,0.00161241523693514,0.00167354855012456,0.00117155180379506,5.24720009638487e-05,9452409
"123",NA,933,5,21101,121,0.00168057159540791,0.001650724717137,0.00171095813733883,0.00115709296100887,3.16655699596702e-05,9452409
"124",NA,951,5,22052,126,0.00171915057955285,0.00168968726715118,0.00174912764783974,0.00115698517707,1.83336438999902e-05,9452409
"125",NA,921,5,22973,131,0.00175461736771149,0.0017255546659278,0.00178416955884701,0.00114752453763052,8.66141818658214e-06,9452409
"126",NA,933,4,23906,135,0.00177714339229728,0.00174846806258718,0.00180628900485186,0.00113690192041184,2.27052644655818e-06,9452409
"127",NA,967,7,24873,142,0.0018409115322534,0.00181249037490184,0.0018697783538669,0.00114743236353823,9.02046539577498e-21,9452409
"128",NA,952,4,25825,146,0.00186392666619724,0.00183583167677038,0.00189245161248829,0.00115399153803015,9.02046539577498e-21,9452409
"129",NA,947,5,26772,151,0.00189903172189268,0.00187122746826656,0.00192724911423808,0.00115780009096094,9.02046539577498e-21,9452409
"130",NA,958,5,27730,156,0.0019344951858014,0.00190695388216827,0.00196243425647699,0.00116636933505522,9.02046539577498e-21,9452409
"131",NA,951,4,28681,160,0.00195691047830411,0.00192964582888584,0.00198456035961145,0.00118403678892862,9.02046539577498e-21,9452409
"132",NA,969,5,29650,165,0.00199267929864211,0.00196563622595677,0.00202009442785073,0.001195462447721,9.02046539577498e-21,9452409
"133",NA,922,6,30572,171,0.00203700771095922,0.00201019163776278,0.00206418151212954,0.00119726093104943,9.02046539577498e-21,9452409
"134",NA,936,4,31508,175,0.00205836064434862,0.00203178722256068,0.00208528161569179,0.00119969417319966,9.02046539577498e-21,9452409
"135",NA,918,4,32426,179,0.0020789017607459,0.00205256886210709,0.00210557249046241,0.00119810727614516,9.02046539577498e-21,9452409
"136",NA,945,6,33371,185,0.00212455928603325,0.0020983855872408,0.00215105945604846,0.00119747251732336,9.02046539577498e-21,9452409
"137",NA,932,5,34303,190,0.00215795151091001,0.00213195364753561,0.00218426640223707,0.00119863624182999,9.02046539577498e-21,9452409
"138",NA,941,4,35244,194,0.00218082927273802,0.00215500741907063,0.00220696053050346,0.00119948258692572,9.02046539577498e-21,9452409
"139",NA,954,5,36198,199,0.00221600130337292,0.00219031259046035,0.00224199130203528,0.00119810727614516,9.02046539577498e-21,9452409
"140",NA,946,5,37144,204,0.00225077583083459,0.00222521508054161,0.00227663019407368,0.00119747251732336,9.02046539577498e-21,9452409
"141",NA,915,4,38059,208,0.00227282370665539,0.00224742208010028,0.00229851243666,0.00119408713694044,9.02046539577498e-21,9452409
"142",NA,897,6,38956,214,0.00231578704762945,0.00229050486275699,0.00234134829275727,0.00118763375558548,9.02046539577498e-21,9452409
"143",NA,902,5,39858,219,0.00234837162136133,0.00232321425068991,0.00237380141344155,0.00118244989187412,9.02046539577498e-21,9452409
"144",NA,906,5,40764,224,0.00238152031810658,0.00235647359447113,0.00240683326087826,0.00117578492424524,9.02046539577498e-21,9452409
"145",NA,894,5,41658,229,0.00241431798745392,0.00238937804677123,0.00243951824719415,0.00117282271641018,9.02046539577498e-21,9452409
"146",NA,898,6,42556,235,0.00245815786145877,0.00243329220251286,0.00248327762099899,0.00116880257720545,9.02046539577498e-21,9452409
"147",NA,847,5,43403,240,0.00248888000693344,0.00246412737923595,0.00251388127947903,0.00116129126448083,9.02046539577498e-21,9452409
"148",NA,852,3,44255,243,0.00249974043035706,0.00247512522690897,0.00252460043282954,0.00115145250274295,9.02046539577498e-21,9452409
"149",NA,861,5,45116,248,0.00253234151163198,0.00250780913901593,0.00255711386953911,0.00114394119001833,9.02046539577498e-21,9452409
"150",NA,865,5,45981,253,0.00256566732186142,0.00254120522580811,0.00259036489442691,0.00113590091160888,9.02046539577498e-21,9452409
"151",NA,887,6,46868,259,0.00261075135770167,0.00258631991633628,0.00263541358850786,0.00112881277143213,9.02046539577498e-21,9452409
"152",NA,883,4,47751,263,0.00263581814378124,0.0026114492103122,0.00266041447777414,0.00112214780380324,9.02046539577498e-21,9452409
"153",NA,879,6,48630,269,0.00268098301049856,0.00265663472645899,0.00270555444863974,0.00111833925087245,9.02046539577498e-21,9452409
"154",NA,823,7,49453,276,0.00273307692134151,0.00270875279079014,0.00275761947836911,0.00111051055873693,9.02046539577498e-21,9452409
"155",NA,812,6,50265,282,0.00277475535100678,0.00275047268380512,0.00279925239878743,0.00110098917640995,9.02046539577498e-21,9452409
"156",NA,801,6,51066,288,0.00281610671500099,0.0027918633503636,0.00284056059879895,0.00108988089702847,9.02046539577498e-21,9452409
"157",NA,750,5,51816,293,0.00284531282689832,0.00282114271478552,0.00286969001620593,0.0010746466853053,9.02046539577498e-21,9452409
"158",NA,704,5,52520,298,0.00287261391354969,0.00284852876367593,0.00289690271046111,0.00105412281673381,9.02046539577498e-21,9452409
"159",NA,721,5,53241,303,0.00290162009885849,0.00287760134886629,0.00292583932844506,0.00104079288147603,9.02046539577498e-21,9452409
"160",NA,732,5,53973,308,0.00293210148903469,0.00290813319805452,0.00295626732219515,0.00102809770504006,9.02046539577498e-21,9452409
"161",NA,707,4,54680,312,0.00295262060116245,0.00292872103059566,0.00297671520207434,0.00101180556194722,9.02046539577498e-21,9452409
"162",NA,689,6,55369,318,0.00299190302533797,0.00296803488011518,0.00301596311182135,0.000993185969841127,9.02046539577498e-21,9452409
"163",NA,663,6,56032,324,0.0030304683131752,0.00300663336214955,0.00305449221470526,0.00096948830716064,9.02046539577498e-21,9452409
"164",NA,625,7,56657,331,0.00307697988616498,0.00305316746607532,0.00310097802530112,0.000942193677823294,9.02046539577498e-21,9452409
"165",NA,676,2,57333,333,0.00308067160603913,0.00305693720775889,0.00310459028081032,0.000920717671019102,9.02046539577498e-21,9452409
"166",NA,603,10,57936,343,0.00315517652629734,0.00313140335563523,0.00317913017950325,0.000897443180886481,9.02046539577498e-21,9452409
"167",NA,569,3,58505,346,0.0031641198211538,0.00314043287676748,0.00318798542604852,0.000871735448603631,9.02046539577498e-21,9452409
"168",NA,518,5,59023,351,0.00318959861241571,0.00316597449632544,0.00321339900878293,0.000841795990842123,9.02046539577498e-21,9452409
"169",NA,464,6,59487,357,0.00322219160413833,0.00319862443325875,0.00324593241576721,0.000811539153669715,9.02046539577498e-21,9452409
"170",NA,458,5,59945,362,0.00324652713319381,0.0032230246246567,0.00327020102357619,0.000785514041975966,9.02046539577498e-21,9452409
"171",NA,437,5,60382,367,0.00327099338811321,0.00324755164681681,0.00329460433849226,0.000755468791077492,9.02046539577498e-21,9452409
"172",NA,331,6,60713,373,0.00329986358816353,0.00327649482505722,0.00332339902300848,0.000713045743153941,9.02046539577498e-21,9452409
"173",NA,382,4,61095,377,0.00331518317109066,0.00329188794638589,0.00333864324572437,0.000678662973639841,9.02046539577498e-21,9452409
"174",NA,380,6,61475,383,0.0033494507424176,0.00332618419309918,0.00337288004048526,0.000645972894317205,9.02046539577498e-21,9452409
"175",NA,315,4,61790,387,0.00336407599096819,0.00334088321035859,0.00338742977842495,0.000609156882652877,9.02046539577498e-21,9452409
"176",NA,328,5,62118,392,0.00338946759937113,0.00336631594067593,0.00341277848236666,0.000577736320973839,9.02046539577498e-21,9452409
"177",NA,306,6,62424,398,0.00342355482952827,0.0034004254269489,0.00344684155632344,0.000538592860296248,9.02046539577498e-21,9452409
"178",NA,274,7,62698,405,0.00346558956779244,0.00344246801852807,0.00348886641437185,0.000503786918234283,9.02046539577498e-21,9452409
"179",NA,299,7,62997,412,0.00351005229219165,0.00348691969014638,0.00353333835841876,0.000475222771253339,9.02046539577498e-21,9452409
"180",NA,273,6,63270,418,0.00354560544401928,0.00352247800763132,0.00356888472757641,0.000449303452696556,9.02046539577498e-21,9452409
"181",NA,284,5,63554,423,0.00357434160417215,0.00355122254205919,0.00359761117530746,0.000430260688042593,9.02046539577498e-21,9452409
"182",NA,250,6,63804,429,0.00361058720964843,0.00358746522651493,0.00363385821892442,0.000408255715553569,9.02046539577498e-21,9452409
"183",NA,199,7,64003,436,0.00365317837859662,0.0036300489807901,0.00367645514880656,0.000383076948955552,9.02046539577498e-21,9452409
"184",NA,221,7,64224,443,0.00369782801004888,0.0036746760517641,0.00372112583511616,0.000371439703889241,9.02046539577498e-21,9452409
"185",NA,187,6,64411,449,0.00373304972873994,0.00370989573796028,0.00375634822689309,0.000350810042180782,9.02046539577498e-21,9452409
"186",NA,193,5,64604,454,0.00376122539260843,0.00373807554496692,0.00378451860692066,0.000331026725568054,9.02046539577498e-21,9452409
"187",NA,163,5,64767,459,0.0037885879138679,0.00376544596567571,0.00381187208950699,0.000314946168749152,9.02046539577498e-21,9452409
"188",NA,165,5,64932,464,0.00381697074203211,0.00379382926029779,0.00384025338145702,0.000297701887423619,9.02046539577498e-21,9452409
"189",NA,182,4,65114,468,0.00383904727210784,0.00381590901857711,0.00386232582740516,0.000284583538439778,9.02046539577498e-21,9452409
