"","date","cases","deaths","cum_cases","cum_deaths","p_cases","p_cases_low","p_cases_high","p_cases_active","p_cases_active_undetected","population"
"1",NA,0,0,0,0,NA,NA,NA,0,0,5806081
"2",NA,0,0,0,0,NA,NA,NA,0,0,5806081
"3",NA,0,0,0,0,NA,NA,NA,0,0,5806081
"4",NA,0,0,0,0,NA,NA,NA,0,0,5806081
"5",NA,0,0,0,0,NA,NA,NA,0,0,5806081
"6",NA,0,0,0,0,NA,NA,NA,0,0,5806081
"7",NA,0,0,0,0,NA,NA,NA,0,0,5806081
"8",NA,0,0,0,0,NA,NA,NA,0,0,5806081
"9",NA,0,0,0,0,NA,NA,NA,0,0,5806081
"10",NA,0,0,0,0,NA,NA,NA,0,0,5806081
"11",NA,0,0,0,0,NA,NA,NA,0,0,5806081
"12",NA,0,0,0,0,NA,NA,NA,0,0,5806081
"13",NA,0,0,0,0,NA,NA,NA,0,0,5806081
"14",NA,0,0,0,0,NA,NA,NA,0,0,5806081
"15",NA,0,0,0,0,NA,NA,NA,0,0,5806081
"16",NA,0,0,0,0,NA,NA,NA,0,0,5806081
"17",NA,0,0,0,0,NA,NA,NA,0,0,5806081
"18",NA,0,0,0,0,NA,NA,NA,0,0,5806081
"19",NA,0,0,0,0,NA,NA,NA,0,0,5806081
"20",NA,0,0,0,0,NA,NA,NA,0,0,5806081
"21",NA,0,0,0,0,NA,NA,NA,0,0,5806081
"22",NA,0,0,0,0,NA,NA,NA,0,0,5806081
"23",NA,0,0,0,0,NA,NA,NA,0,0,5806081
"24",NA,0,0,0,0,NA,NA,NA,0,0,5806081
"25",NA,0,0,0,0,NA,NA,NA,0,0,5806081
"26",NA,0,0,0,0,NA,NA,NA,0,0,5806081
"27",NA,0,0,0,0,NA,NA,NA,0,0,5806081
"28",NA,0,0,0,0,NA,NA,NA,0,0,5806081
"29",NA,0,0,0,0,NA,NA,NA,0,0,5806081
"30",NA,0,0,0,0,NA,NA,NA,0,0,5806081
"31",NA,0,0,0,0,NA,NA,NA,0,0,5806081
"32",NA,0,0,0,0,NA,NA,NA,0,0,5806081
"33",NA,0,0,0,0,NA,NA,NA,0,0,5806081
"34",NA,0,0,0,0,NA,NA,NA,0,0,5806081
"35",NA,0,0,0,0,NA,NA,NA,0,0,5806081
"36",NA,0,0,0,0,NA,NA,NA,0,0,5806081
"37",NA,0,0,0,0,NA,NA,NA,0,0,5806081
"38",NA,0,0,0,0,NA,NA,NA,0,0,5806081
"39",NA,0,0,0,0,NA,NA,NA,0,0,5806081
"40",NA,0,0,0,0,NA,NA,NA,0,0,5806081
"41",NA,0,0,0,0,NA,NA,NA,0,0,5806081
"42",NA,0,0,0,0,NA,NA,NA,0,0,5806081
"43",NA,0,0,0,0,NA,NA,NA,0,0,5806081
"44",NA,0,0,0,0,NA,NA,NA,0,0,5806081
"45",NA,0,0,0,0,NA,NA,NA,0,0,5806081
"46",NA,0,0,0,0,NA,NA,NA,0,0,5806081
"47",NA,0,0,0,0,NA,NA,NA,0,0,5806081
"48",NA,0,0,0,0,NA,NA,NA,0,0,5806081
"49",NA,0,0,0,0,NA,NA,NA,0,0,5806081
"50",NA,0,0,0,0,NA,NA,NA,0,0,5806081
"51",NA,0,0,0,0,NA,NA,NA,0,0,5806081
"52",NA,0,0,0,0,NA,NA,NA,0,0,5806081
"53",NA,0,0,0,0,NA,NA,NA,0,0,5806081
"54",NA,0,0,0,0,NA,NA,NA,0,0,5806081
"55",NA,0,0,0,0,NA,NA,NA,0,0,5806081
"56",NA,0,0,0,0,NA,NA,NA,0,0,5806081
"57",NA,0,0,0,0,NA,NA,NA,0,0,5806081
"58",NA,0,0,0,0,NA,NA,NA,0,0,5806081
"59",NA,1,0,1,0,NA,NA,NA,1.72233215485626e-07,0,5806081
"60",NA,0,0,1,0,0,NA,NA,1.72233215485626e-07,0,5806081
"61",NA,1,0,2,0,0,NA,NA,3.44466430971252e-07,0,5806081
"62",NA,1,0,3,0,0,NA,NA,5.16699646456879e-07,0,5806081
"63",NA,1,0,4,0,0,NA,NA,6.88932861942505e-07,0,5806081
"64",NA,1,0,5,0,0,NA,NA,8.61166077428131e-07,0,5806081
"65",NA,3,0,8,0,0,0,NA,1.37786572388501e-06,0,5806081
"66",NA,2,0,10,0,0,0,NA,1.72233215485626e-06,0,5806081
"67",NA,10,0,20,0,0,0,NA,3.44466430971252e-06,0,5806081
"68",NA,3,0,23,0,0,0,NA,3.9613639561694e-06,0,5806081
"69",NA,8,0,31,0,0,0,NA,5.33922968005441e-06,0,5806081
"70",NA,7,0,38,0,0,0,NA,6.5448621884538e-06,0,5806081
"71",NA,75,0,113,0,0,0,NA,1.92901201343901e-05,0,5806081
"72",NA,151,0,264,0,0,0,NA,4.52973356727197e-05,0,5806081
"73",NA,252,0,516,0,0,0,NA,8.85278727596119e-05,0,5806081
"74",NA,160,0,676,0,0,0,NA,0.000115912954021826,0,5806081
"75",NA,128,0,804,0,0,0,NA,0.000137786572388501,0,5806081
"76",NA,23,0,827,0,0,0,NA,0.000141575703129185,0,5806081
"77",NA,48,1,875,1,6.48165763886931e-05,9.21966361184957e-06,0.00045567699122468,0.000149326197826038,0,5806081
"78",NA,57,0,932,1,5.14400893539816e-05,7.29508540953011e-06,0.000362721290320855,0.000158799024677747,0,5806081
"79",NA,92,3,1024,4,0.000179289767742951,0.00011038684958511,0.000291201542014631,0.000173184757593547,2.62609245978105e-07,5806081
"80",NA,91,0,1115,4,0.000161354665647821,9.92256451290578e-05,0.000262385072855483,0.000188341280556282,2.62609245978105e-07,5806081
"81",NA,36,2,1151,6,0.000212138479286425,0.000153470856897599,0.000293233095218752,0.000193598501934318,6.97300590416769e-07,5806081
"82",NA,104,3,1255,9,0.000300781456730627,0.000242474312486729,0.00037310956276224,0.000217318185362162,7.71036211615487e-06,5806081
"83",NA,71,4,1326,13,0.000404721454828498,0.000348704392676872,0.000469737288770781,0.000226071300002266,1.71524096182013e-05,5806081
"84",NA,69,0,1395,13,0.000380017786969799,0.000327290424741875,0.000441239668185584,0.00021886066317427,2.40648964600272e-05,5806081
"85",NA,65,11,1460,24,0.000662149653360148,0.000610882803420816,0.000717718948691598,0.000204937158261214,4.23490028427832e-05,5806081
"86",NA,131,8,1591,32,0.000875514896267313,0.000824166355430177,0.000930062636669841,0.000249468122483086,9.18747303137375e-05,5806081
"87",NA,133,2,1724,34,0.000923485926809751,0.000872265417717501,0.000977714167835859,0.000298665674767339,0.000140211116520563,5806081
"88",NA,153,7,1877,41,0.00111470212950315,0.00106307604101966,0.00116883533216218,0.000385567084286919,0.000204722208027012,5806081
"89",NA,169,11,2046,52,0.0014190878195842,0.00136687416358977,0.00147329600144277,0.000494516821277788,0.00029283172594412,5806081
"90",NA,155,13,2201,65,0.00175790483105084,0.00170575607335797,0.00181164789227361,0.000608495642857843,0.000389931692406583,5806081
"91",NA,194,7,2395,72,0.00195225243588677,0.00189961392844783,0.00200634956206076,0.000750524100777598,0.000514392362346804,5806081
"92",NA,182,5,2577,77,0.00207047403453551,0.00201793021545902,0.00212438601436504,0.000881077604705256,0.000629272643665271,5806081
"93",NA,283,13,2860,90,0.00247607309463851,0.0024218162713647,0.00253154545309002,0.00111945254759729,0.00082510598233235,5806081
"94",NA,247,14,3107,104,0.00286482197368939,0.00280993853102143,0.00292077739435466,0.00132227458521794,0.00100329867013856,5806081
"95",NA,279,19,3386,123,0.00339924929675613,0.00334347953919022,0.00345594930253277,0.00158069569642615,0.00122589527252576,5806081
"96",NA,371,16,3757,139,0.00392067255049371,0.00386303172901852,0.00397917343850043,0.00194906161870947,0.00154224676373242,5806081
"97",NA,320,22,4077,161,0.00452778023101554,0.00446938971028398,0.00458693359704194,0.00227496368123895,0.00182422935631307,5806081
"98",NA,292,18,4369,179,0.00494987083168499,0.0048915840237856,0.00500885216960954,0.00253369762337985,0.00205523375076078,5806081
"99",NA,312,8,4681,187,0.00508365390524769,0.00502573419096939,0.0051422411226558,0.00280129207861134,0.00229199846042035,5806081
"100",NA,390,16,5071,203,0.00549285168645091,0.00543435507766568,0.00555197796576567,0.00313287303570468,0.00258276014544359,5806081
"101",NA,331,15,5402,218,0.00578249623343189,0.00572433388663017,0.00584124954132227,0.0033699704792809,0.00279195580811114,5806081
"102",NA,233,19,5635,237,0.00604397843072042,0.00598713858846949,0.00610135789095738,0.00349608509633615,0.00290463623435851,5806081
"103",NA,184,10,5819,247,0.00601134438566309,0.00595648496003944,0.00606670906843084,0.00352803060925604,0.00293830407943325,5806081
"104",NA,177,13,5996,260,0.00605133241525989,0.0059982044673123,0.00610493093383717,0.00356043727789947,0.00297157191415412,5806081
"105",NA,178,13,6174,273,0.00610354605249862,0.00605188353733509,0.00615564958994167,0.00349139601974627,0.0029206151436269,5806081
"106",NA,144,12,6318,285,0.00611527755277131,0.00606513501698661,0.00616583463396809,0.00340302821155168,0.00284998735662733,5806081
"107",NA,193,14,6511,299,0.00623249388770677,0.00618319235394669,0.00628218852604649,0.00330768097623867,0.00276945217784609,5806081
"108",NA,170,10,6681,309,0.00625905880362451,0.00621069845471032,0.00630779571619964,0.00307978205803445,0.00257617213595447,5806081
"109",NA,198,12,6879,321,0.00636532796240151,0.0063174964603326,0.0064135216099191,0.0029076155777033,0.00242501810791257,5806081
"110",NA,194,15,7073,336,0.00653543403183597,0.00648795799724019,0.00658325747525621,0.00275604886402756,0.00229033024935443,5806081
"111",NA,169,10,7242,346,0.00659193903009871,0.00654503314533342,0.00663918107237104,0.00257104112037935,0.00212995185552066,5806081
"112",NA,142,9,7384,355,0.00661304403430544,0.00656681967052587,0.00665959377504282,0.00227577131354691,0.00187739588612865,5806081
"113",NA,131,9,7515,364,0.00663334928214121,0.00658778082459708,0.00667923294208479,0.00203708817695461,0.00167315939263348,5806081
"114",NA,180,6,7695,370,0.00665205487425656,0.0066068429569703,0.0066975761855269,0.00194278106782625,0.00158798064392586,5806081
"115",NA,217,14,7912,384,0.00685396870753871,0.00680861348752104,0.00689962605896486,0.00194068073180674,0.00158019661179532,5806081
"116",NA,161,10,8073,394,0.00693982452221996,0.00689471401879814,0.00698523017312919,0.00190044839547414,0.0015427200069105,5806081
"117",NA,137,9,8210,403,0.00699059694516857,0.00694585268253926,0.00703562944440897,0.0018411314849596,0.00149046465823086,5806081
"118",NA,235,15,8445,418,0.00723204644229451,0.00718693855913796,0.00727743743920057,0.00190299893947168,0.00153665889013375,5806081
"119",NA,130,4,8575,422,0.00719708831067725,0.00715244924844552,0.00724200596920624,0.00182736483449659,0.00147187547773425,5806081
"120",NA,123,5,8698,427,0.00717787361231076,0.00713367854989286,0.00722234247505881,0.0017696048679769,0.00142221047234239,5806081
"121",NA,153,7,8851,434,0.00722219603614688,0.00717820042116702,0.00726646130285334,0.00171123421805397,0.00137159031711631,5806081
"122",NA,157,9,9008,443,0.00730782142262543,0.00726391493324718,0.00735199330330125,0.00165934638000026,0.00132607510803558,5806081
"123",NA,150,9,9158,452,0.00739158364116617,0.00734776856968423,0.00743565998387225,0.00162658391536679,0.00129658507449633,5806081
"124",NA,153,10,9311,462,0.0074971521636388,0.0074533606450525,0.00754120097516871,0.00162260452294115,0.00129071111670035,5806081
"125",NA,96,11,9407,473,0.00757541921602696,0.00753186579760163,0.00761922448443308,0.0015842816980108,0.001258416454312,5806081
"126",NA,116,8,9523,481,0.00762500773295842,0.00758164683790616,0.00766861661730111,0.00152155856425018,0.00120671624634245,5806081
"127",NA,147,9,9670,490,0.00771990273410928,0.00767653402089878,0.00776351645962358,0.00145093215928329,0.00114814616645955,5806081
"128",NA,151,7,9821,497,0.00779065352570773,0.0077472834957651,0.00783426634520339,0.00143231408408103,0.00113125042341216,5806081
"129",NA,162,3,9983,500,0.00781059858913645,0.00776726298833969,0.00785417597063502,0.0014424093900833,0.00113703989902729,5806081
"130",NA,100,6,10083,506,0.00783115021144573,0.0077880260991988,0.00787451311193416,0.0013188292573263,0.00103671125036084,5806081
"131",NA,135,6,10218,512,0.0078810109691405,0.00783793294671884,0.0079243257524567,0.00131384263093094,0.00103086345788806,5806081
"132",NA,101,4,10319,516,0.00787692981703043,0.00783407318977602,0.00792002089326881,0.00128943659306222,0.00101024655076002,5806081
"133",NA,110,3,10429,519,0.00786811546012266,0.00782544705882053,0.00791101651170737,0.00124758143563275,0.000975797421596432,5806081
"134",NA,84,5,10513,524,0.00787399962216143,0.00783155162732063,0.00791667769047321,0.00118312786984727,0.000923916880541403,5806081
"135",NA,78,4,10591,528,0.00786471162370657,0.00782250726522497,0.00790714368512463,0.00111998180402294,0.000873171606232041,5806081
"136",NA,76,6,10667,534,0.00788847480489821,0.00784644365157366,0.0079307311070836,0.00105299089933351,0.000819442659135,5806081
"137",NA,46,4,10713,538,0.00786563956607985,0.00782391884263879,0.00790758276355209,0.00100945635134664,0.000784519771922413,5806081
"138",NA,78,0,10791,538,0.007813819045447,0.00777235019305206,0.00785550915211847,0.00097305606670508,0.000754664349469306,5806081
"139",NA,67,5,10858,543,0.00783241088460372,0.00779108333668807,0.00787395765315185,0.000904031176023997,0.000699418116027073,5806081
"140",NA,69,4,10927,547,0.00784275472730091,0.00780155850410926,0.0078841684876429,0.000833772313929189,0.000643282377602087,5806081
"141",NA,41,1,10968,548,0.00779470578954223,0.00775379406239347,0.00783583338126062,0.000736162905296128,0.000566513188042786,5806081
"142",NA,76,3,11044,551,0.00780453679606548,0.00776370726930086,0.00784558104631181,0.00071220346270799,0.000546687342626303,5806081
"143",NA,73,3,11117,554,0.00781623126593447,0.00777547393112898,0.00785720224178039,0.00065940514931732,0.000504567488595741,5806081
"144",NA,65,7,11182,561,0.00788167445041167,0.00784090641963779,0.00792265445059881,0.000628123063607841,0.000479485798643745,5806081
"145",NA,48,0,11230,561,0.00783948911657502,0.00779892440711902,0.00788026481610701,0.000578642080148684,0.000440683274544697,5806081
"146",NA,59,0,11289,561,0.00780801879493158,0.00776760298080912,0.00784864489761219,0.000556535232461446,0.0004228822572446,5806081
"147",NA,71,1,11360,562,0.00780162808886442,0.0077612803609274,0.00784218556816642,0.000547373823024958,0.000414926480316512,5806081
"148",NA,27,1,11387,563,0.00776756662687176,0.00772743025389166,0.00780791146869377,0.000509588067565728,0.000385580152416077,5806081
"149",NA,41,0,11428,563,0.00773192448942977,0.00769196030758716,0.00777209630830722,0.000503553868253977,0.000380407119181755,5806081
"150",NA,52,2,11480,565,0.00773411490944578,0.00769422298756215,0.00777421365733825,0.000482106240111414,0.000363437554641817,5806081
"151",NA,32,3,11512,568,0.00773913226138296,0.00769934486481601,0.00777912526465455,0.000455288364739715,0.000342647841812116,5806081
"152",NA,81,0,11593,568,0.0077385517218966,0.00769875720420474,0.00777855193559839,0.000459833309821846,0.000345125988308419,5806081
"153",NA,40,3,11633,571,0.0077533344982879,0.00771359422028762,0.00779327951737909,0.000457355344810915,0.000342820256512973,5806081
"154",NA,36,3,11669,574,0.00776669196913241,0.00772701250614843,0.00780657519259711,0.000427608920443532,0.000319963160765016,5806081
"155",NA,30,2,11699,576,0.00776402636146944,0.00772444313982264,0.00780381242381396,0.000396192945072504,0.000295953213659869,5806081
"156",NA,35,4,11734,580,0.00779339432317175,0.00775383471107446,0.00783315576610084,0.000373623472605189,0.000278550737657123,5806081
"157",NA,37,0,11771,580,0.00777230719569083,0.0077328465045822,0.00781196925458063,0.000364546251462473,0.000271368081884749,5806081
"158",NA,40,2,11811,582,0.00778192586758741,0.0077424984685733,0.00782155404414115,0.000350093837472068,0.000260188098988571,5806081
"159",NA,64,4,11875,586,0.00783568760564265,0.00779615965719163,0.00787541596798686,0.000343563894064971,0.000254863788089874,5806081
"160",NA,49,1,11924,587,0.0078405202487583,0.00780100519052126,0.00788023546579403,0.000357365537510916,0.000264876300795135,5806081
"161",NA,24,2,11948,589,0.0078428262845535,0.00780338109108936,0.00788247086893156,0.000345379790975622,0.000255818518923097,5806081
"162",NA,14,4,11962,593,0.00786580456592289,0.00782641266153608,0.0079053947376639,0.000319553138817263,0.000236536728953192,5806081
"163",NA,39,0,12001,593,0.00785341630900284,0.00781407982751623,0.00789295081236916,0.000323562086160725,0.000239340043788254,5806081
"164",NA,15,0,12016,593,0.00782700789173122,0.00778779750899498,0.00786641569281489,0.000279263751749663,0.000206409101599243,5806081
"165",NA,19,0,12035,593,0.00780486358745129,0.00776575827000094,0.00784416582396605,0.000264925720272214,0.000195687967646992,5806081
"166",NA,64,1,12099,594,0.00782675174396746,0.00778757448919592,0.00786612608928286,0.000282365836864953,0.000208305554206134,5806081
"167",NA,40,3,12139,597,0.00786059976727237,0.00782137742333049,0.00790001880192241,0.000288358343394189,0.000212575728580514,5806081
"168",NA,54,0,12193,597,0.00786436294283963,0.00782511651372546,0.00790380621019837,0.000299941782606804,0.000220886736698901,5806081
"169",NA,24,1,12217,598,0.00786201559635735,0.00782281856521532,0.00790140902822599,0.000290955685805586,0.000214139671698997,5806081
"170",NA,33,0,12250,598,0.00785241707937309,0.00781326279947604,0.00789176757148948,0.000285754294249046,0.000210143912650856,5806081
"171",NA,44,0,12294,598,0.00785030953924745,0.00781116070545162,0.00788965458347159,0.000271620175629851,0.000199454458341374,5806081
"172",NA,50,2,12344,600,0.00787869764178474,0.00783948795687848,0.00791810343636025,0.000271313726647722,0.000198975776143759,5806081
"173",NA,47,0,12391,600,0.0078790351767586,0.00783981880746746,0.00791844771431053,0.000285445583327249,0.000209146268867117,5806081
"174",NA,0,0,12391,600,0.00784947373457779,0.00781039966332599,0.0078887432866129,0.000276239659240732,0.000202351609797398,5806081
"175",NA,0,0,12391,600,0.00782039740492858,0.00778146328876171,0.0078595263257672,0.000250718183026157,0.000183547228986763,5806081
"176",NA,136,2,12527,602,0.00790454187578117,0.00786526961959674,0.00794401022315897,0.000326763503738617,0.000238752330625462,5806081
"177",NA,34,1,12561,603,0.00791162952575411,0.00787236000662834,0.0079510949321527,0.000335856868024356,0.000245262196678917,5806081
"178",NA,54,0,12615,603,0.00791704576536039,0.00787774472919117,0.00795654286924912,0.000328345602346209,0.000239473263155625,5806081
"179",NA,21,0,12636,603,0.00790089140632209,0.0078616658647516,0.00794031266253347,0.000315574270492714,0.000229974362396358,5806081
"180",NA,39,1,12675,604,0.00790874437054607,0.00786951741750596,0.00794816685703037,0.000305079409119097,0.000222062999255025,5806081
"181",NA,0,0,12675,604,0.00787946014852633,0.00784037372320813,0.00791874143045445,0.00028963467028693,0.000210751857594513,5806081
"182",NA,0,0,12675,604,0.00785106459783338,0.00781211446465336,0.00789020893104486,0.000268481220195558,0.000195282103614167,5806081
"183",NA,76,1,12751,605,0.00788427928397679,0.00784520210222724,0.00792355111031467,0.000287377909237401,0.00020866732976047,5806081
"184",NA,17,0,12768,605,0.00786916651342819,0.00783016023505922,0.00790836710324246,0.000265942273962773,0.000192915390596868,5806081
"185",NA,26,1,12794,606,0.00787302719321291,0.00783403957973246,0.00791220883609408,0.000252056084021694,0.000182646098180987,5806081
"186",NA,21,0,12815,606,0.00786137994469636,0.00782244616421415,0.0079005075059002,0.000264938563837428,0.000191911680471522,5806081
"187",NA,17,0,12832,606,0.00784799332639721,0.00780912212912397,0.0078870580114854,0.000275335687165728,0.000199380839136567,5806081
"188",NA,0,0,12832,606,0.00782510016990239,0.00778633868109696,0.00786405461884942,0.000189519634231567,0.000136988503508451,5806081
"189",NA,0,0,12832,606,0.00780339471054866,0.00776473738489851,0.00784224449458502,0.0001681045077388,0.000121429306342196,5806081
"190",NA,46,1,12878,607,0.00782401746311889,0.00778529630834278,0.00786293120245027,0.000162161915809999,0.00011686458013728,5806081
"191",NA,10,2,12888,609,0.00783679577507463,0.00779809103286983,0.00787569262289384,0.000155111971511848,0.00011170920120947,5806081
"192",NA,12,0,12900,609,0.00782567662785446,0.00778702397525012,0.0078645211416317,0.000138057072637331,9.9304599153065e-05,5806081
"193",NA,16,0,12916,609,0.00781770922042054,0.00777909311024864,0.00785651702439834,0.000147741444542466,0.00010623323961043,5806081
"194",NA,30,0,12946,609,0.00781894706753138,0.00778032223771255,0.00785776364743882,0.000165860432030952,0.000119185230634348,5806081
"195",NA,0,0,12946,609,0.00780261082992625,0.00776406420655198,0.00784134882757745,0.000118867629459998,8.52821524403011e-05,5806081
"196",NA,0,0,12946,609,0.00778678825685628,0.0077483173228233,0.00782545020175056,0.000108390199108473,7.77326867520311e-05,5806081
"197",NA,91,1,13037,610,0.00783930895666892,0.00780061740498105,0.00787819242088042,0.000147110035617202,0.000105257364254195,5806081
