"","date","cases","deaths","cum_cases","cum_deaths","p_cases","p_cases_low","p_cases_high","p_cases_active","p_cases_active_undetected","population"
"1",NA,0,0,0,0,NA,NA,NA,0,0,1324820
"2",NA,0,0,0,0,NA,NA,NA,0,0,1324820
"3",NA,0,0,0,0,NA,NA,NA,0,0,1324820
"4",NA,0,0,0,0,NA,NA,NA,0,0,1324820
"5",NA,0,0,0,0,NA,NA,NA,0,0,1324820
"6",NA,0,0,0,0,NA,NA,NA,0,0,1324820
"7",NA,0,0,0,0,NA,NA,NA,0,0,1324820
"8",NA,0,0,0,0,NA,NA,NA,0,0,1324820
"9",NA,0,0,0,0,NA,NA,NA,0,0,1324820
"10",NA,0,0,0,0,NA,NA,NA,0,0,1324820
"11",NA,0,0,0,0,NA,NA,NA,0,0,1324820
"12",NA,0,0,0,0,NA,NA,NA,0,0,1324820
"13",NA,0,0,0,0,NA,NA,NA,0,0,1324820
"14",NA,0,0,0,0,NA,NA,NA,0,0,1324820
"15",NA,0,0,0,0,NA,NA,NA,0,0,1324820
"16",NA,0,0,0,0,NA,NA,NA,0,0,1324820
"17",NA,0,0,0,0,NA,NA,NA,0,0,1324820
"18",NA,0,0,0,0,NA,NA,NA,0,0,1324820
"19",NA,0,0,0,0,NA,NA,NA,0,0,1324820
"20",NA,0,0,0,0,NA,NA,NA,0,0,1324820
"21",NA,0,0,0,0,NA,NA,NA,0,0,1324820
"22",NA,0,0,0,0,NA,NA,NA,0,0,1324820
"23",NA,0,0,0,0,NA,NA,NA,0,0,1324820
"24",NA,0,0,0,0,NA,NA,NA,0,0,1324820
"25",NA,0,0,0,0,NA,NA,NA,0,0,1324820
"26",NA,0,0,0,0,NA,NA,NA,0,0,1324820
"27",NA,0,0,0,0,NA,NA,NA,0,0,1324820
"28",NA,0,0,0,0,NA,NA,NA,0,0,1324820
"29",NA,0,0,0,0,NA,NA,NA,0,0,1324820
"30",NA,0,0,0,0,NA,NA,NA,0,0,1324820
"31",NA,0,0,0,0,NA,NA,NA,0,0,1324820
"32",NA,0,0,0,0,NA,NA,NA,0,0,1324820
"33",NA,0,0,0,0,NA,NA,NA,0,0,1324820
"34",NA,0,0,0,0,NA,NA,NA,0,0,1324820
"35",NA,0,0,0,0,NA,NA,NA,0,0,1324820
"36",NA,0,0,0,0,NA,NA,NA,0,0,1324820
"37",NA,0,0,0,0,NA,NA,NA,0,0,1324820
"38",NA,0,0,0,0,NA,NA,NA,0,0,1324820
"39",NA,0,0,0,0,NA,NA,NA,0,0,1324820
"40",NA,0,0,0,0,NA,NA,NA,0,0,1324820
"41",NA,0,0,0,0,NA,NA,NA,0,0,1324820
"42",NA,0,0,0,0,NA,NA,NA,0,0,1324820
"43",NA,0,0,0,0,NA,NA,NA,0,0,1324820
"44",NA,0,0,0,0,NA,NA,NA,0,0,1324820
"45",NA,0,0,0,0,NA,NA,NA,0,0,1324820
"46",NA,0,0,0,0,NA,NA,NA,0,0,1324820
"47",NA,0,0,0,0,NA,NA,NA,0,0,1324820
"48",NA,0,0,0,0,NA,NA,NA,0,0,1324820
"49",NA,0,0,0,0,NA,NA,NA,0,0,1324820
"50",NA,0,0,0,0,NA,NA,NA,0,0,1324820
"51",NA,0,0,0,0,NA,NA,NA,0,0,1324820
"52",NA,0,0,0,0,NA,NA,NA,0,0,1324820
"53",NA,0,0,0,0,NA,NA,NA,0,0,1324820
"54",NA,0,0,0,0,NA,NA,NA,0,0,1324820
"55",NA,0,0,0,0,NA,NA,NA,0,0,1324820
"56",NA,0,0,0,0,NA,NA,NA,0,0,1324820
"57",NA,0,0,0,0,NA,NA,NA,0,0,1324820
"58",NA,0,0,0,0,NA,NA,NA,0,0,1324820
"59",NA,0,0,0,0,NA,NA,NA,0,0,1324820
"60",NA,1,0,1,0,NA,NA,NA,7.54819522652134e-07,0,1324820
"61",NA,0,0,1,0,0,NA,NA,7.54819522652134e-07,0,1324820
"62",NA,0,0,1,0,0,NA,NA,7.54819522652134e-07,0,1324820
"63",NA,0,0,1,0,0,NA,NA,7.54819522652134e-07,0,1324820
"64",NA,1,0,2,0,0,NA,NA,1.50963904530427e-06,0,1324820
"65",NA,3,0,5,0,0,NA,NA,3.77409761326067e-06,0,1324820
"66",NA,5,0,10,0,0,NA,NA,7.54819522652134e-06,0,1324820
"67",NA,3,0,13,0,0,0,NA,9.81265379447774e-06,0,1324820
"68",NA,3,0,16,0,0,0,NA,1.20771123624341e-05,0,1324820
"69",NA,11,0,27,0,0,0,NA,2.03801271116076e-05,0,1324820
"70",NA,52,0,79,0,0,0,NA,5.96307422895186e-05,0,1324820
"71",NA,36,0,115,0,0,0,NA,8.68042451049954e-05,0,1324820
"72",NA,56,0,171,0,0,0,NA,0.000128319318850863,0,1324820
"73",NA,34,0,205,0,0,0,NA,0.000153983182621035,0,1324820
"74",NA,20,0,225,0,0,0,NA,0.000169079573074078,0,1324820
"75",NA,33,0,258,0,0,0,NA,0.000193988617321598,0,1324820
"76",NA,9,0,267,0,0,0,NA,0.000200027173502815,0,1324820
"77",NA,16,0,283,0,0,0,NA,0.000209839827297293,0,1324820
"78",NA,23,0,306,0,0,0,NA,0.000223426578705032,0,1324820
"79",NA,20,0,326,0,0,0,NA,0.000236258510590118,0,1324820
"80",NA,26,0,352,0,0,0,NA,0.000253619359611117,0,1324820
"81",NA,17,0,369,0,0,0,NA,0.00025814827674703,0,1324820
"82",NA,35,1,404,1,0.000134471517628636,1.91329912924199e-05,0.000945099946839601,0.000245316344861944,0,1324820
"83",NA,134,0,538,1,0.000160882134399307,2.28623831205462e-05,0.00113212437357922,0.000319288658081853,0,1324820
"84",NA,37,0,575,1,0.00015430420199303,2.19034539995957e-05,0.00108703343103536,0.000304947087151462,0,1324820
"85",NA,65,0,640,1,0.000152876173573788,2.16779958323406e-05,0.00107810355843396,0.000328346492353678,0,1324820
"86",NA,39,2,679,3,0.000432288384050689,0.000226210728902159,0.000826102492539081,0.000342688063284069,0,1324820
"87",NA,36,0,715,3,0.000405380253519274,0.000211957271386073,0.000775312631969223,0.000344952521852025,0,1324820
"88",NA,30,1,745,4,0.000504740766470079,0.000310512320990761,0.000820460974057074,0.00036080373182772,0,1324820
"89",NA,34,1,779,5,0.000596195284962469,0.000404304770230582,0.000879160583756557,0.000374747979784572,3.57496549113626e-07,1324820
"90",NA,79,6,858,11,0.00131687905303256,0.00110538453694087,0.00156883906221015,0.000478638232383121,6.19778558791428e-05,1324820
"91",NA,103,1,961,12,0.0014759165046443,0.00125689763837562,0.00173310018427329,0.000621730603614119,0.000142420206730014,1324820
"92",NA,57,1,1018,13,0.00155629662904602,0.00134160327511457,0.00180534681340365,0.000689245677022828,0.000186535874936507,1324820
"93",NA,79,2,1097,15,0.00177832360217149,0.00156359628910359,0.00202253922964553,0.000804478981757202,0.000254970369266448,1324820
"94",NA,11,4,1108,19,0.00209351220111864,0.00189147960520168,0.00231712428946085,0.000798844264359959,0.000267451320412857,1324820
"95",NA,41,2,1149,21,0.00221521948599918,0.00202064598150009,0.00242852900313961,0.000776744574456833,0.000315549846116379,1324820
"96",NA,36,3,1185,24,0.00242442036109459,0.00223689617496521,0.00262766513398032,0.000822469528911451,0.000362029620093649,1324820
"97",NA,22,0,1207,24,0.00230637302106911,0.00212755406518131,0.0025002215451865,0.00081544454201323,0.00038746187266947,1324820
"98",NA,51,0,1258,24,0.00225794874892825,0.0020825265963011,0.00244814763078756,0.000877545043424185,0.0004405045398086,1324820
"99",NA,46,0,1304,24,0.0022096669674679,0.00203768565871054,0.00239616355262988,0.000928319915227975,0.000483731216385868,1324820
"100",NA,5,1,1309,25,0.00218957136587478,0.00202549745796549,0.0023669359580803,0.000914038856538001,0.000488320645762198,1324820
"101",NA,23,3,1332,28,0.00237342094338981,0.00221382530549711,0.00254452190086267,0.000928999989985957,0.000511584793959327,1324820
"102",NA,41,3,1373,31,0.00258704396808815,0.00242923981888689,0.00275509912227935,0.000885002204237941,0.000496270150072092,1324820
"103",NA,29,4,1402,35,0.00285893239688856,0.00270376731083827,0.00302300217079142,0.000785949704686403,0.000453074295196812,1324820
"104",NA,32,1,1434,36,0.00289096755183853,0.00273809779096145,0.00305237212979473,0.000763321849252778,0.00044931692782949,1324820
"105",NA,25,2,1459,38,0.00299120642170776,0.00284095791564024,0.0031494010551893,0.000686511006425432,0.000413266339225359,1324820
"106",NA,53,0,1512,38,0.00299273645605299,0.00284222272968958,0.00315122083917989,0.00077063116233594,0.000465684075184478,1324820
"107",NA,16,2,1528,40,0.00307854987804705,0.00293108881150551,0.00323342960964583,0.000723821160581136,0.000437744561495977,1324820
"108",NA,7,0,1535,40,0.00299438190441035,0.00285078735638747,0.00314520932940515,0.000663823045567459,0.000399636212639212,1324820
"109",NA,17,3,1552,43,0.00315695840259642,0.00301570503752772,0.00330482796948026,0.000656364849088742,0.000395952113773755,1324820
"110",NA,7,1,1559,44,0.00315447205299839,0.00301631124092931,0.00329896126040433,0.000578990147917823,0.00035178947159953,1324820
"111",NA,33,1,1592,45,0.0032096379547852,0.00307196780985707,0.00335347778311422,0.000567573213316089,0.000350185190792274,1324820
"112",NA,13,1,1605,46,0.00322871885039801,0.00309303860572059,0.00337035088913376,0.000585361303183304,0.000361934724478273,1324820
"113",NA,30,0,1635,46,0.00321504229868903,0.00307982745751279,0.00335619352868137,0.000603370411226871,0.000374660095863274,1324820
"114",NA,8,3,1643,49,0.00336803075241951,0.00323470699701414,0.00350684966512097,0.000542516514721958,0.000338715243605882,1324820
"115",NA,4,1,1647,50,0.00337507996804461,0.00324396935514404,0.00351148964235213,0.000491577168115976,0.000306646385066203,1324820
"116",NA,13,0,1660,50,0.00333684036403446,0.00320712528010425,0.00347180189190728,0.000453196524920881,0.000282607312801498,1324820
"117",NA,6,0,1666,50,0.00328957636712824,0.00316161970659275,0.00342271167294521,0.000413789344935951,0.00025754170374696,1324820
"118",NA,23,2,1689,52,0.00341135956546468,0.00328353687065452,0.00354415818774334,0.000355339497851997,0.000221736442342569,1324820
"119",NA,5,0,1694,52,0.00336884301157826,0.00324254395688866,0.00350006149108602,0.000333046829825126,0.000207746789064872,1324820
"120",NA,5,1,1699,53,0.00339367152362735,0.00326870063832171,0.0035234203693222,0.000329378929740074,0.000205588528025124,1324820
"121",NA,1,2,1700,55,0.00347578131482989,0.00335223022231865,0.00360388605415186,0.000296843421388642,0.000185130132036126,1324820
"122",NA,3,0,1703,55,0.00343795996327968,0.00331569694266394,0.00356473131094358,0.000288735960346405,0.000180041949084497,1324820
"123",NA,8,0,1711,55,0.00341411771102272,0.00329265088450913,0.00354006548327298,0.00023816766567556,0.000148344142479956,1324820
"124",NA,2,0,1713,55,0.00338174560457177,0.00326138600308974,0.0035065470089116,0.000215964379939094,0.000134443871492663,1324820
"125",NA,7,1,1720,56,0.00342333097039206,0.00330355151287979,0.00354745336561425,0.0001709049390543,0.000106745279628869,1324820
"126",NA,5,0,1725,56,0.00340206585277787,0.00328299275199652,0.00352545769697438,0.000164366580130515,0.00010247137927304,1324820
"127",NA,8,4,1733,60,0.00363093546646164,0.00351200028036134,0.00375389843654928,0.000172931051639017,0.000108016572690933,1324820
"128",NA,6,0,1739,60,0.003614498203758,0.00349606541255322,0.00373694302688363,0.000159270123394597,9.96393811050783e-05,1324820
"129",NA,2,1,1741,61,0.00365120977047856,0.00353343273717771,0.00377291256962949,0.000151617291862517,9.50058276636069e-05,1324820
"130",NA,5,0,1746,61,0.00363556704171998,0.0035182648348229,0.00375678021279653,0.000115574148416784,7.25494356256125e-05,1324820
"131",NA,5,0,1751,61,0.00362150453812058,0.00350462681914463,0.00374228007615057,0.000115971938605664,7.29472258144921e-05,1324820
"132",NA,7,1,1758,62,0.00367218138154158,0.00355548368206017,0.00379270932024838,0.00012060655954577,7.60722077092943e-05,1324820
"133",NA,8,1,1766,63,0.00372581790271432,0.00360919963235007,0.0038462042719282,0.000135439979596042,8.56218911010009e-05,1324820
"134",NA,4,0,1770,63,0.00371260618344852,0.00359637516815143,0.00383259366137405,0.000137773749485879,8.72008414681863e-05,1324820
"135",NA,4,0,1774,63,0.00370011785785393,0.00358425452170789,0.00381972655097213,0.000130153598181704,8.25999682546194e-05,1324820
"136",NA,10,1,1784,64,0.0037596459396295,0.00364366595936593,0.00387931762927915,0.000147279515601887,9.36873294935857e-05,1324820
"137",NA,7,0,1791,64,0.00375471055353138,0.00363885968239547,0.00387424978462464,0.00014802238196494,9.44301958566389e-05,1324820
"138",NA,3,0,1794,64,0.00374173790838696,0.00362626701494447,0.00386088573107307,0.000144418408325429,9.23358612624314e-05,1324820
"139",NA,6,0,1800,64,0.00373544255391989,0.00362014337762704,0.00385441393284868,0.00014010849647014,8.95355884524466e-05,1324820
"140",NA,7,0,1807,64,0.00373175752336753,0.00361655225864545,0.00385063265155915,0.000142093714267902,9.07659867275571e-05,1324820
"141",NA,14,0,1821,64,0.00374289582568952,0.00362732700015297,0.00386214674369674,0.000166675027522536,0.000106289465710365,1324820
"142",NA,2,0,1823,64,0.00372940442770182,0.0036142327249474,0.00384824620986862,0.000160355398635273,0.000102234295391059,1324820
"143",NA,1,1,1824,65,0.00377188235828097,0.00365710201383111,0.00389026515281896,0.000152082070055393,9.69802449017868e-05,1324820
"144",NA,10,0,1834,65,0.00377512833237604,0.0036602298787737,0.00389363356890663,0.000158044311370974,0.000100678027649412,1324820
"145",NA,6,1,1840,66,0.00382865292604529,0.00371380235274239,0.00394705529153721,0.000153651051879006,9.77944072027483e-05,1324820
"146",NA,11,0,1851,66,0.00383472063276326,0.00371966875599344,0.00395333114209328,0.000168049704779301,0.000106909323444478,1324820
"147",NA,8,1,1859,67,0.00389266480855487,0.00377753144350271,0.00401130726200152,0.000176458361338424,0.000112298701912992,1324820
"148",NA,6,0,1865,67,0.00388811628801101,0.00377309822417029,0.00400664053012318,0.000167892797906782,0.000106752416571959,1324820
"149",NA,4,1,1869,68,0.00393720492279384,0.00382235945748277,0.00405550100049478,0.000161644105390949,0.000102768182624083,1324820
"150",NA,1,0,1870,68,0.00392214862933964,0.00380772566058186,0.0040400100327291,0.000157484424271766,0.000100118140550203,1324820
"151",NA,0,0,1870,68,0.00390559751887052,0.00379163857675364,0.00402298153440237,0.000145032949092033,9.21955825063833e-05,1324820
"152",NA,10,1,1880,69,0.0039683435779196,0.00385414687540419,0.00408592387926686,0.000151684987690594,9.65831625369887e-05,1324820
"153",NA,10,0,1890,69,0.0039743795863508,0.00385999268513544,0.00409215622538095,0.000143937755580702,9.18552085177045e-05,1324820
"154",NA,20,0,1910,69,0.00400147446727629,0.00388629360909813,0.00412006902277767,0.000181746509393407,0.000116077210922671,1324820
"155",NA,21,0,1931,69,0.00402982758242798,0.00391381410020494,0.00414927994235776,0.000223503748984826,0.000142738060061048,1324820
"156",NA,8,0,1939,69,0.00402935009781381,0.00391333167303349,0.00414880811729581,0.000219544071029195,0.000140288021150721,1324820
"157",NA,1,0,1940,69,0.00401268486891529,0.00389712554893707,0.0041316708058362,0.000209127727489201,0.000133645775223988,1324820
"158",NA,7,0,1947,69,0.00400776231229046,0.00389232651011764,0.00412662162592582,0.000200748010890324,0.000128285336715719,1324820
"159",NA,11,0,1958,69,0.00401115696815325,0.00389560303680408,0.00413013853597464,0.000206530949997415,0.000131803817254854,1324820
"160",NA,7,0,1965,69,0.00400650830385883,0.00389106816050354,0.00412537332340446,0.000208294813553679,0.000132812861288465,1324820
"161",NA,5,0,1970,69,0.00399787935684402,0.00388266794720179,0.00411650946442598,0.000210015380701368,0.000133778608913503,1324820
"162",NA,3,0,1973,69,0.00398548980774965,0.00387061797397929,0.00410377079692684,0.000213978020340721,0.000136231609507551,1324820
"163",NA,0,0,1973,69,0.00396765966187621,0.00385328235167442,0.00408543204357681,0.000213978020340721,0.000136231609507551,1324820
"164",NA,1,0,1974,69,0.00395281167880533,0.00383884538469164,0.00407016136424959,0.000194872247347129,0.000123919212217828,1324820
"165",NA,1,0,1975,69,0.00393918686565169,0.00382559868102299,0.00405614766637607,0.00017583830892255,0.000111678649497119,1324820
"166",NA,2,0,1977,69,0.00392882006486769,0.00381551624140885,0.00404548850679442,0.00013791257984753,8.73396718298374e-05,1324820
"167",NA,0,0,1977,69,0.00391566524407179,0.00380272637985203,0.00403195832991497,9.4087422296527e-05,5.93657242545288e-05,1324820
"168",NA,2,0,1979,69,0.00390756422146535,0.00379484880338007,0.00402362753722255,8.14120053286933e-05,5.1219224422608e-05,1324820
"169",NA,2,0,1981,69,0.00390046503102867,0.0037879422323714,0.00401633037807791,8.32814859083938e-05,5.23338854796563e-05,1324820
"170",NA,0,0,1981,69,0.0038902692381313,0.00377803052455911,0.00400584236860205,6.88724791359063e-05,4.32086153657337e-05,1324820
"171",NA,0,0,1981,69,0.00388083897044413,0.00376886235842312,0.00399614251787622,4.63378894271802e-05,2.89770404061811e-05,1324820
"172",NA,1,0,1982,69,0.00387414296325724,0.0037623516288469,0.00398925597083428,3.40200042147371e-05,2.11880723296509e-05,1324820
"173",NA,1,0,1983,69,0.00386817657217066,0.00375654952039345,0.00398312065693808,2.58237712661635e-05,1.60111174716858e-05,1324820
"174",NA,1,0,1984,69,0.00386283662289924,0.00375135778820407,0.00397762826625907,2.17107202082462e-05,1.34077054590727e-05,1324820
"175",NA,2,0,1986,69,0.00385997356211657,0.00374856954469978,0.00397468840382208,2.55979040573061e-05,1.57852502628284e-05,1324820
"176",NA,0,0,1986,69,0.00385365188988124,0.00374242449852476,0.00396818503465849,2.35954665300491e-05,1.45376322582235e-05,1324820
"177",NA,1,0,1987,69,0.00384964201582747,0.00373852455899181,0.00396406213632597,2.35383557349976e-05,1.4480521463172e-05,1324820
"178",NA,0,0,1987,69,0.00384407477379651,0.00373311223617302,0.00395833554730923,1.95638286081714e-05,1.20156333816501e-05,1324820
"179",NA,2,0,1989,69,0.00384274301178159,0.00373181507736419,0.00395696827106076,2.34278235923661e-05,1.43699893205405e-05,1324820
"180",NA,0,0,1989,69,0.00383787093983784,0.00372707790998129,0.00395195746013416,1.94787945661252e-05,1.19305993396039e-05,1324820
"181",NA,1,0,1990,69,0.00383519188735541,0.00372447238519749,0.00394920281092561,1.74681518282959e-05,1.06747761244267e-05,1324820
"182",NA,1,0,1991,69,0.00383277729285029,0.00372212179842883,0.00394672248038465,1.93932032059204e-05,1.18450079793991e-05,1324820
"183",NA,2,0,1993,69,0.00383251041298599,0.00372185883353075,0.00394645168519519,2.32391745185004e-05,1.41813402466748e-05,1324820
"184",NA,0,0,1993,69,0.00382855466009099,0.00371801351199465,0.00394238233347377,2.12845110657975e-05,1.2981496316624e-05,1324820
"185",NA,1,0,1994,69,0.0038266497252142,0.00371615980905644,0.00394042475885877,2.12529242023811e-05,1.29499094532076e-05,1324820
"186",NA,1,0,1995,69,0.00382490838481658,0.00371446686705599,0.00393863363865069,2.12231772474919e-05,1.29201624983184e-05,1324820
"187",NA,8,0,2003,69,0.00383672218831322,0.00372593578805152,0.00395080269431938,3.26598962973364e-05,1.98279644122501e-05,1324820
"188",NA,8,0,2011,69,0.00384842545865212,0.00373729735214155,0.00396285794661618,4.7969395884217e-05,2.90989078179137e-05,1324820
"189",NA,2,0,2013,69,0.00384809626301135,0.00373697389928074,0.00396252295266285,4.98552268534121e-05,3.02299192644566e-05,1324820
"190",NA,1,0,2014,69,0.00384522729775593,0.00373418215554301,0.00395957464192244,5.17644757599443e-05,3.13843486483367e-05,1324820
"191",NA,0,0,2014,69,0.00384012299175084,0.00372922151884046,0.00395432250867163,4.79004807757496e-05,2.90299927094463e-05,1324820
"192",NA,0,0,2014,69,0.00383500476012935,0.00372424551705774,0.00394905798848458,4.79004807757496e-05,2.90299927094463e-05,1324820
