"","date","cases","deaths","cum_cases","cum_deaths","p_cases","p_cases_low","p_cases_high","p_cases_active","p_cases_active_undetected","population"
"1","2020/03/13",1,0,1,0,NA,NA,NA,4.60282668792559e-07,0,2172578
"2","2020/03/15",0,0,1,0,0,NA,NA,4.60282668792559e-07,0,2172578
"3","2020/03/16",0,0,1,0,0,NA,NA,4.60282668792559e-07,0,2172578
"4","2020/03/17",0,0,1,0,0,NA,NA,4.60282668792559e-07,0,2172578
"5","2020/03/18",0,0,1,0,0,NA,NA,4.60282668792559e-07,0,2172578
"6","2020/03/19",2,0,3,0,0,NA,NA,1.38084800637768e-06,0,2172578
"7","2020/03/20",0,0,3,0,0,NA,NA,1.38084800637768e-06,0,2172578
"8","2020/03/21",0,1,3,1,0,NA,NA,1.38084800637768e-06,0,2172578
"9","2020/03/22",0,0,3,1,0,NA,NA,1.38084800637768e-06,0,2172578
"10","2020/03/23",3,0,6,1,0,NA,NA,2.76169601275535e-06,0,2172578
"11","2020/03/24",0,0,6,1,0.000171521904887623,0.000171198121354532,0.000171846300785939,2.76169601275535e-06,0,2172578
"12","2020/03/25",0,0,6,1,0.000134328580210177,0.000134075006870235,0.000134582633128231,2.76169601275535e-06,0,2172578
"13","2020/03/26",0,0,6,1,0.000107884655597646,4.04138747003852e-05,0.000287997599827064,2.30141334396279e-06,0,2172578
"14","2020/03/27",1,0,7,1,0.000104907537765514,3.92986385588828e-05,0.000280050197248759,1.7288204453322e-05,1.45265084405666e-05,2172578
"15","2020/03/28",0,0,7,1,8.99360959847358e-05,2.4301624825485e-05,0.000332837883024728,1.7288204453322e-05,1.45265084405666e-05,2172578
"16","2020/03/29",0,0,7,1,7.85395520042621e-05,2.12221656485199e-05,0.000290661251598533,1.7288204453322e-05,1.45265084405666e-05,2172578
"17","2020/03/30",0,0,7,1,6.99156269452031e-05,1.88918955938366e-05,0.000258745601618482,1.7288204453322e-05,1.45265084405666e-05,2172578
"18","2020/03/31",0,0,7,1,6.33798006593156e-05,1.45451225225431e-05,0.000276174994427771,1.63676391157369e-05,1.45265084405666e-05,2172578
"19","2020/04/01",9,0,16,1,0.000133412345796994,3.06169930395947e-05,0.00058133906187452,9.1412083626546e-05,8.54284089322427e-05,2172578
"20","2020/04/02",2,0,18,1,0.000135639378618772,3.11280780369837e-05,0.000591043270009395,0.000106483125695298,9.957888566341e-05,2172578
"21","2020/04/03",0,0,18,1,0.00011679121941293,2.4300535759464e-05,0.000561312271752975,0.000106483125695298,9.957888566341e-05,2172578
"22","2020/04/04",3,0,21,1,0.000115504053390564,2.25127720947023e-05,0.000592605223982599,0.000121602856744716,0.000114698616712827,2172578
"23","2020/04/05",0,0,21,1,9.84835829693498e-05,1.83201284454147e-05,0.000529418565125199,0.000121602856744716,0.000114698616712827,2172578
"24","2020/04/06",0,0,21,1,8.49296372104484e-05,1.52554012803171e-05,0.000472818980252249,0.000121602856744716,0.000114698616712827,2172578
"25","2020/04/07",0,0,21,1,7.46238612393193e-05,1.30442652939354e-05,0.000426909491702396,0.000121602856744716,0.000114698616712827,2172578
"26","2020/04/08",9,0,30,1,9.55436496679692e-05,1.63412684372798e-05,0.000558621812432277,0.000135279160535747,0.000124692659153518,2172578
"27","2020/04/09",3,0,33,1,9.47304903636109e-05,1.56814699313544e-05,0.000572259223389981,0.000143891023296075,0.000131923673907469,2172578
"28","2020/04/10",11,0,44,1,0.00011282167869902,1.84430617882836e-05,0.000690163668624214,0.00017209644297083,0.000155065984225506,2172578
"29","2020/04/11",2,0,46,1,0.000104054517040078,1.66713576686969e-05,0.00064945775452793,0.000176620552407356,0.000158669528324446,2172578
"30","2020/04/12",3,0,49,1,9.67131076815557e-05,1.52587569944857e-05,0.000612987361998383,0.000182541763081736,0.000163209890992449,2172578
"31","2020/04/13",8,0,57,1,9.84247012145164e-05,1.53414789464662e-05,0.000631452928558642,0.000121311311723842,0.000102439722303347,2172578
"32","2020/04/14",0,0,57,1,8.65580872014413e-05,1.33033666197949e-05,0.000563188452524798,0.00010624026965509,8.82892455721797e-05,2172578
"33","2020/04/15",18,0,75,1,0.000100811329955139,1.53292268248052e-05,0.000662976963122413,0.000130434988844323,0.000104198876723147,2172578
"34","2020/04/16",12,0,87,1,0.000103820853317189,1.56547965065861e-05,0.000688528246213522,0.000128254527487451,9.78758713471419e-05,2172578
"35","2020/04/17",8,0,95,1,9.99168488299482e-05,1.49348713091068e-05,0.000668460843985926,0.000136668577915236,0.000102607660424587,2172578
"36","2020/04/18",13,0,108,1,9.97134331384916e-05,1.48033773555653e-05,0.000671655427639724,0.000148671120793017,0.000108626528608065,2172578
"37","2020/04/19",1,0,109,1,8.83958578779504e-05,1.30363354928676e-05,0.000599388355282348,0.000149482091966209,0.000108977217112464,2172578
"38","2020/04/20",0,0,109,1,7.8062809121681e-05,1.14424071836939e-05,0.000532562953768329,0.000120818997065819,8.44566662312065e-05,2172578
"39","2020/04/21",11,0,120,1,7.68626004442485e-05,1.12213950938949e-05,0.000526481716187536,0.000119252872679547,7.92082804945939e-05,2172578
"40","2020/04/22",36,0,156,1,9.04642346547326e-05,1.31557402641825e-05,0.000622068966650816,0.000111923814848191,6.03721559434248e-05,2172578
"41","2020/04/23",10,0,166,1,8.72002619229092e-05,1.26471128033419e-05,0.000601234906153025,0.000112652733238348,5.74188129832405e-05,2172578
"42","2020/04/24",1,1,167,2,0.000157895811825753,6.0803754396138e-05,0.000410025460429418,0.000107677006467115,5.33636515495929e-05,2172578
"43","2020/04/25",5,1,172,3,0.000219852736947171,0.000117080686229723,0.000412836886250596,0.000100254081248711,4.73215743375667e-05,2172578
"44","2020/04/26",4,0,176,3,0.000204409211409047,0.000108602213971088,0.000384735487252517,0.000104899745144371,5.01261075580567e-05,2172578
"45","2020/04/27",0,0,176,3,0.000187520248258803,9.9436084139493e-05,0.000353632625533741,8.07050259551377e-05,3.42164764070893e-05,2172578
"46","2020/04/28",35,0,211,3,0.000208289032329502,0.000110289619179147,0.000393367220883137,0.000100935221675801,4.38601707455235e-05,2172578
"47","2020/04/29",27,0,238,3,0.000218761130032974,0.000115669759330141,0.000413733306703905,0.000117338610369403,5.15181887320676e-05,2172578
"48","2020/04/30",38,0,276,3,0.000235426342674596,0.000124328518435031,0.000445799270535823,0.000137749839309139,6.04223509519891e-05,2172578
"49","2020/05/01",0,0,276,3,0.000216998284673883,0.000114445610517373,0.000411446584438985,0.000136938868135947,6.00716624475894e-05,2172578
"50","2020/05/02",32,1,308,4,0.000296421391435364,0.000183826667209025,0.000477980929723146,0.000167735895817543,7.61396447278238e-05,2172578
"51","2020/05/03",27,1,335,5,0.000370320541960033,0.00025301773856436,0.000542006677380405,0.000190536887691012,9.15761139006118e-05,2172578
"52","2020/05/04",0,0,335,5,0.000340275165580656,0.000232250452691353,0.000498544510760618,0.000169660525847612,8.72699281337441e-05,2172578
"53","2020/05/05",32,1,367,6,0.000412046853651262,0.00029994290537746,0.0005660497600043,0.000200335289074992,0.000107818472647687,2172578
"54","2020/05/06",30,0,397,6,0.000412380600282327,0.000299929063072398,0.0005669932674986,0.000230552067157914,0.000124687053335625,2172578
"55","2020/05/07",42,2,439,8,0.000563638251484374,0.000444498300286374,0.000714711571071672,0.000278085387748104,0.000155189915180491,2172578
"56","2020/05/08",65,0,504,8,0.000599828761463709,0.000472720697921271,0.000761114426893593,0.000350798591898358,0.000199825876534399,2172578
"57","2020/05/09",116,0,620,8,0.000681858770174464,0.000537000435058727,0.000865793306876907,0.000478372168253581,0.000274006663309685,2172578
"58","2020/05/10",41,0,661,8,0.000665972474857127,0.000524138034142437,0.000846188042798663,0.000485130283682924,0.000278003082726273,2172578
"59","2020/05/11",0,0,661,8,0.000604490164061271,0.000475424568867192,0.000768593763081053,0.000460312844561537,0.000265613275662284,2172578
"60","2020/05/12",141,1,802,9,0.000748883920322066,0.000604875492721779,0.000927177795868985,0.000559560709608622,0.000317452025823736,2172578
"61","2020/05/13",61,0,863,9,0.000732609000764544,0.000591393483282061,0.000907544575943934,0.000611344196337055,0.000341158269755823,2172578
"62","2020/05/14",141,0,1004,9,0.000773054719629466,0.000623724150730722,0.000958137662043807,0.000689113618324537,0.000368756880844916,2172578
"63","2020/05/15",100,1,1104,10,0.000854608277291025,0.000704368233986859,0.00103689415901166,0.000736677058121489,0.000382719685820011,2172578
"64","2020/05/16",105,0,1209,10,0.000844070687179721,0.000695372149103965,0.00102456695436263,0.000809983445345534,0.000407696392820838,2172578
"65","2020/05/17",111,1,1320,11,0.000913441079297486,0.00076574228863892,0.00108962847909475,0.00085086774505058,0.000412218361691271,2172578
"66","2020/05/18",0,0,1320,11,0.000823851593939557,0.00069038708352227,0.000983117246884086,0.00081970548306451,0.000394864579768978,2172578
"67","2020/05/19",112,0,1432,11,0.000809919790545022,0.000678499632669444,0.000966795021738902,0.000829126776481878,0.000372066086370867,2172578
"68","2020/05/20",70,1,1502,12,0.00084602123335341,0.000719156006851181,0.000995266563118535,0.00079119632809957,0.000331834224644597,2172578
"69","2020/05/21",65,0,1567,12,0.000810417969548925,0.000688737078356462,0.000953596526173782,0.000697239323550781,0.000261351636204228,2172578
"70","2020/05/22",0,0,1567,12,0.000748255580488814,0.000635785142548531,0.000880622047077664,0.000655930894701852,0.000238914796775793,2172578
"71","2020/05/23",161,0,1728,12,0.000766838323962966,0.000651466588432522,0.000902641863051184,0.000730036404377454,0.000238914796775793,2172578
"72","2020/05/24",206,0,1934,12,0.000802020060481147,0.000681258540137791,0.000944188057127448,0.000693192997284118,0.000172153016210942,2172578
"73","2020/05/25",0,0,1934,12,0.000749847890783304,0.000636858038765179,0.000882884136003642,0.000641409510555686,0.000148446772278855,2172578
"74","2020/05/26",201,2,2135,14,0.000902895233633243,0.000784849826118821,0.00103869527110554,0.000625359877313912,0.000104780178909528,2172578
"75","2020/05/27",103,0,2238,14,0.000886166964531484,0.000770221636235651,0.00101956612497274,0.000595358822155068,7.33982757443065e-05,2172578
"76","2020/05/28",81,0,2319,14,0.000860000648755647,0.000747399943329071,0.000989565389269097,0.00055933533110322,4.84215687434799e-05,2172578
"77","2020/05/29",112,0,2431,14,0.000845595312481242,0.00073480995733618,0.000973083482812848,0.00053407489924888,2.27008542203471e-05,2172578
"78","2020/05/30",182,1,2613,15,0.000915544271702829,0.000802984257989767,0.00104388262298729,0.000617846344969126,2.27008542203471e-05,2172578
"79","2020/05/31",42,2,2655,17,0.000992747081316854,0.000884113276141772,0.00111472906703088,0.000573832535116344,1.09068311830449e-05,2172578
"80","2020/06/01",0,0,2655,17,0.000936180598177129,0.00083367505069541,0.001051289842094,0.000534404115452737,3.69819833491641e-06,2172578
"81","2020/06/02",0,0,2655,17,0.000886096508388416,0.000789023321931521,0.000995112565565314,0.000500787543646304,-8.17626266767062e-21,2172578
"82","2020/06/03",148,3,2803,20,0.00104724985509057,0.000948736754091386,0.00115599216985914,0.000568909378627603,-8.17626266767062e-21,2172578
"83","2020/06/04",99,0,2902,20,0.00103636284315139,0.000938828060467043,0.00114403050770608,0.000540371853162464,-8.17626266767062e-21,2172578
"84","2020/06/05",53,1,2955,21,0.00106162482565388,0.00096616842233174,0.0011665122191891,0.000469948604837203,-8.17626266767062e-21,2172578
"85","2020/06/06",146,0,3101,21,0.00106938033507343,0.000973187579824081,0.00117508106838816,0.000537149874480916,-8.17626266767062e-21,2172578
"86","2020/06/07",0,0,3101,21,0.00102800489557996,0.00093549890247695,0.00112965826313453,0.000444633058053612,-8.17626266767062e-21,2172578
"87","2020/06/08",0,0,3101,21,0.000989601675485151,0.000900520226561475,0.00108749525800481,0.000397223943167978,-8.17626266767062e-21,2172578
"88","2020/06/09",146,0,3247,21,0.00100015785420719,0.000910097931936844,0.00109912977299431,0.000427142316639495,-8.17626266767062e-21,2172578
"89","2020/06/10",47,0,3294,21,0.000981715019881874,0.000893290895061066,0.00107889197750726,0.000397223943167978,-8.17626266767062e-21,2172578
"90","2020/06/11",81,1,3375,22,0.00102092099921016,0.000932890612263565,0.00111725820040067,0.00035073539361993,-8.17626266767062e-21,2172578
"91","2020/06/12",88,1,3463,23,0.00106234948554157,0.00097449075484479,0.00115812943716454,0.000371908396384388,-8.17626266767062e-21,2172578
"92","2020/06/13",0,0,3463,23,0.0010314956229459,0.000946167267885161,0.00112451915878969,0.000371908396384388,-8.17626266767062e-21,2172578
"93","2020/06/14",0,0,3463,23,0.00100272072732031,0.00091975315924819,0.00109317249621586,0.000371908396384388,-8.17626266767062e-21,2172578
"94","2020/06/15",0,0,3463,23,0.000976712446133141,0.000895879564086369,0.00106483866880506,0.000303786561403089,-8.17626266767062e-21,2172578
"95","2020/06/16",570,4,4033,27,0.00130383462717878,0.00121110245826107,0.00140366714924458,0.000520579698404384,-8.17626266767062e-21,2172578
"96","2020/06/17",81,2,4114,29,0.00139403778387946,0.00130136697484189,0.00149330771446669,0.000533467613130576,-8.17626266767062e-21,2172578
"97","2020/06/18",115,1,4229,30,0.00144065106224992,0.00134788899177138,0.00153979704251034,0.000519198850398006,-8.17626266767062e-21,2172578
"98","2020/06/19",111,2,4340,32,0.00152875058787263,0.00143613885805246,0.00162733453441278,0.00057029022663398,-8.17626266767062e-21,2172578
"99","2020/06/20",88,2,4428,34,0.00160486965510966,0.00151305742337941,0.00170225304743504,0.000610795101487726,-8.17626266767062e-21,2172578
"100","2020/06/21",0,0,4428,34,0.00155417407730801,0.00146523308990956,0.00164851386391041,0.000543593831844012,-8.17626266767062e-21,2172578
"101","2020/06/22",0,0,4428,34,0.00150676177092651,0.00142050768444202,0.00159825325775509,0.000521960546410762,-8.17626266767062e-21,2172578
"102","2020/06/23",311,5,4739,39,0.00179732390167106,0.00170697766977497,0.00189245194282122,0.00062782556023305,-8.17626266767062e-21,2172578
"103","2020/06/24",134,0,4873,39,0.00179824354475465,0.00170782478403199,0.0018934494196866,0.000648998562997508,-8.17626266767062e-21,2172578
"104","2020/06/25",83,0,4956,39,0.00177870464412797,0.00168924267376888,0.00187290450340308,0.00068720202450729,-8.17626266767062e-21,2172578
"105","2020/06/26",131,1,5087,40,0.00182071403810498,0.00173128690961412,0.00191476039594813,0.000747499054119116,-8.17626266767062e-21,2172578
"106","2020/06/27",122,0,5209,40,0.00181320396021699,0.00172412086916401,0.00190688985914352,0.000803653539711808,-8.17626266767062e-21,2172578
"107","2020/06/28",0,0,5209,40,0.00176398037073178,0.00167729235243335,0.00185514871263367,0.000541292418500049,-8.17626266767062e-21,2172578
"108","2020/06/29",0,0,5209,40,0.00171752654842965,0.00163310014546019,0.00180631754443291,0.000504009522327852,-8.17626266767062e-21,2172578
"109","2020/06/30",185,2,5394,42,0.00182150111946476,0.00173598905026662,0.0019112253776611,0.000536229309143331,-8.17626266767062e-21,2172578
"110","2020/07/01",0,0,5394,42,0.00177948463122501,0.00169592656947412,0.00186715958683749,0.000485137932907357,-8.17626266767062e-21,2172578
"111","2020/07/02",119,0,5513,42,0.00177860163265262,0.00169506773324469,0.00186625213000732,0.000499406695639926,-8.17626266767062e-21,2172578
"112","2020/07/03",0,0,5513,42,0.00174125604613388,0.0016594604134083,0.0018270834264558,0.000499406695639926,-8.17626266767062e-21,2172578
"113","2020/07/04",107,2,5620,44,0.00182239409130096,0.00174045953141934,0.00190818583486412,0.00054865694120073,-8.17626266767062e-21,2172578
"114","2020/07/05",0,0,5620,44,0.0017879172578211,0.00170751882526737,0.00187210124627117,0.000405509031206244,-8.17626266767062e-21,2172578
"115","2020/07/06",0,0,5620,44,0.00175582051582696,0.00167685265652968,0.00183850720085273,0.000343831153588041,-8.17626266767062e-21,2172578
"116","2020/07/07",123,2,5743,46,0.00184457490810709,0.00176501812427517,0.00192771765050034,0.000362242460339744,-8.17626266767062e-21,2172578
"117","2020/07/08",0,0,5743,46,0.0018158991281608,0.00173756811481085,0.00189776136863223,0.000301945430727919,-8.17626266767062e-21,2172578
"118","2020/07/09",128,0,5871,46,0.00182887367625298,0.00174997251187463,0.00191133226436115,0.000304707126740674,-8.17626266767062e-21,2172578
"119","2020/07/10",0,0,5871,46,0.00180287249769407,0.00172508331811828,0.00188416942463227,0.000304707126740674,-8.17626266767062e-21,2172578
"120","2020/07/11",71,0,5942,46,0.00179943319592734,0.00172178307959175,0.00188058522875776,0.000337387196224946,-8.17626266767062e-21,2172578
"121","2020/07/12",0,0,5942,46,0.00177552259289246,0.00169889544768777,0.00185560593629357,0.000252234902498322,-8.17626266767062e-21,2172578
"122","2020/07/13",0,0,5942,46,0.00175297589257575,0.00167731368261781,0.00183205116120903,0.000252234902498322,-8.17626266767062e-21,2172578
"123","2020/07/14",84,0,6026,46,0.00175670112214846,0.00168087066113988,0.00183595258332661,0.000236125009090583,-8.17626266767062e-21,2172578
"124","2020/07/15",0,0,6026,46,0.00173722550114464,0.00166222886991152,0.00181560583891669,0.000236125009090583,-8.17626266767062e-21,2172578
