"","date","cases","deaths","cum_cases","cum_deaths","cases_daily","cases_active","cases_active_undected","p_cases","p_cases_low","p_cases_high","p_cases_daily","p_cases_active","p_cases_active_undetected","population"
"16639","2020/03/20",10,0,10,0,10,10,0,NA,NA,NA,0.0002966830831306,0.0002966830831306,0,33706
"16638","2020/03/21",0,0,10,0,0,10,0,0,NA,NA,0,0.0002966830831306,0,33706
"16637","2020/03/22",0,0,10,0,0,10,0,0,0,NA,0,0.0002966830831306,0,33706
"16636","2020/03/23",5,0,15,0,5,15,0,0,0,NA,0.0001483415415653,0.0004450246246959,0,33706
"16635","2020/03/24",0,0,15,0,0,15,0,0,0,NA,0,0.0004450246246959,0,33706
"16634","2020/03/25",0,0,15,0,0,15,0,0,0,NA,0,0.0004450246246959,0,33706
"16633","2020/03/26",11,0,26,0,11,26,0,0,0,NA,0.00032635139144366,0.00077137601613956,0,33706
"16632","2020/03/27",9,0,35,0,9,35,0,0,0,NA,0.00026701477481754,0.0010383907909571,0,33706
"16631","2020/03/28",20,0,55,0,20,55,0,0,0,NA,0.0005933661662612,0.0016317569572183,0,33706
"16630","2020/03/29",1,0,56,0,1,56,0,0,0,NA,2.966830831306e-05,0.00166142526553136,0,33706
"16629","2020/03/30",9,0,65,0,9,65,0,0,0,NA,0.00026701477481754,0.0019284400403489,0,33706
"16628","2020/03/31",4,0,69,0,4,69,0,0,0,NA,0.00011867323325224,0.00204711327360114,0,33706
"16627","2020/04/01",0,0,69,0,0,59,0,0,0,NA,0,0.00175043019047054,0,33706
"16626","2020/04/02",0,0,69,0,0,59,0,0,0,NA,0,0.00175043019047054,0,33706
"16625","2020/04/03",19,0,88,0,19,78,0,0,0,NA,0.00056369785794814,0.00231412804841868,0,33706
"16624","2020/04/04",7,0,95,0,7,80,0,0,0,NA,0.00020767815819142,0.0023734646650448,0,33706
"16623","2020/04/05",3,0,98,0,3,83,0,0,0,NA,8.900492493918e-05,0.00246246958998398,0,33706
"16622","2020/04/06",5,0,103,0,5,88,0,0,0,NA,0.0001483415415653,0.00261081113154928,0,33706
"16621","2020/04/07",6,0,109,0,6,83,0,0,0,NA,0.00017800984987836,0.00246246958998398,0,33706
"16620","2020/04/08",4,0,113,0,4,78,0,0,0,NA,0.00011867323325224,0.00231412804841868,0,33706
"16619","2020/04/09",7,0,120,0,7,65,0,0,0,NA,0.00020767815819142,0.0019284400403489,0,33706
"16618","2020/04/10",3,0,123,0,3,67,0,0,0,NA,8.900492493918e-05,0.00198777665697502,0,33706
"16617","2020/04/11",4,0,127,0,4,62,0,0,0,NA,0.00011867323325224,0.00183943511540972,0,33706
"16616","2020/04/12",2,0,129,0,2,60,0,0,0,NA,5.933661662612e-05,0.0017800984987836,0,33706
"16615","2020/04/13",0,0,129,0,0,60,0,0,0,NA,0,0.0017800984987836,0,33706
"16614","2020/04/14",0,0,129,0,0,60,0,0,0,NA,0,0.0017800984987836,0,33706
"16613","2020/04/15",0,0,129,0,0,41,0,0,0,NA,0,0.00121640064083546,0,33706
"16612","2020/04/16",2,0,131,0,2,36,0,0,0,NA,5.933661662612e-05,0.00106805909927016,0,33706
"16611","2020/04/17",2,0,133,0,2,35,0,0,0,NA,5.933661662612e-05,0.0010383907909571,0,33706
"16610","2020/04/18",0,0,133,0,0,30,0,0,0,NA,0,0.0008900492493918,0,33706
"16609","2020/04/19",0,0,133,0,0,24,0,0,0,NA,0,0.00071203939951344,0,33706
"16608","2020/04/20",0,0,133,0,0,20,0,0,0,NA,0,0.0005933661662612,0,33706
"16607","2020/04/21",0,0,133,0,0,13,0,0,0,NA,0,0.00038568800806978,0,33706
"16606","2020/04/22",0,0,133,0,0,10,0,0,0,NA,0,0.0002966830831306,0,33706
"16605","2020/04/23",0,0,133,0,0,6,0,0,0,NA,0,0.00017800984987836,0,33706
"16604","2020/04/24",0,0,133,0,0,4,0,0,0,NA,0,0.00011867323325224,0,33706
"16603","2020/04/25",0,0,133,0,0,4,0,0,0,NA,0,0.00011867323325224,0,33706
"16602","2020/04/26",3,0,136,0,3,7,0,0,0,NA,8.900492493918e-05,0.00020767815819142,0,33706
"16601","2020/04/27",5,0,141,0,5,12,0,0,0,NA,0.0001483415415653,0.00035601969975672,0,33706
"16600","2020/04/28",0,0,141,0,0,10,0,0,0,NA,0,0.0002966830831306,0,33706
"16599","2020/04/29",0,0,141,0,0,8,0,0,0,NA,0,0.00023734646650448,0,33706
"16598","2020/04/30",0,0,141,0,0,8,0,0,0,NA,0,0.00023734646650448,0,33706
"16597","2020/05/01",3,0,144,0,3,11,0,0,0,NA,8.900492493918e-05,0.00032635139144366,0,33706
"16596","2020/05/02",0,0,144,0,0,11,0,0,0,NA,0,0.00032635139144366,0,33706
"16595","2020/05/03",0,0,144,0,0,11,0,0,0,NA,0,0.00032635139144366,0,33706
"16594","2020/05/04",0,0,144,0,0,11,0,0,0,NA,0,0.00032635139144366,0,33706
"16593","2020/05/05",0,0,144,0,0,11,0,0,0,NA,0,0.00032635139144366,0,33706
"16592","2020/05/06",0,0,144,0,0,11,0,0,0,NA,0,0.00032635139144366,0,33706
"16591","2020/05/07",0,0,144,0,0,11,0,0,0,NA,0,0.00032635139144366,0,33706
"16590","2020/05/08",0,0,144,0,0,8,0,0,0,NA,0,0.00023734646650448,0,33706
"16589","2020/05/09",2,0,146,0,2,5,0,0,0,NA,5.933661662612e-05,0.0001483415415653,0,33706
"16588","2020/05/10",0,0,146,0,0,5,0,0,0,NA,0,0.0001483415415653,0,33706
"16587","2020/05/11",0,0,146,0,0,5,0,0,0,NA,0,0.0001483415415653,0,33706
"16586","2020/05/12",1,0,147,0,1,6,0,0,0,NA,2.966830831306e-05,0.00017800984987836,0,33706
"16585","2020/05/13",0,0,147,0,0,3,0,0,0,NA,0,8.900492493918e-05,0,33706
"16584","2020/05/14",0,0,147,0,0,3,0,0,0,NA,0,8.900492493918e-05,0,33706
"16583","2020/05/15",0,0,147,0,0,3,0,0,0,NA,0,8.900492493918e-05,0,33706
"16582","2020/05/16",0,0,147,0,0,3,0,0,0,NA,0,8.900492493918e-05,0,33706
"16581","2020/05/17",0,0,147,0,0,3,0,0,0,NA,0,8.900492493918e-05,0,33706
"16580","2020/05/18",0,0,147,0,0,3,0,0,0,NA,0,8.900492493918e-05,0,33706
"16579","2020/05/19",0,0,147,0,0,3,0,0,0,NA,0,8.900492493918e-05,0,33706
"16578","2020/05/20",0,0,147,0,0,3,0,0,0,NA,0,8.900492493918e-05,0,33706
"16577","2020/05/21",2,0,149,0,2,3,0,0,0,NA,5.933661662612e-05,8.900492493918e-05,0,33706
"16576","2020/05/22",2,0,151,0,2,5,0,0,0,NA,5.933661662612e-05,0.0001483415415653,0,33706
"16575","2020/05/23",0,0,151,0,0,5,0,0,0,NA,0,0.0001483415415653,0,33706
"16574","2020/05/24",0,0,151,0,0,4,0,0,0,NA,0,0.00011867323325224,0,33706
"16573","2020/05/25",0,0,151,0,0,4,0,0,0,NA,0,0.00011867323325224,0,33706
"16572","2020/05/26",4,0,155,0,4,8,0,0,0,NA,0.00011867323325224,0.00023734646650448,0,33706
"16571","2020/05/27",0,0,155,0,0,8,0,0,0,NA,0,0.00023734646650448,0,33706
"16570","2020/05/28",2,0,157,0,2,10,0,0,0,NA,5.933661662612e-05,0.0002966830831306,0,33706
"16569","2020/05/29",0,0,157,0,0,10,0,0,0,NA,0,0.0002966830831306,0,33706
"16568","2020/05/30",4,0,161,0,4,14,0,0,0,NA,0.00011867323325224,0.00041535631638284,0,33706
"16567","2020/05/31",0,0,161,0,0,14,0,0,0,NA,0,0.00041535631638284,0,33706
"16566","2020/06/01",8,0,169,0,8,22,0,0,0,NA,0.00023734646650448,0.00065270278288732,0,33706
"16565","2020/06/02",1,0,170,0,1,21,0,0,0,NA,2.966830831306e-05,0.00062303447457426,0,33706
"16564","2020/06/03",2,0,172,0,2,21,0,0,0,NA,5.933661662612e-05,0.00062303447457426,0,33706
"16563","2020/06/04",1,0,173,0,1,22,0,0,0,NA,2.966830831306e-05,0.00065270278288732,0,33706
"16562","2020/06/05",0,0,173,0,0,22,0,0,0,NA,0,0.00065270278288732,0,33706
"16561","2020/06/06",1,0,174,0,1,23,0,0,0,NA,2.966830831306e-05,0.00068237109120038,0,33706
"16560","2020/06/07",0,0,174,0,0,19,0,0,0,NA,0,0.00056369785794814,0,33706
"16559","2020/06/08",1,0,175,0,1,20,0,0,0,NA,2.966830831306e-05,0.0005933661662612,0,33706
"16558","2020/06/09",1,0,176,0,1,19,0,0,0,NA,2.966830831306e-05,0.00056369785794814,0,33706
"16557","2020/06/10",0,0,176,0,0,19,0,0,0,NA,0,0.00056369785794814,0,33706
"16556","2020/06/11",0,0,176,0,0,15,0,0,0,NA,0,0.0004450246246959,0,33706
"16555","2020/06/12",0,0,176,0,0,15,0,0,0,NA,0,0.0004450246246959,0,33706
"16554","2020/06/13",0,0,176,0,0,7,0,0,0,NA,0,0.00020767815819142,0,33706
"16553","2020/06/14",0,0,176,0,0,6,0,0,0,NA,0,0.00017800984987836,0,33706
"16552","2020/06/15",0,0,176,0,0,4,0,0,0,NA,0,0.00011867323325224,0,33706
"16551","2020/06/16",0,0,176,0,0,3,0,0,0,NA,0,8.900492493918e-05,0,33706
"16550","2020/06/17",0,0,176,0,0,3,0,0,0,NA,0,8.900492493918e-05,0,33706
"16549","2020/06/18",0,0,176,0,0,2,0,0,0,NA,0,5.933661662612e-05,0,33706
"16548","2020/06/19",0,0,176,0,0,2,0,0,0,NA,0,5.933661662612e-05,0,33706
"16547","2020/06/20",0,0,176,0,0,1,0,0,0,NA,0,2.966830831306e-05,0,33706
"16546","2020/06/21",0,0,176,0,0,0,0,0,0,NA,0,0,0,33706
"16545","2020/06/22",0,0,176,0,0,0,0,0,0,NA,0,0,0,33706
"16544","2020/06/23",0,0,176,0,0,0,0,0,0,NA,0,0,0,33706
"16543","2020/06/24",0,0,176,0,0,0,0,0,0,NA,0,0,0,33706
"16542","2020/06/25",0,0,176,0,0,0,0,0,0,NA,0,0,0,33706
"16541","2020/06/26",0,0,176,0,0,0,0,0,0,NA,0,0,0,33706
"16540","2020/06/27",0,0,176,0,0,0,0,0,0,NA,0,0,0,33706
"16539","2020/06/28",0,0,176,0,0,0,0,0,0,NA,0,0,0,33706
"16538","2020/06/29",1,0,177,0,1,1,0,0,0,NA,2.966830831306e-05,2.966830831306e-05,0,33706
"16537","2020/06/30",0,0,177,0,0,1,0,0,0,NA,0,2.966830831306e-05,0,33706
"16536","2020/07/01",0,0,177,0,0,1,0,0,0,NA,0,2.966830831306e-05,0,33706
"16535","2020/07/02",1,0,178,0,1,2,0,0,0,NA,2.966830831306e-05,5.933661662612e-05,0,33706
"16534","2020/07/03",0,0,178,0,0,2,0,0,0,NA,0,5.933661662612e-05,0,33706
"16533","2020/07/04",0,0,178,0,0,2,0,0,0,NA,0,5.933661662612e-05,0,33706
"16532","2020/07/05",0,0,178,0,0,2,0,0,0,NA,0,5.933661662612e-05,0,33706
"16531","2020/07/06",0,0,178,0,0,2,0,0,0,NA,0,5.933661662612e-05,0,33706
"16530","2020/07/07",1,0,179,0,1,3,0,0,0,NA,2.966830831306e-05,8.900492493918e-05,0,33706
"16529","2020/07/08",0,0,179,0,0,3,0,0,0,NA,0,8.900492493918e-05,0,33706
"16528","2020/07/09",0,0,179,0,0,3,0,0,0,NA,0,8.900492493918e-05,0,33706
"16527","2020/07/10",1,0,180,0,1,4,0,0,0,NA,2.966830831306e-05,0.00011867323325224,0,33706
"16526","2020/07/11",0,0,180,0,0,3,0,0,0,NA,0,8.900492493918e-05,0,33706
"16525","2020/07/12",0,0,180,0,0,3,0,0,0,NA,0,8.900492493918e-05,0,33706
"16524","2020/07/13",0,0,180,0,0,3,0,0,0,NA,0,8.900492493918e-05,0,33706
"16523","2020/07/14",0,0,180,0,0,2,0,0,0,NA,0,5.933661662612e-05,0,33706
"16522","2020/07/15",0,0,180,0,0,2,0,0,0,NA,0,5.933661662612e-05,0,33706
"16521","2020/07/16",0,0,180,0,0,2,0,0,0,NA,0,5.933661662612e-05,0,33706
"16520","2020/07/17",0,0,180,0,0,2,0,0,0,NA,0,5.933661662612e-05,0,33706
"16519","2020/07/18",0,0,180,0,0,2,0,0,0,NA,0,5.933661662612e-05,0,33706
"16518","2020/07/19",0,0,180,0,0,1,0,0,0,NA,0,2.966830831306e-05,0,33706
"16517","2020/07/20",0,0,180,0,0,1,0,0,0,NA,0,2.966830831306e-05,0,33706
"16516","2020/07/21",0,0,180,0,0,1,0,0,0,NA,0,2.966830831306e-05,0,33706
"16515","2020/07/22",0,0,180,0,0,0,0,0,0,NA,0,0,0,33706
"16514","2020/07/23",2,0,182,0,2,2,0,0,0,NA,5.933661662612e-05,5.933661662612e-05,0,33706
"16513","2020/07/24",2,0,184,0,2,4,0,0,0,NA,5.933661662612e-05,0.00011867323325224,0,33706
"16512","2020/07/25",0,0,184,0,0,4,0,0,0,NA,0,0.00011867323325224,0,33706
"16511","2020/07/26",1,0,185,0,1,5,0,0,0,NA,2.966830831306e-05,0.0001483415415653,0,33706
"16510","2020/07/27",0,0,185,0,0,5,0,0,0,NA,0,0.0001483415415653,0,33706
"16509","2020/07/28",0,0,185,0,0,5,0,0,0,NA,0,0.0001483415415653,0,33706
"16508","2020/07/29",1,0,186,0,1,6,0,0,0,NA,2.966830831306e-05,0.00017800984987836,0,33706
"16507","2020/07/30",0,0,186,0,0,6,0,0,0,NA,0,0.00017800984987836,0,33706
"16506","2020/07/31",1,0,187,0,1,7,0,0,0,NA,2.966830831306e-05,0.00020767815819142,0,33706
"16505","2020/08/01",0,0,187,0,0,7,0,0,0,NA,0,0.00020767815819142,0,33706
"16504","2020/08/02",1,0,188,0,1,8,0,0,0,NA,2.966830831306e-05,0.00023734646650448,0,33706
"16503","2020/08/03",0,0,188,0,0,8,0,0,0,NA,0,0.00023734646650448,0,33706
"16502","2020/08/04",0,0,188,0,0,6,0,0,0,NA,0,0.00017800984987836,0,33706
"16501","2020/08/05",1,0,189,0,1,5,0,0,0,NA,2.966830831306e-05,0.0001483415415653,0,33706
"16500","2020/08/06",0,0,189,0,0,5,0,0,0,NA,0,0.0001483415415653,0,33706
"16499","2020/08/07",1,0,190,0,1,5,0,0,0,NA,2.966830831306e-05,0.0001483415415653,0,33706
"16498","2020/08/08",0,0,190,0,0,5,0,0,0,NA,0,0.0001483415415653,0,33706
"16497","2020/08/09",7,0,197,0,7,12,0,0,0,NA,0.00020767815819142,0.00035601969975672,0,33706
"16496","2020/08/10",0,0,197,0,0,11,0,0,0,NA,0,0.00032635139144366,0,33706
"16495","2020/08/11",0,0,197,0,0,11,0,0,0,NA,0,0.00032635139144366,0,33706
"16494","2020/08/12",4,0,201,0,4,14,0,0,0,NA,0.00011867323325224,0.00041535631638284,0,33706
"16493","2020/08/13",2,0,203,0,2,16,0,0,0,NA,5.933661662612e-05,0.00047469293300896,0,33706
"16492","2020/08/14",2,0,205,0,2,17,0,0,0,NA,5.933661662612e-05,0.00050436124132202,0,33706
"16491","2020/08/15",1,0,206,0,1,18,0,0,0,NA,2.966830831306e-05,0.00053402954963508,0,33706
"16490","2020/08/16",3,0,209,0,3,21,0,0,0,NA,8.900492493918e-05,0.00062303447457426,0,33706
"16489","2020/08/17",6,0,215,0,6,26,0,0,0,NA,0.00017800984987836,0.00077137601613956,0,33706
"16488","2020/08/18",2,0,217,0,2,28,0,0,0,NA,5.933661662612e-05,0.00083071263276568,0,33706
"16487","2020/08/19",5,0,222,0,5,32,0,0,0,NA,0.0001483415415653,0.00094938586601792,0,33706
"16486","2020/08/20",1,0,223,0,1,33,0,0,0,NA,2.966830831306e-05,0.00097905417433098,0,33706
"16485","2020/08/21",6,0,229,0,6,32,0,0,0,NA,0.00017800984987836,0.00094938586601792,0,33706
"16484","2020/08/22",0,0,229,0,0,32,0,0,0,NA,0,0.00094938586601792,0,33706
"16483","2020/08/23",0,0,229,0,0,32,0,0,0,NA,0,0.00094938586601792,0,33706
"16482","2020/08/24",0,0,229,0,0,28,0,0,0,NA,0,0.00083071263276568,0,33706
"16481","2020/08/25",19,0,248,0,19,45,0,0,0,NA,0.00056369785794814,0.0013350738740877,0,33706
"16480","2020/08/26",8,0,256,0,8,51,0,0,0,NA,0.00023734646650448,0.00151308372396606,0,33706
"16479","2020/08/27",14,0,270,0,14,64,0,0,0,NA,0.00041535631638284,0.00189877173203584,0,33706
"16478","2020/08/28",2,0,272,0,2,63,0,0,0,NA,5.933661662612e-05,0.00186910342372278,0,33706
"16477","2020/08/29",2,0,274,0,2,59,0,0,0,NA,5.933661662612e-05,0.00175043019047054,0,33706
"16476","2020/08/30",1,0,275,0,1,58,0,0,0,NA,2.966830831306e-05,0.00172076188215748,0,33706
"16475","2020/08/31",10,0,285,0,10,63,0,0,0,NA,0.0002966830831306,0.00186910342372278,0,33706
"16474","2020/09/01",0,0,285,0,0,62,0,0,0,NA,0,0.00183943511540972,0,33706
"16473","2020/09/02",5,0,290,0,5,61,0,0,0,NA,0.0001483415415653,0.00180976680709666,0,33706
"16472","2020/09/03",5,0,295,0,5,66,0,0,0,NA,0.0001483415415653,0.00195810834866196,0,33706
"16471","2020/09/04",0,0,295,0,0,66,0,0,0,NA,0,0.00195810834866196,0,33706
"16470","2020/09/05",10,0,305,0,10,76,0,0,0,NA,0.0002966830831306,0.00225479143179256,0,33706
"16469","2020/09/06",7,0,312,0,7,64,0,0,0,NA,0.00020767815819142,0.00189877173203584,0,33706
"16468","2020/09/07",3,0,315,0,3,59,0,0,0,NA,8.900492493918e-05,0.00175043019047054,0,33706
"16467","2020/09/08",0,0,315,0,0,45,0,0,0,NA,0,0.0013350738740877,0,33706
"16466","2020/09/09",5,0,320,0,5,48,0,0,0,NA,0.0001483415415653,0.00142407879902688,0,33706
"16465","2020/09/10",2,0,322,0,2,48,0,0,0,NA,5.933661662612e-05,0.00142407879902688,0,33706
"16464","2020/09/11",1,0,323,0,1,48,0,0,0,NA,2.966830831306e-05,0.00142407879902688,0,33706
"16463","2020/09/12",0,0,323,0,0,38,0,0,0,NA,0,0.00112739571589628,0,33706
"16462","2020/09/13",4,0,327,0,4,42,0,0,0,NA,0.00011867323325224,0.00124606894914852,0,33706
"16461","2020/09/14",3,0,330,0,3,40,0,0,0,NA,8.900492493918e-05,0.0011867323325224,0,33706
"16460","2020/09/15",0,0,330,0,0,35,0,0,0,NA,0,0.0010383907909571,0,33706
"16459","2020/09/16",4,0,334,0,4,39,0,0,0,NA,0.00011867323325224,0.00115706402420934,0,33706
"16458","2020/09/17",0,0,334,0,0,29,0,0,0,NA,0,0.00086038094107874,0,33706
"16457","2020/09/18",9,0,343,0,9,31,0,0,0,NA,0.00026701477481754,0.00091971755770486,0,33706
"16456","2020/09/19",0,0,343,0,0,28,0,0,0,NA,0,0.00083071263276568,0,33706
"16455","2020/09/20",3,0,346,0,3,31,0,0,0,NA,8.900492493918e-05,0.00091971755770486,0,33706
"16454","2020/09/21",4,0,350,0,4,30,0,0,0,NA,0.00011867323325224,0.0008900492493918,0,33706
"16453","2020/09/22",0,0,350,0,0,28,0,0,0,NA,0,0.00083071263276568,0,33706
"16452","2020/09/23",5,0,355,0,5,32,0,0,0,NA,0.0001483415415653,0.00094938586601792,0,33706
"16451","2020/09/24",2,0,357,0,2,34,0,0,0,NA,5.933661662612e-05,0.00100872248264404,0,33706
"16450","2020/09/25",4,0,361,0,4,34,0,0,0,NA,0.00011867323325224,0.00100872248264404,0,33706
"16449","2020/09/26",3,0,364,0,3,34,0,0,0,NA,8.900492493918e-05,0.00100872248264404,0,33706
"16448","2020/09/27",8,0,372,0,8,42,0,0,0,NA,0.00023734646650448,0.00124606894914852,0,33706
"16447","2020/09/28",7,0,379,0,7,45,0,0,0,NA,0.00020767815819142,0.0013350738740877,0,33706
"16446","2020/09/29",3,0,382,0,3,48,0,0,0,NA,8.900492493918e-05,0.00142407879902688,0,33706
"16445","2020/09/30",9,0,391,0,9,48,0,0,0,NA,0.00026701477481754,0.00142407879902688,0,33706
"16444","2020/10/01",5,0,396,0,5,53,0,0,0,NA,0.0001483415415653,0.00157242034059218,0,33706
