"","date","cases","deaths","cum_cases","cum_deaths","p_cases","p_cases_low","p_cases_high","p_cases_active","p_cases_active_undetected","population"
"11969","2020/03/19",3,0,3,0,NA,NA,NA,1.79323948713351e-05,0,167295
"11968","2020/03/20",9,0,12,0,0,NA,NA,7.17295794853403e-05,0,167295
"11967","2020/03/21",2,0,14,0,0,NA,NA,8.36845093995636e-05,0,167295
"11966","2020/03/22",1,1,15,1,0,NA,NA,8.96619743566753e-05,0,167295
"11965","2020/03/23",12,0,27,1,0.00611837379363701,0.00229195885639517,0.0163329711500763,0.00280893921597312,0.00264754766213111,167295
"11964","2020/03/24",2,0,29,1,0.00397557232165296,0.00107423905796167,0.0147129032104669,0.00308311661746643,0.00290977013371019,167295
"11963","2020/03/25",3,0,32,1,0.00286289587045269,0.000595677516043259,0.0137594126760021,0.00335151310532137,0.0031602342266938,167295
"11962","2020/03/26",5,0,37,1,0.00234982264496894,0.000437119074893659,0.0126319503767986,0.00366905670599285,0.00344789050257972,167295
"11961","2020/03/27",12,0,49,1,0.00235264192171038,0.000411242260300711,0.0134590350897834,0.00424521391130968,0.0039523181284112,167295
"11960","2020/03/28",2,0,51,1,0.00191218665423069,0.000316539029897962,0.011551364777344,0.00432020162324029,0.0040153509104276,167295
"11959","2020/03/29",4,0,55,1,0.00164514813840931,0.000266053181539555,0.01017282477755,0.00443984876057915,0.00411108818793801,167295
"11958","2020/03/30",1,0,56,1,0.00137469387259635,0.000215505351589888,0.00876907802712141,0.00446439686544694,0.00412965882784869,167295
"11957","2020/03/31",4,0,60,1,0.00124317656132648,0.000191879767660745,0.00805446025640419,0.00452934290799737,0.00418862740544201,167295
"11956","2020/04/01",9,2,69,3,0.00371071686016666,0.00209105541456449,0.00658491378105964,0.00495955227036163,0.00461883676780626,167295
"11955","2020/04/02",8,0,77,3,0.00363783778608123,0.00202620921087745,0.00653134122912681,0.00532555451302727,0.00494897422072924,167295
"11954","2020/04/03",5,0,82,3,0.00342694715806425,0.0018958604581503,0.00619453123444679,0.00552853724063505,0.00512804708850857,167295
"11953","2020/04/04",5,1,87,4,0.00431195627908385,0.0027884954933909,0.00666774143863542,0.0030570735782763,0.0026984256808496,167295
"11952","2020/04/05",6,0,93,4,0.00412903542990225,0.00265490996964035,0.00642166166700471,0.00304928555935733,0.00266672780210218,167295
"11951","2020/04/06",17,0,110,4,0.00440725929008294,0.00282058672536386,0.00688648722457439,0.00346201096178794,0.00299576869513322,167295
"11950","2020/04/07",2,0,112,4,0.00406158664767025,0.0025870482061632,0.00637656695272752,0.00321699569411057,0.00276868582232719,167295
"11949","2020/04/08",9,0,121,4,0.00397537842149899,0.00252240190009392,0.00626531148487137,0.00293652779287218,0.00250615031596014,167295
"11948","2020/04/09",4,0,125,4,0.00373704962523792,0.00236363346719422,0.005908504891018,0.00298112566894918,0.00253879326212291,167295
"11947","2020/04/10",3,0,128,4,0.00350042108113726,0.00220803921301594,0.00554924372404328,0.00294351965069947,0.00250716470883032,167295
"11946","2020/04/11",2,0,130,4,0.00327450746198291,0.00205995423822267,0.00520516374569224,0.00296934858370834,0.00252701617688208,167295
"11945","2020/04/12",3,1,133,5,0.00388737331507807,0.00269212456286864,0.00561328829252928,0.00297415525865676,0.0025378003167876,167295
"11944","2020/04/13",0,0,133,5,0.00363653251307013,0.0025141914339444,0.00525988933860497,0.0024901487116785,0.00210759095442335,167295
"11943","2020/04/14",1,0,134,5,0.00345246907733888,0.00238341298915785,0.0050010395949855,0.00213795623370564,0.00179724073115027,167295
"11942","2020/04/15",1,0,135,5,0.00330078059798472,0.00227570970902163,0.00478758451169784,0.00195344626779248,0.00163664062506556,167295
"11941","2020/04/16",0,0,135,5,0.00315207105829887,0.00217112505330583,0.00457622279354069,0.00170563268853479,0.00141871437059343,167295
"11940","2020/04/17",0,0,135,5,0.00302677326324288,0.00208300969066998,0.00439813430927212,0.00143924330596045,0.00118818977776176,167295
"11939","2020/04/18",1,0,136,5,0.00294273239427979,0.00202394594096146,0.00427860930921405,0.000779759153868138,0.000624345064983234,167295
"11938","2020/04/19",0,0,136,5,0.00285227476882344,0.00196061161520357,0.00414945586049794,0.000707230820874027,0.000563771661903346,167295
"11937","2020/04/20",0,0,136,5,0.00277458797298363,0.00190618398607268,0.00403861247186653,0.000411541516795589,0.000321879542438914,167295
"11936","2020/04/21",0,0,136,5,0.00270769936120683,0.00185928403837122,0.00394325755472121,0.000291955928787976,0.000226203814259747,167295
"11935","2020/04/22",0,0,136,5,0.00264997941889818,0.00181906027928463,0.00386044981606963,0.000209914809698821,0.000162095090041928,167295
"11934","2020/04/23",1,0,137,5,0.00261912569866243,0.0017973191588846,0.00381669521046619,0.000178655477651814,0.000136813222952032,167295
"11933","2020/04/24",3,0,140,5,0.00263141200488554,0.00180520574398408,0.00383575620813933,0.000147357765386322,0.00010551551068654,167295
"11932","2020/04/25",1,0,141,5,0.00260881731785414,0.00178918395882161,0.00380392846938904,0.000165860015867557,0.000118040296210664,167295
"11931","2020/04/26",0,0,141,5,0.0025695706924781,0.00176177167096956,0.00374775781245744,0.000140095321260551,9.82530665607687e-05,167295
"11930","2020/04/27",1,0,142,5,0.00255061575790028,0.00174829959806858,0.0037211246582887,0.000133607177410927,9.17649227111447e-05,167295
"11929","2020/04/28",2,0,144,5,0.00255156433149477,0.0017487175919263,0.00372300282665123,0.000169045570903909,0.000115248386289904,167295
"11928","2020/04/29",1,0,145,5,0.00253612799841309,0.00173768795124253,0.00370143858092337,0.000186536108824,0.000126761459252883,167295
"11927","2020/04/30",0,0,145,5,0.00250434206610405,0.00171569210381529,0.00365550973284278,0.000164898370630766,0.000111101186016761,167295
"11926","2020/05/01",1,0,146,5,0.00249128116091085,0.0017063228550749,0.00363734319343501,0.000181961940226046,0.000122187290654929,167295
"11925","2020/05/02",0,0,146,5,0.00246294063162479,0.00168670854144406,0.00359639878844444,0.000181961940226046,0.000122187290654929,167295
"11924","2020/05/03",2,0,148,5,0.00246994969811423,0.00169111016372575,0.00360748320368082,0.000215339638849211,0.000143610059363871,167295
"11923","2020/05/04",1,0,149,5,0.00246141403183137,0.00168507206774034,0.00359543022051326,0.000231859196109824,0.000154152151667372,167295
"11922","2020/05/05",0,0,149,5,0.00243709517639856,0.00166823439722289,0.00356031077450059,0.000212741490280171,0.000141011910794831,167295
"11921","2020/05/06",0,0,149,5,0.0024138250920415,0.00165193947426393,0.00352709749100543,0.000156354090175481,0.000102556905561476,167295
"11920","2020/05/07",2,0,151,5,0.00242424297933592,0.0016588893749368,0.00354270399922443,0.000169961018228497,0.00011018636865738,167295
"11919","2020/05/08",0,0,151,5,0.00240358692222432,0.00164457903183094,0.00351289295367937,0.000169961018228497,0.00011018636865738,167295
"11918","2020/05/09",0,0,151,5,0.00238375296217724,0.00163083670071092,0.00348427171292607,0.000151998935426382,9.82017508123771e-05,167295
"11917","2020/05/10",0,0,151,5,0.00236512676552706,0.00161792590955516,0.00345740468335198,0.000116560541933399,7.47182872336176e-05,167295
"11916","2020/05/11",0,0,151,5,0.00234798621405194,0.00160603636185709,0.00343269890539908,9.90700040133091e-05,6.3205214270639e-05,167295
"11915","2020/05/12",1,0,152,5,0.00234785141770971,0.0016057824187411,0.00343284757343595,0.000114516394919294,7.26741402195122e-05,167295
"11914","2020/05/13",0,0,152,5,0.00233343004206275,0.00159576065438183,0.00341210052162254,9.74528253240143e-05,6.15880355813441e-05,167295
"11913","2020/05/14",0,0,152,5,0.00231990407035117,0.00158635536095598,0.00339265402197691,9.74528253240143e-05,6.15880355813441e-05,167295
"11912","2020/05/15",2,0,154,5,0.00233772161095329,0.00159838474464723,0.00341904059621401,9.44351476223203e-05,5.85703578796501e-05,167295
"11911","2020/05/16",0,0,154,5,0.00232557572371438,0.00159008016262091,0.00340127659841705,7.7915590361707e-05,4.80282655761486e-05,167295
"11910","2020/05/17",0,0,154,5,0.00231347118647691,0.00158165330005417,0.00338389514976234,7.7915590361707e-05,4.80282655761486e-05,167295
"11909","2020/05/18",0,0,154,5,0.00230177625273846,0.00157351010039605,0.00336710512143337,7.7915590361707e-05,4.80282655761486e-05,167295
"11908","2020/05/19",0,0,154,5,0.00229080196996174,0.00156586302477095,0.0033513618896188,4.58064118274564e-05,2.78740169561213e-05,167295
"11907","2020/05/20",0,0,154,5,0.00228068679380801,0.00155894886085113,0.00333656374629917,4.58064118274564e-05,2.78740169561213e-05,167295
"11906","2020/05/21",11,0,165,5,0.00243370283771635,0.00166339008361082,0.00356074594929133,0.000208053267675213,0.000124368758275649,167295
"11905","2020/05/22",0,0,165,5,0.0024219248062068,0.00165519089774016,0.00354383278383678,0.000208053267675213,0.000124368758275649,167295
"11904","2020/05/23",0,0,165,5,0.00240536398069197,0.00164372680259494,0.0035199133277357,0.000208053267675213,0.000124368758275649,167295
"11903","2020/05/24",1,0,166,5,0.00240082937503051,0.00164048416981454,0.00351358568041592,0.000207069704329653,0.000123385194930089,167295
"11902","2020/05/25",0,0,166,5,0.00238116968211153,0.00162690993299231,0.00348511551870518,0.000207069704329653,0.000123385194930089,167295
"11901","2020/05/26",0,0,166,5,0.00236191151621946,0.00161361418584318,0.00345722419856827,0.000207069704329653,0.000123385194930089,167295
"11900","2020/05/27",3,0,169,5,0.00238615992530135,0.00163004286494496,0.00349301193947829,0.000219067551904655,0.00012940557754798,167295
"11899","2020/05/28",2,0,171,5,0.00239657696437653,0.00163688839942578,0.00350884101090526,0.000247097691838883,0.000145480787567985,167295
"11898","2020/05/29",1,0,172,5,0.00239240106294183,0.0016339037653366,0.00350301098962589,0.000261007000344359,0.000153412631116349,167295
"11897","2020/05/30",0,0,172,5,0.0023738139634097,0.00162107986720126,0.00347607347848166,0.000261007000344359,0.000153412631116349,167295
"11896","2020/05/31",1,0,173,5,0.00236915388990152,0.00161776966835005,0.00346952366819935,0.000274701531499859,0.000161129697314737,167295
"11895","2020/06/01",2,0,175,5,0.00237863862583905,0.00162411957443909,0.00348368543879383,0.00030188597293802,0.000176359208838674,167295
"11894","2020/06/02",0,0,175,5,0.00236122336759478,0.00161198168181082,0.00345870914948149,0.000139639117090264,7.98644675191467e-05,167295
"11893","2020/06/03",2,0,177,5,0.002370957602109,0.00161850550714962,0.00347322880655409,0.000166429598470026,9.47000189846861e-05,167295
"11892","2020/06/04",2,0,179,5,0.00238077358772293,0.00162508564354833,0.0034878671770326,0.000193030420679221,0.000109345911279657,167295
"11891","2020/06/05",0,0,179,5,0.00236373471690999,0.00161333683317094,0.0034631588996478,0.000178567593118796,0.000100860548676344,167295
"11890","2020/06/06",0,0,179,5,0.00234670008514993,0.00160159405333476,0.00343845013546117,0.000178567593118796,0.000100860548676344,167295
"11889","2020/06/07",0,0,179,5,0.00233038924134633,0.00159034829455328,0.00341479538462244,0.000178567593118796,0.000100860548676344,167295
"11888","2020/06/08",0,0,179,5,0.00231525996430465,0.00157991178039109,0.00339286583519558,0.000136209724622323,7.64350750512058e-05,167295
"11887","2020/06/09",1,0,180,5,0.00231434352721345,0.00157917608674114,0.00339175979608965,0.000121037048728169,6.72398641141637e-05,167295
"11886","2020/06/10",0,0,180,5,0.00230165166878579,0.00157040747157403,0.00337339225666991,0.000107127740222693,5.93080205657996e-05,167295
"11885","2020/06/11",2,0,182,5,0.00231527168321372,0.00157959258577828,0.00339358579886607,0.000132570286192075,7.27956366209578e-05,167295
"11884","2020/06/12",0,0,182,5,0.00230384801221611,0.00157169282119888,0.00337706935592123,0.000118875755036575,6.50785704225693e-05,167295
"11883","2020/06/13",3,0,185,5,0.00233036449446373,0.00158967651537081,0.00341616588315167,0.000129481008103231,6.97063585321143e-05,167295
"11882","2020/06/14",0,0,185,5,0.00231877113073735,0.00158166382473448,0.00339939465811806,0.000129481008103231,6.97063585321143e-05,167295
"11881","2020/06/15",0,0,185,5,0.0023066779156058,0.00157331244126204,0.00338188580144667,0.000102690526723468,5.48708070665749e-05,167295
"11880","2020/06/16",1,0,186,5,0.00230712976615302,0.00157351934704197,0.00338276600657986,8.84936279882147e-05,4.66513732884329e-05,167295
"11879","2020/06/17",2,0,188,5,0.00232023416787115,0.00158245687189964,0.00340197997768758,0.00011317697019961,5.93797855856047e-05,167295
"11878","2020/06/18",4,0,192,5,0.00235771920457667,0.00160792026509094,0.00345716138313318,0.000162296120294957,8.45890758525053e-05,167295
"11877","2020/06/19",8,0,200,5,0.00244262471682746,0.00166571942568,0.00358188504935082,0.000260001108968056,0.00013447434486871,167295
"11876","2020/06/20",0,0,200,5,0.00242630856166953,0.00165438811112333,0.00355839914277042,0.000260001108968056,0.00013447434486871,167295
"11875","2020/06/21",22,0,222,5,0.00267114609021747,0.00182122075907324,0.00391771365428255,0.000511851816030613,0.000260798287831922,167295
"11874","2020/06/22",0,0,222,5,0.00264275026800538,0.00180164453861236,0.00387652993104941,0.000511851816030613,0.000260798287831922,167295
"11873","2020/06/23",3,0,225,5,0.00264038897706537,0.00179972044985673,0.00387374269751911,0.000521614456422103,0.0002645834632663,167295
"11872","2020/06/24",1,0,226,5,0.00260954687953454,0.00177839742424732,0.00382914123898408,0.000533161124030663,0.000270152665917748,167295
"11871","2020/06/25",5,0,231,5,0.00262300494497935,0.00178727635689486,0.00384951936215359,0.000552146428334922,0.000277183040307785,167295
"11870","2020/06/26",16,0,247,5,0.00275828622270758,0.00187915677513516,0.00404870045280348,0.000730820839522458,0.000360218012181533,167295
"11869","2020/06/27",1,0,248,5,0.00272103210737044,0.00185349121638178,0.00399463221832486,0.00074179274318121,0.000365212450883173,167295
"11868","2020/06/28",0,0,248,5,0.00266905260329358,0.00181772429167065,0.00391909919001018,0.000729388819707269,0.000358785992366344,167295
"11867","2020/06/29",5,0,253,5,0.00267017258945103,0.00181814107669278,0.00392148978363376,0.000757475686773562,0.000368940464561302,167295
"11866","2020/06/30",4,0,257,5,0.0026613326385802,0.0018117903249649,0.00390922245006992,0.000749778056344832,0.000361242834132573,167295
"11865","2020/07/01",10,0,267,5,0.00271408606191168,0.00184737858974601,0.00398741394554975,0.000753724231039213,0.00035323407891273,167295
"11864","2020/07/02",13,0,280,5,0.00279385787860236,0.00190135379754855,0.00410530741616444,0.00088343906111718,0.000405241864548245,167295
"11863","2020/07/03",6,0,286,5,0.00279810069847658,0.00190392995972445,0.00411221404381298,0.000677432303269301,0.000294874546014153,167295
"11862","2020/07/04",2,0,288,5,0.00275859123268645,0.0018766780127956,0.00405494471463357,0.000696589186829624,0.000302076499660252,167295
"11861","2020/07/05",0,0,288,5,0.00269908978678628,0.00183585434298055,0.00396822640368435,0.000661384000468752,0.000284803708170716,167295
"11860","2020/07/06",13,0,301,5,0.00276166237009742,0.00187807703129794,0.00406095113209558,0.000769111787382672,0.000320801915599296,167295
"11859","2020/07/07",2,0,303,5,0.00272321603973073,0.00185161241655071,0.00400510686402799,0.000730311811938155,0.000299934335026113,167295
"11858","2020/07/08",0,0,303,5,0.00266763048311223,0.00181351799965935,0.00392400428105281,0.000551637400750619,0.000216899363152365,167295
"11857","2020/07/09",6,0,309,5,0.00266679917567787,0.00181266513779787,0.00392340410542458,0.000592448005357457,0.000227822642973644,167295
"11856","2020/07/10",1,0,310,5,0.00262532464703351,0.00178420211332947,0.00386297575304402,0.000600916794541436,0.000230313967200511,167295
"11855","2020/07/11",2,0,312,5,0.00259512177562051,0.00176346815128649,0.00381898421323156,0.000564781981261315,0.000212111548791726,167295
"11854","2020/07/12",0,0,312,5,0.00255161283670609,0.00173365583305217,0.00375549053296287,0.000523360461594697,0.000194599888953554,167295
"11853","2020/07/13",0,0,312,5,0.00251191580728001,0.00170649657733023,0.00369747065812144,0.000421709298227218,0.000152723375157192,167295
"11852","2020/07/14",0,0,312,5,0.00247627993918214,0.00168210738504628,0.00364540480097067,0.000291994468149252,0.000100715589521678,167295
"11851","2020/07/15",1,0,313,5,0.00245246256823829,0.00166579852894965,0.0036106243006484,0.000241128398562991,7.97368447209754e-05,167295
"11850","2020/07/16",1,0,314,5,0.00243201723287056,0.0016517437639026,0.00358088702996196,0.000229716792814358,7.43027039294542e-05,167295
"11849","2020/07/17",0,0,314,5,0.00240666280940276,0.00163440261264732,0.00354381829381733,0.000229716792814358,7.43027039294542e-05,167295
"11848","2020/07/18",1,0,315,5,0.00239141983214675,0.00162397193643817,0.00352154411370428,0.00011803414728282,3.43496378832567e-05,167295
"11847","2020/07/19",0,0,315,5,0.00237076017681197,0.00160982699305415,0.00349137133381916,0.000100059123918261,2.83295444329208e-05,167295
"11846","2020/07/20",4,0,319,5,0.00238191539424129,0.00161732585528132,0.00350796404249455,0.000129926401588998,3.42869622752112e-05,167295
"11845","2020/07/21",8,0,327,5,0.00242363123775526,0.00164557482730898,0.00356956625681305,0.000137437623910693,2.98432546826828e-05,167295
"11844","2020/07/22",3,0,330,5,0.00242743933978356,0.0016480851606207,0.00357533814946166,0.000151036465088383,3.14871659461491e-05,167295
"11843","2020/07/23",2,0,332,5,0.00242226072968546,0.00164445845448578,0.00356795091208983,0.000148993001197354,2.94437020551206e-05,167295
