"","date","cases","deaths","cum_cases","cum_deaths","p_cases","p_cases_low","p_cases_high","p_cases_active","p_cases_active_undetected","population"
"14675","2020/03/21",1,0,1,0,NA,NA,NA,1.18218680915958e-05,0,84589
"14674","2020/03/22",1,0,2,0,0,NA,NA,2.36437361831917e-05,0,84589
"14673","2020/03/23",0,0,2,0,0,NA,NA,2.36437361831917e-05,0,84589
"14672","2020/03/24",11,0,13,0,0,NA,NA,0.000153684285190746,0,84589
"14671","2020/03/25",10,0,23,0,0,0,NA,0.000271902966106704,0,84589
"14670","2020/03/26",0,0,23,0,0,0,NA,0.000271902966106704,0,84589
"14669","2020/03/27",3,0,26,0,0,0,NA,0.000307368570381492,0,84589
"14668","2020/03/28",3,0,29,0,0,0,NA,0.000342834174656279,0,84589
"14667","2020/03/29",3,0,32,0,0,0,NA,0.000378299778931067,0,84589
"14666","2020/03/30",10,0,42,0,0,0,NA,0.000496518459847025,0,84589
"14665","2020/03/31",0,0,42,0,0,0,NA,0.000496518459847025,0,84589
"14664","2020/04/01",10,0,52,0,0,0,NA,0.000614737140762983,0,84589
"14663","2020/04/02",13,0,65,0,0,0,NA,0.000756599557862133,0,84589
"14662","2020/04/03",6,1,71,1,0.00324602803362422,0.00050595907453098,0.0208251981740652,0.00101908991796413,0.000203381019644021,84589
"14661","2020/04/04",43,0,114,1,0.0043571152991056,0.000669657845994473,0.0283494830132353,0.00266256323253905,0.00133851400628032,84589
"14660","2020/04/05",12,0,126,1,0.00398747387203984,0.000602818582774489,0.0263760081963971,0.00291228209991624,0.00157641100556592,84589
"14659","2020/04/06",1,0,127,1,0.00326895036185983,0.000487713755915309,0.0219104676435641,0.0028198031856291,0.00159032890410314,84589
"14658","2020/04/07",12,0,139,1,0.00293838794992628,0.000433343960260308,0.0199244123284549,0.00307347696547885,0.00170214026685374,84589
"14657","2020/04/08",11,0,150,1,0.0026639197401256,0.000390136915721968,0.018189686994112,0.00323336547547994,0.00176745383212206,84589
"14656","2020/04/09",8,0,158,1,0.00240468635231345,0.000350123260627187,0.0165156592071152,0.00331965614220837,0.00179463515839251,84589
"14655","2020/04/10",32,0,190,1,0.00252076898663931,0.00036525058053462,0.017397032674669,0.00370874110410441,0.00184088594563227,84589
"14654","2020/04/11",11,0,201,1,0.00234836890581572,0.000339147835451581,0.0162608630848521,0.00372056297219601,0.00184088594563227,84589
"14653","2020/04/12",25,0,226,1,0.00233552680732175,0.000336203866804983,0.0162243388797267,0.00401610967448591,0.00184088594563227,84589
"14652","2020/04/13",2,1,228,2,0.00418899887544081,0.00160263243450646,0.0109493051560811,0.00393463659774048,0.00185398781361961,84589
"14651","2020/04/14",14,0,242,2,0.00397789332384516,0.00151847876907973,0.0104207155332714,0.00401107837260689,0.00191860772039443,84589
"14650","2020/04/15",0,0,242,2,0.00359295984691016,0.00136906813842257,0.00942930457528782,0.0037367661444133,0.00171522670075041,84589
"14649","2020/04/16",12,0,254,2,0.00344045918058718,0.00130900984416579,0.00904252892065143,0.0022558342084488,0.000600772675625379,84589
"14648","2020/04/17",30,2,284,4,0.00708965871160598,0.00439757951201289,0.0114297559622847,0.00262498240244496,0.000757127243972821,84589
"14647","2020/04/18",5,0,289,4,0.00668537353692301,0.00414240209442669,0.0107894449426634,0.00271490653783903,0.000799763907000509,84589
"14646","2020/04/19",8,2,297,6,0.00957719140941381,0.00698074231917641,0.0131393755991513,0.00271920424376474,0.000851349085292598,84589
"14645","2020/04/20",1,0,298,6,0.00897082350223502,0.00653311139130265,0.0123181237067819,0.00255395356406012,0.000804317086503938,84589
"14644","2020/04/21",2,3,300,9,0.0127193223093203,0.0103214498386165,0.015674266942914,0.00251699277511904,0.000838287506112435,84589
"14643","2020/04/22",7,1,307,10,0.0136691281723064,0.011330052534946,0.016491103144901,0.00240411614121578,0.00102095757449907,84589
"14642","2020/04/23",0,5,307,15,0.0194966965146373,0.0172427514928092,0.0220452736410655,0.00227407559220823,0.00102095757449907,84589
"14641","2020/04/24",0,1,307,16,0.019879004996751,0.0177169168794743,0.022304944045805,0.00197852888991833,0.00102095757449907,84589
"14640","2020/04/25",1,2,308,18,0.0215574123989838,0.0194695251204785,0.0238692020716548,0.0020117748844458,0.00106602543711813,84589
"14639","2020/04/26",0,0,308,18,0.0208116702098356,0.0187901351488931,0.0230506919450482,0.00178164882438864,0.00100140553034332,84589
"14638","2020/04/27",0,0,308,18,0.0201769571395226,0.0182124105629382,0.0223534165344696,0.00178164882438864,0.00100140553034332,84589
"14637","2020/04/28",0,0,308,18,0.0196353916180946,0.0177192996968817,0.0217586818097437,0.00161910744577822,0.00098072656883205,84589
"14636","2020/04/29",1,3,309,21,0.0224395655234851,0.020563262661332,0.0244870723666651,0.000942819788547748,0.000647273086257853,84589
"14635","2020/04/30",4,0,313,21,0.0222558055660314,0.0203916827145381,0.0242903387781655,0.00111157512698532,0.000827850292787024,84589
"14634","2020/05/01",2,0,315,21,0.0219774194023345,0.0201335908721918,0.0239901052252548,0.000993142812018341,0.000780349186369616,84589
"14633","2020/05/02",1,1,316,22,0.0226970971002103,0.020878868036017,0.0246736660190439,0.00103486563409332,0.000822072008444592,84589
"14632","2020/05/03",4,0,320,22,0.0226153247198841,0.020800732092053,0.0245882168917123,0.00123276171102973,0.000996324349197816,84589
"14631","2020/05/04",1,0,321,22,0.0223453976373979,0.0205502364576976,0.0242973747091068,0.000990699609408259,0.000825193456125918,84589
"14630","2020/05/05",4,1,325,23,0.0233162841162605,0.0215240818317554,0.0252577140915767,0.00127766926006993,0.0010648756344212,84589
"14629","2020/05/06",1,0,326,23,0.0230722968123609,0.0212972104755571,0.0249953335817682,0.00134844317667226,0.00112382768293194,84589
"14628","2020/05/07",1,0,327,23,0.0228438250355777,0.0210842077310782,0.0247502941022011,0.00134831037013199,0.00112369487639167,84589
"14627","2020/05/08",2,0,329,23,0.0227021460919448,0.020951405314546,0.0245991822239334,0.00148631733725628,0.00123805810733276,84589
"14626","2020/05/09",0,0,329,23,0.0224402166453282,0.0207082020721272,0.0243170952908099,0.00148631733725628,0.00123805810733276,84589
"14625","2020/05/10",1,0,330,23,0.0222646647176604,0.0205447682861548,0.0241285415384264,0.00155378601821888,0.00129370492020377,84589
"14624","2020/05/11",0,0,330,23,0.0220406738515074,0.0203366919725672,0.0238874298968495,0.00148116606506845,0.00123290683514493,84589
"14623","2020/05/12",0,0,330,23,0.0218357352919831,0.0201462498157261,0.0236669027785691,0.00119674682460798,0.000995775067050852,84589
"14622","2020/05/13",1,0,331,23,0.0217155017828708,0.0200344405871578,0.0235376184141693,0.00112281339936709,0.00093366350990156,84589
"14621","2020/05/14",1,0,332,23,0.0216114934640731,0.0199371941514255,0.0234263982283727,0.0011160820025524,0.000926932113086871,84589
"14620","2020/05/15",0,0,332,23,0.0214556610435779,0.0197925949115713,0.0232584657481054,0.000833390443553853,0.000691528026454703,84589
"14619","2020/05/16",2,1,334,24,0.0223724194583717,0.0207108378461264,0.0241673058395822,0.000897745196490818,0.000744060911300072,84589
"14618","2020/05/17",1,0,335,24,0.0222985700968986,0.0206416202312475,0.0240885271018403,0.000677338441640788,0.00055911976072483,84589
"14617","2020/05/18",0,0,335,24,0.0221647487596815,0.0205169058885905,0.023944940345659,0.000606564525038455,0.000500167712214092,84589
"14616","2020/05/19",0,0,335,24,0.0220380189388112,0.0203987763479774,0.023808990817018,0.000536705732880724,0.000442130788147958,84589
"14615","2020/05/20",0,0,335,24,0.0219200940353526,0.020289218367675,0.0236820617636125,0.00039869876575644,0.000327767557206865,84589
"14614","2020/05/21",1,0,336,24,0.0218768957823733,0.0202484341434522,0.0236363249465189,0.000463808574632551,0.00038105549799138,84589
"14613","2020/05/22",0,0,336,24,0.0217768041391376,0.020155398701506,0.0235286438902807,0.000396339893669944,0.000325408685120369,84589
"14612","2020/05/23",0,0,336,24,0.0216836549203742,0.0200684070052007,0.0234289094587339,0.000396339893669944,0.000325408685120369,84589
"14611","2020/05/24",0,0,336,24,0.0215976258533685,0.0199884025786347,0.0233364042307553,0.000396339893669944,0.000325408685120369,84589
"14610","2020/05/25",0,0,336,24,0.0215187663337201,0.0199150388215848,0.0232516395611222,0.000330734148102358,0.000271624807644379,84589
"14609","2020/05/26",0,0,336,24,0.021446793510135,0.019848053539403,0.0231743103147739,0.000265639288270813,0.000218351815904429,84589
"14608","2020/05/27",0,0,336,24,0.021381233045526,0.0197870073542482,0.023103904413769,0.000265639288270813,0.000218351815904429,84589
"14607","2020/05/28",0,0,336,24,0.0213215367675278,0.0197313925975209,0.0230398299502771,0.000131672704687749,0.000108028968504557,84589
"14606","2020/05/29",0,0,336,24,0.0212671501426697,0.0196806957564746,0.022981488093075,6.51098088761111e-05,5.32879407845152e-05,84589
"14605","2020/05/30",0,0,336,24,0.0212175460640762,0.0196344287407859,0.0229283095996596,6.51098088761111e-05,5.32879407845152e-05,84589
"14604","2020/05/31",0,0,336,24,0.0211722395578174,0.0195925027156958,0.0228793500451831,6.51098088761111e-05,5.32879407845152e-05,84589
"14603","2020/06/01",0,0,336,24,0.0211307923518151,0.0195537885124806,0.0228349808084778,6.51098088761111e-05,5.32879407845152e-05,84589
"14602","2020/06/02",0,0,336,24,0.0210928123152339,0.0195182862679229,0.0227943542408668,-6.29995687169815e-20,-8.39994249559754e-20,84589
"14601","2020/06/03",0,0,336,24,0.0210579504823841,0.0194860267843028,0.0227566801291558,-6.29995687169815e-20,-8.39994249559754e-20,84589
"14600","2020/06/04",0,0,336,24,0.0210258971034791,0.0194560127287676,0.0227224537303278,-6.29995687169815e-20,-8.39994249559754e-20,84589
"14599","2020/06/05",0,0,336,24,0.0209963774707225,0.0194286971594088,0.0226905521907099,-6.29995687169815e-20,-8.39994249559754e-20,84589
"14598","2020/06/06",0,0,336,24,0.0209691478919707,0.0194035006587227,0.0226611254870483,-6.29995687169815e-20,-8.39994249559754e-20,84589
"14597","2020/06/07",0,0,336,24,0.0209439919815169,0.0193798731318236,0.0226343483849508,-6.29995687169815e-20,-8.39994249559754e-20,84589
"14596","2020/06/08",0,0,336,24,0.0209207173297604,0.0193583366549845,0.0226091952729338,-6.29995687169815e-20,-8.39994249559754e-20,84589
"14595","2020/06/09",0,0,336,24,0.0208991525577347,0.0193380353615737,0.0225862953223975,-6.29995687169815e-20,-8.39994249559754e-20,84589
"14594","2020/06/10",0,0,336,24,0.020879144735127,0.019319522075926,0.0225646723121377,-6.29995687169815e-20,-8.39994249559754e-20,84589
"14593","2020/06/11",0,0,336,24,0.0208605571285388,0.0193023229195249,0.0225445841688229,-6.29995687169815e-20,-8.39994249559754e-20,84589
"14592","2020/06/12",0,0,336,24,0.0208432672430953,0.0192863245475728,0.0225258985088357,-6.29995687169815e-20,-8.39994249559754e-20,84589
"14591","2020/06/13",0,0,336,24,0.0208271651211172,0.0192710814998054,0.0225088979560727,-6.29995687169815e-20,-8.39994249559754e-20,84589
"14590","2020/06/14",0,0,336,24,0.020812151864201,0.0192571899453895,0.0224926724224511,-6.29995687169815e-20,-8.39994249559754e-20,84589
"14589","2020/06/15",0,0,336,24,0.0207981383485117,0.0192442234373997,0.0224775273562445,-6.29995687169815e-20,-8.39994249559754e-20,84589
"14588","2020/06/16",0,0,336,24,0.0207850441067207,0.0192321075205543,0.022463375792622,-6.29995687169815e-20,-8.39994249559754e-20,84589
"14587","2020/06/17",0,0,336,24,0.0207727963535006,0.0192204340937495,0.0224505370814874,-6.29995687169815e-20,-8.39994249559754e-20,84589
"14586","2020/06/18",0,0,336,24,0.0207613291346664,0.019209823826355,0.0224381436984648,-6.29995687169815e-20,-8.39994249559754e-20,84589
"14585","2020/06/19",0,0,336,24,0.0207505825828688,0.0191998803701614,0.0224265291880482,-6.29995687169815e-20,-8.39994249559754e-20,84589
"14584","2020/06/20",0,0,336,24,0.0207405022652042,0.0191905533600652,0.0224156347209928,-6.29995687169815e-20,-8.39994249559754e-20,84589
"14583","2020/06/21",0,0,336,24,0.0207310386102279,0.0191817969291224,0.0224054067221545,-6.29995687169815e-20,-8.39994249559754e-20,84589
"14582","2020/06/22",0,0,336,24,0.0207221464036699,0.0191735692419498,0.0223957963254765,-6.29995687169815e-20,-8.39994249559754e-20,84589
"14581","2020/06/23",0,0,336,24,0.0207137843437049,0.0191654943380005,0.0223871534055237,-6.29995687169815e-20,-8.39994249559754e-20,84589
"14580","2020/06/24",0,0,336,24,0.0207059146479437,0.0191582128771602,0.0223786479541134,-6.29995687169815e-20,-8.39994249559754e-20,84589
"14579","2020/06/25",0,0,336,24,0.0206985027054326,0.0191513549539592,0.0223706372356818,-6.29995687169815e-20,-8.39994249559754e-20,84589
"14578","2020/06/26",0,0,336,24,0.0206915167678981,0.0191448911932074,0.0223630869371622,-6.29995687169815e-20,-8.39994249559754e-20,84589
"14577","2020/06/27",0,0,336,24,0.0206849276752835,0.0191387946144701,0.0223559655427941,-6.29995687169815e-20,-8.39994249559754e-20,84589
"14576","2020/06/28",0,0,336,24,0.0206787086113063,0.0191330404058975,0.022349244069934,-6.29995687169815e-20,-8.39994249559754e-20,84589
"14575","2020/06/29",0,0,336,24,0.0206728348853558,0.019127605722424,0.0223428958333331,-6.29995687169815e-20,-8.39994249559754e-20,84589
"14574","2020/06/30",0,0,336,24,0.0206672837375424,0.0191224695053899,0.0223368962344373,-6.29995687169815e-20,-8.39994249559754e-20,84589
"14573","2020/07/01",0,0,336,24,0.0206620341641394,0.0191176123210307,0.022331222572728,-6.29995687169815e-20,-8.39994249559754e-20,84589
"14572","2020/07/02",0,0,336,24,0.0206570667610206,0.0191130162156176,0.0223258538765109,-6.29995687169815e-20,-8.39994249559754e-20,84589
"14571","2020/07/03",0,0,336,24,0.0206523635830084,0.0191086645853183,0.0223207707509021,-6.29995687169815e-20,-8.39994249559754e-20,84589
"14570","2020/07/04",0,0,336,24,0.0206479080173146,0.0191042074038611,0.0223163461576177,-6.29995687169815e-20,-8.39994249559754e-20,84589
"14569","2020/07/05",0,0,336,24,0.0206436846694871,0.0191002998064053,0.0223117815454553,-6.29995687169815e-20,-8.39994249559754e-20,84589
"14568","2020/07/06",0,0,336,24,0.0206396792604721,0.0190965938539914,0.0223074524824816,-6.29995687169815e-20,-8.39994249559754e-20,84589
"14567","2020/07/07",0,0,336,24,0.0206358785335757,0.0190930772810361,0.0223033446408058,-6.29995687169815e-20,-8.39994249559754e-20,84589
"14566","2020/07/08",0,0,336,24,0.0206322701702523,0.0190897386899663,0.022299444706492,-6.29995687169815e-20,-8.39994249559754e-20,84589
"14565","2020/07/09",0,0,336,24,0.0206288427137817,0.0190865674806008,0.0222957402970683,-6.29995687169815e-20,-8.39994249559754e-20,84589
"14564","2020/07/10",0,0,336,24,0.0206255855000009,0.0190835537860622,0.0222922198866625,-6.29995687169815e-20,-8.39994249559754e-20,84589
"14563","2020/07/11",0,0,336,24,0.0206224885943614,0.0190806884145388,0.0222888727379726,-6.29995687169815e-20,-8.39994249559754e-20,84589
"14562","2020/07/12",0,0,336,24,0.0206195427346603,0.0190779627962988,0.0222856888403707,-6.29995687169815e-20,-8.39994249559754e-20,84589
"14561","2020/07/13",0,0,336,24,0.0206167392788737,0.0190753689354219,0.0222826588535207,-6.29995687169815e-20,-8.39994249559754e-20,84589
"14560","2020/07/14",0,0,336,24,0.0206140701575788,0.0190728993657803,0.0222797740559566,-6.29995687169815e-20,-8.39994249559754e-20,84589
"14559","2020/07/15",0,0,336,24,0.0206115278305153,0.0190705471108462,0.022277026298133,-6.29995687169815e-20,-8.39994249559754e-20,84589
"14558","2020/07/16",0,0,336,24,0.0206091052468787,0.0190683056469552,0.0222744079595107,-6.29995687169815e-20,-8.39994249559754e-20,84589
"14557","2020/07/17",0,0,336,24,0.0206067958089888,0.0190661688696896,0.0222719119092893,-6.29995687169815e-20,-8.39994249559754e-20,84589
"14556","2020/07/18",0,0,336,24,0.0206045933390099,0.0190641310630874,0.0222695314704376,-6.29995687169815e-20,-8.39994249559754e-20,84589
"14555","2020/07/19",0,0,336,24,0.0206024920484357,0.019062186871409,0.0222672603867136,-6.29995687169815e-20,-8.39994249559754e-20,84589
"14554","2020/07/20",0,0,336,24,0.0206004865100826,0.0190603312732233,0.0222650927923945,-6.29995687169815e-20,-8.39994249559754e-20,84589
"14553","2020/07/21",0,0,336,24,0.0205985716323594,0.0190585595576022,0.0222630231844669,-6.29995687169815e-20,-8.39994249559754e-20,84589
"14552","2020/07/22",0,0,336,24,0.0205967426356063,0.0190568673022278,0.0222610463970544,-6.29995687169815e-20,-8.39994249559754e-20,84589
"14551","2020/07/23",0,0,336,24,0.0205949950303182,0.0190552503532442,0.0222591575778809,-6.29995687169815e-20,-8.39994249559754e-20,84589
"14550","2020/07/24",0,0,336,24,0.0205933245970828,0.019053704806695,0.0222573521665877,-6.29995687169815e-20,-8.39994249559754e-20,84589
"14549","2020/07/25",0,0,336,24,0.0205917273680834,0.0190522269914097,0.0222556258747419,-6.29995687169815e-20,-8.39994249559754e-20,84589
