"","date","cases","deaths","cum_cases","cum_deaths","p_cases","p_cases_low","p_cases_high","population"
"1","2020/03/03",1,0,1,0,NA,NA,NA,10101697
"2","2020/03/08",0,0,1,0,0,NA,NA,10101697
"3","2020/03/15",0,0,1,0,0,NA,NA,10101697
"4","2020/03/16",14,0,15,0,0,NA,NA,10101697
"5","2020/03/17",1,0,16,0,0,NA,NA,10101697
"6","2020/03/18",19,0,35,0,0,0,NA,10101697
"7","2020/03/19",17,0,52,0,0,0,NA,10101697
"8","2020/03/20",4,0,56,0,0,0,NA,10101697
"9","2020/03/21",13,0,69,0,0,0,NA,10101697
"10","2020/03/22",15,0,84,0,0,0,NA,10101697
"11","2020/03/23",15,0,99,0,0,0,NA,10101697
"12","2020/03/24",13,0,112,0,0,0,NA,10101697
"13","2020/03/25",15,0,127,0,0,0,NA,10101697
"14","2020/03/26",26,0,153,0,0,0,NA,10101697
"15","2020/03/27",19,0,172,0,0,0,NA,10101697
"16","2020/03/28",40,0,212,0,0,0,NA,10101697
"17","2020/03/29",23,1,235,1,2.65512531735996e-05,3.850867950987e-06,0.000183067571794534,10101697
"18","2020/03/30",24,0,259,1,2.46020363361677e-05,3.54922474375822e-06,0.000170533070060031,10101697
"19","2020/03/31",9,4,268,5,0.00010806777609294,7.45068870791449e-05,0.000156745835016141,10101697
"20","2020/04/01",6,0,274,5,9.51282256587539e-05,6.53897395155918e-05,0.000138391426300529,10101697
"21","2020/04/02",4,0,278,5,8.45749718153178e-05,5.79951309228504e-05,0.000123336661953176,10101697
"22","2020/04/03",21,0,299,5,8.11489341450229e-05,5.5547868852112e-05,0.000118549093762809,10101697
"23","2020/04/04",0,0,299,5,7.34480375520638e-05,5.02049359799904e-05,0.000107451869322161,10101697
"24","2020/04/05",24,0,323,5,7.26194001747498e-05,4.95802521681704e-05,0.000106364470754467,10101697
"25","2020/04/06",22,0,345,5,7.16458437598331e-05,4.88705581009506e-05,0.000105035160790574,10101697
"26","2020/04/07",4,1,349,6,8.07436589721227e-05,5.87482230499903e-05,0.00011097422399753,10101697
"27","2020/04/08",0,0,349,6,7.52850323046614e-05,5.47361944489004e-05,0.000103548230675868,10101697
"28","2020/04/09",9,0,358,6,7.24476713823758e-05,5.26417875783986e-05,9.97052974485707e-05,10101697
"29","2020/04/10",14,1,372,7,8.29364185188657e-05,6.31110510628283e-05,0.000108989620690817,10101697
"30","2020/04/11",0,0,372,7,7.8716393719585e-05,5.98733793959386e-05,0.000103489575880479,10101697
"31","2020/04/12",9,0,381,7,7.6845420731136e-05,5.84269860826122e-05,0.000101070054837258,10101697
"32","2020/04/13",8,0,389,7,7.5104532867673e-05,5.70843433907774e-05,9.88132738719157e-05,10101697
"33","2020/04/14",2,0,391,7,7.25126593384017e-05,5.50974886464403e-05,9.5432403427099e-05,10101697
"34","2020/04/15",6,0,397,7,7.09429617872524e-05,5.38909087332325e-05,9.33905912045597e-05,10101697
"35","2020/04/16",4,0,401,7,6.92598159668461e-05,5.25997193161162e-05,9.11967244336918e-05,10101697
"36","2020/04/17",1,0,402,7,6.72920457238833e-05,5.10949608162539e-05,8.86236009454913e-05,10101697
"37","2020/04/18",5,0,407,7,6.62031380651884e-05,5.02585867630296e-05,8.72061029161775e-05,10101697
"38","2020/04/19",6,0,413,7,6.54427523624283e-05,4.96733823156966e-05,8.62182850676707e-05,10101697
"39","2020/04/20",4,0,417,7,6.44949844388846e-05,4.8946542632052e-05,8.49825706596099e-05,10101697
"40","2020/04/21",8,0,425,7,6.42588484530301e-05,4.87611336714728e-05,8.4682190375841e-05,10101697
"41","2020/04/22",0,0,425,7,6.2894932364092e-05,4.77203442583702e-05,8.28948864171252e-05,10101697
"42","2020/04/23",3,0,428,7,6.20624306092529e-05,4.70831915543843e-05,8.18072260177882e-05,10101697
"43","2020/04/24",9,0,437,7,6.21744207663244e-05,4.71628538433426e-05,8.19640518461462e-05,10101697
"44","2020/04/25",4,0,441,7,6.16264599242979e-05,4.67428563669673e-05,8.12492187680036e-05,10101697
"45","2020/04/26",3,0,444,7,6.09788385565333e-05,4.62468148205945e-05,8.04037805874552e-05,10101697
"46","2020/04/27",3,0,447,7,6.03760093000754e-05,4.57856696641851e-05,7.9615795198344e-05,10101697
"47","2020/04/28",2,0,449,7,5.96910573983477e-05,4.52624562519339e-05,7.87191555292717e-05,10101697
"48","2020/04/29",0,1,449,8,6.72028753830921e-05,5.27700626705609e-05,8.55831172297413e-05,10101697
"49","2020/04/30",2,0,451,8,6.65649328954153e-05,5.22650021801203e-05,8.47773865215008e-05,10101697
"50","2020/05/01",2,0,453,8,6.60033896174806e-05,5.18207798560642e-05,8.40675777766619e-05,10101697
"51","2020/05/02",6,0,459,8,6.60843466247827e-05,5.18811067695031e-05,8.41759388099935e-05,10101697
"52","2020/05/03",1,1,460,9,7.36728659683976e-05,5.9431881919488e-05,9.13262546077598e-05,10101697
"53","2020/05/04",1,0,461,9,7.30390638528167e-05,5.89177776529252e-05,9.05449095504194e-05,10101697
"54","2020/05/05",4,0,465,9,7.29213633817976e-05,5.88193955539146e-05,9.04042822505047e-05,10101697
"55","2020/05/06",6,0,471,9,7.31479682420211e-05,5.89994793354794e-05,9.06893640113554e-05,10101697
"56","2020/05/07",2,0,473,9,7.27666284038562e-05,5.8689265786026e-05,9.02206244761991e-05,10101697
"57","2020/05/08",21,0,494,9,7.52889229542679e-05,6.07209263281286e-05,9.33520330204157e-05,10101697
"58","2020/05/09",14,0,508,9,7.66654703987251e-05,6.18284481514877e-05,9.50629447638234e-05,10101697
"59","2020/05/10",14,0,522,9,7.78918502005032e-05,6.28141656863145e-05,9.65887274210742e-05,10101697
"60","2020/05/11",18,0,540,9,7.95348065759344e-05,6.41357774642546e-05,9.8631149526439e-05,10101697
"61","2020/05/12",22,0,562,9,8.15589358081208e-05,6.57633781794919e-05,0.000101148392833438,10101697
"62","2020/05/13",14,0,576,9,8.21974901407242e-05,6.62737426273878e-05,0.000101947273800746,10101697
"63","2020/05/14",6,0,582,9,8.15113807955862e-05,6.5714986716154e-05,0.000101104870155438,10101697
"64","2020/05/15",4,0,586,9,8.04587160613685e-05,6.48610409811849e-05,9.9807294059955e-05,10101697
"65","2020/05/16",10,0,596,9,8.02202916021213e-05,6.46632191868126e-05,9.95201795651055e-05,10101697
"66","2020/05/17",11,0,607,9,8.01316170029261e-05,6.45868870938729e-05,9.94176423794973e-05,10101697
"67","2020/05/18",6,0,613,9,7.94038584795299e-05,6.39956706024939e-05,9.85218637773211e-05,10101697
"68","2020/05/19",16,0,629,9,7.99809488633766e-05,6.44557836266789e-05,9.92455885438697e-05,10101697
"69","2020/05/20",20,0,649,9,8.10369240006462e-05,6.53023963989912e-05,0.000100562665592896,10101697
"70","2020/05/21",23,0,672,9,8.23760725622641e-05,6.63767541468364e-05,0.000102231834292048,10101697
"71","2020/05/22",12,0,684,9,8.2245002717336e-05,6.62665514045528e-05,0.00010207624100852,10101697
"72","2020/05/23",16,0,700,9,8.24837303640411e-05,6.64540304537209e-05,0.000102380032156302,10101697
"73","2020/05/24",4,0,704,9,8.12510324895736e-05,6.54562852197664e-05,0.000100857087420356,10101697
"74","2020/05/25",4,0,708,9,8.00321735150119e-05,6.44696148962282e-05,9.93514356778282e-05,10101697
"75","2020/05/26",3,0,711,9,7.8775311408718e-05,6.34526710756885e-05,9.77980844988905e-05,10101697
"76","2020/05/27",7,0,718,9,7.80625714620521e-05,6.28746521099985e-05,9.69192648987866e-05,10101697
"77","2020/05/28",2,0,720,9,7.69128048962026e-05,6.19452009208226e-05,9.54969790890262e-05,10101697
"78","2020/05/29",8,0,728,9,7.65016174918638e-05,6.16107763160623e-05,9.49914581314186e-05,10101697
"79","2020/05/30",2,0,730,9,7.55481866687052e-05,6.08398158786011e-05,9.38123895759029e-05,10101697
"80","2020/05/31",4,0,734,9,7.48825224597377e-05,6.03010558504174e-05,9.29899500241388e-05,10101697
"81","2020/06/01",5,0,739,9,7.43937701777429e-05,5.99051606121823e-05,9.23865821358527e-05,10101697
"82","2020/06/02",7,0,746,9,7.41679061695123e-05,5.97210338859645e-05,9.21095625382732e-05,10101697
"83","2020/06/03",9,0,755,9,7.41824941717231e-05,5.97305838008867e-05,9.21310673922466e-05,10101697
"84","2020/06/04",2,0,757,9,7.35370532638569e-05,5.92087599091155e-05,9.13327387878424e-05,10101697
"85","2020/06/05",8,0,765,9,7.34976241002526e-05,5.9175196492539e-05,9.12865705323533e-05,10101697
"86","2020/06/06",19,0,784,9,7.45239849964383e-05,5.99997470573364e-05,9.2564129219446e-05,10101697
"87","2020/06/07",11,0,795,9,7.47663142975885e-05,6.01930749424017e-05,9.28678549649576e-05,10101697
"88","2020/06/08",13,0,808,9,7.51464162116192e-05,6.04970959354438e-05,9.33430569208772e-05,10101697
"89","2020/06/09",23,0,831,9,7.63910195073264e-05,6.14970923646357e-05,9.48920938695391e-05,10101697
"90","2020/06/10",14,0,845,9,7.67249776945478e-05,6.17637559579588e-05,9.53103015016738e-05,10101697
"91","2020/06/11",18,0,863,9,7.73279269111957e-05,6.22467512517697e-05,9.60629777479869e-05,10101697
"92","2020/06/12",27,0,890,9,7.8635716964444e-05,6.32971305910325e-05,9.76912527435831e-05,10101697
"93","2020/06/13",25,0,915,9,7.96439180785952e-05,6.41061250216531e-05,9.89477009375852e-05,10101697
"94","2020/06/14",38,0,953,9,8.16224127321435e-05,6.56958717275062e-05,0.00010140999860463,10101697
"95","2020/06/15",8,0,961,9,8.08692175755323e-05,6.50867757692218e-05,0.00010047863446896,10101697
"96","2020/06/16",18,0,979,9,8.08393980060187e-05,6.50595866960482e-05,0.00010044650760704,10101697
"97","2020/06/17",2,0,981,9,7.9450760314885e-05,6.39389942219373e-05,9.87257211569889e-05,10101697
"98","2020/06/18",6,0,987,9,7.84194348090228e-05,6.31059678322107e-05,9.74489096200452e-05,10101697
"99","2020/06/19",14,0,1001,9,7.80905728639654e-05,6.28385803784374e-05,9.70444833969358e-05,10101697
"100","2020/06/20",7,0,1008,9,7.72871167699567e-05,6.21896008013052e-05,9.60497951690914e-05,10101697
"101","2020/06/21",7,0,1015,9,7.65533793118925e-05,6.1596848877517e-05,9.51415533564665e-05,10101697
"102","2020/06/22",18,0,1033,9,7.67073643757998e-05,6.17186351626507e-05,9.53361935819743e-05,10101697
"103","2020/06/23",9,0,1042,9,7.62337600310375e-05,6.13355347253098e-05,9.47507214944308e-05,10101697
"104","2020/06/24",5,0,1047,9,7.55016201911853e-05,6.07445148965678e-05,9.38437760380582e-05,10101697
"105","2020/06/25",24,0,1071,9,7.61656664414787e-05,6.12768492550702e-05,9.46721121434713e-05,10101697
"106","2020/06/26",15,0,1086,9,7.6194967538138e-05,6.12986966702167e-05,9.47111993159019e-05,10101697
"107","2020/06/27",18,0,1104,9,7.64153229790896e-05,6.14741473177177e-05,9.49879232292436e-05,10101697
"108","2020/06/28",7,0,1111,9,7.58547937630768e-05,6.10214544543441e-05,9.42938805423588e-05,10101697
"109","2020/06/29",10,0,1121,9,7.54954325454213e-05,6.07306603075186e-05,9.3849800189224e-05,10101697
"110","2020/06/30",7,0,1128,9,7.49518026645254e-05,6.02917009831086e-05,9.31765505212041e-05,10101697
"111","2020/07/01",4,0,1132,9,7.42435402702272e-05,5.97205016590292e-05,9.22983417541918e-05,10101697
