"","date","cases","deaths","cum_cases","cum_deaths","p_cases","p_cases_low","p_cases_high","population"
"1","2020/03/19",3,0,3,0,NA,NA,NA,6415851
"2","2020/03/20",3,0,6,0,0,NA,NA,6415851
"3","2020/03/21",0,0,6,0,0,NA,NA,6415851
"4","2020/03/22",8,0,14,0,0,0,NA,6415851
"5","2020/03/23",0,0,14,0,0,0,NA,6415851
"6","2020/03/24",2,0,16,0,0,0,NA,6415851
"7","2020/03/25",26,0,42,0,0,0,NA,6415851
"8","2020/03/26",2,0,44,0,0,0,NA,6415851
"9","2020/03/27",0,0,44,0,0,0,NA,6415851
"10","2020/03/28",14,0,58,0,0,0,NA,6415851
"11","2020/03/29",26,0,84,0,0,0,NA,6415851
"12","2020/03/30",0,0,84,0,0,0,NA,6415851
"13","2020/03/31",0,0,84,0,0,0,NA,6415851
"14","2020/04/01",23,0,107,0,0,0,NA,6415851
"15","2020/04/02",5,1,112,1,3.8818820064804e-05,5.79160600139389e-06,0.000260187034625794,6415851
"16","2020/04/03",13,0,125,1,3.65007323722853e-05,5.3962228799136e-06,0.000246895558868119,6415851
"17","2020/04/04",19,0,144,1,3.59967319996399e-05,5.28617128202084e-06,0.000245123482672802,6415851
"18","2020/04/05",0,0,144,1,3.11385554790052e-05,4.54600848349556e-06,0.000213288127560537,6415851
"19","2020/04/06",72,3,216,4,0.000163310064935159,0.000103175126930557,0.000258494252467228,6415851
"20","2020/04/07",12,0,228,4,0.000150650809138527,9.48122549437976e-05,0.000239374818239966,6415851
"21","2020/04/08",42,0,270,4,0.000154202889329043,9.66590493700444e-05,0.000246004189285915,6415851
"22","2020/04/09",10,0,280,4,0.000137928514728055,8.61552064678659e-05,0.00022081399319939,6415851
"23","2020/04/10",18,1,298,5,0.000158818176624995,0.000109110494216654,0.00023117128565474,6415851
"24","2020/04/11",41,0,339,5,0.000158078768008907,0.000108353853659503,0.000230623056321931,6415851
"25","2020/04/12",38,0,377,5,0.000155270210193916,0.000106227600480905,0.000226954558556526,6415851
"26","2020/04/13",42,0,419,5,0.000153165653292474,0.000104622414473946,0.000224232230411319,6415851
"27","2020/04/14",11,0,430,5,0.000139949257422309,9.54549858730826e-05,0.000205183568714755,6415851
"28","2020/04/15",19,0,449,5,0.000130773913783468,8.90932507562311e-05,0.000191954119768715,6415851
"29","2020/04/16",17,0,466,5,0.000122525991162707,8.3391798551226e-05,0.0001800251196307,6415851
"30","2020/04/17",23,0,489,5,0.000117148612211755,7.96672758500762e-05,0.000172263921374274,6415851
"31","2020/04/18",17,0,506,5,0.000111374427515138,7.56891416767622e-05,0.000163884314573129,6415851
"32","2020/04/19",48,0,554,5,0.000112831495412642,7.66371413707823e-05,0.000166119796867929,6415851
"33","2020/04/20",14,2,568,7,0.000150582696759641,0.000114342702491186,0.000198308663949531,6415851
"34","2020/04/21",22,0,590,7,0.0001458692493014,0.000110713543260374,0.000192188211714201,6415851
"35","2020/04/22",22,0,612,7,0.000141653989272806,0.000107471843187984,0.000186707997943259,6415851
"36","2020/04/23",19,1,631,8,0.000156876168944844,0.000123219425951129,0.000199726075599249,6415851
"37","2020/04/24",25,0,656,8,0.000153856993322852,0.000120810713779664,0.00019594267473265,6415851
"38","2020/04/25",9,0,665,8,0.000147637911590538,0.00011589550476179,0.000188074187895525,6415851
"39","2020/04/26",17,0,682,8,0.000143802959116557,0.000112857199031603,0.000183234133295187,6415851
"40","2020/04/27",13,0,695,8,0.000139684755586981,0.000109601844075063,0.000178024659238686,6415851
"41","2020/04/28",13,0,708,8,0.000136096800660515,0.000106766811168906,0.000173484053211305,6415851
"42","2020/04/29",21,0,729,8,0.000134455129777069,0.000105460981645619,0.000171420573194707,6415851
"43","2020/04/30",17,0,746,8,0.00013236901908631,0.000103809222490098,0.000168786132807642,6415851
"44","2020/05/01",0,0,746,8,0.00012760462158245,0.000100058920479894,0.000162733511126298,6415851
"45","2020/05/02",23,0,769,8,0.000127086075639435,9.96394634325682e-05,0.000162093111153318,6415851
"46","2020/05/03",26,2,795,10,0.000159035921284693,0.000130936127739611,0.000193166123784944,6415851
"47","2020/05/04",35,0,830,10,0.00016099825454033,0.000132538308933543,0.000195569403092579,6415851
"48","2020/05/05",13,1,843,11,0.000174458262615193,0.000146186161069287,0.000208198130192953,6415851
"49","2020/05/06",28,1,871,12,0.000190714028771035,0.000162181916262818,0.000224265698717839,6415851
"50","2020/05/07",24,0,895,12,0.000190120081969111,0.000161661582994299,0.000223588343615416,6415851
"51","2020/05/08",11,0,906,12,0.000186746020361713,0.000158777747577395,0.000219640829102568,6415851
"52","2020/05/09",25,0,931,12,0.000186300550004856,0.000158385752435035,0.000219135208808305,6415851
"53","2020/05/10",71,0,1002,12,0.000194821882555548,0.000165616511345326,0.000229177426901277,6415851
"54","2020/05/11",14,0,1016,12,0.000191862654896629,0.000163087481826885,0.000225714922639235,6415851
"55","2020/05/12",21,0,1037,12,0.000189945622515772,0.000161444859276962,0.000223477784764947,6415851
"56","2020/05/13",7,0,1044,12,0.000185448834992884,0.00015761021674359,0.000218204575253949,6415851
"57","2020/05/14",38,0,1082,12,0.000186540397371153,0.000158526002797817,0.000219505439090444,6415851
"58","2020/05/15",29,2,1111,14,0.000217116529366874,0.000188852721834655,0.000249610314674672,6415851
"59","2020/05/16",6,0,1117,14,0.000212191295419627,0.000184556284211575,0.00024396430630475,6415851
"60","2020/05/17",21,0,1138,14,0.000210291083806677,0.00018289146883808,0.000241795531576918,6415851
"61","2020/05/18",78,0,1216,14,0.000218847480719729,0.000190321617581442,0.000251648869035476,6415851
"62","2020/05/19",27,0,1243,14,0.000217903770771598,0.000189490142058052,0.000250577960419358,6415851
"63","2020/05/20",27,0,1270,14,0.000216630077187234,0.000188371492934626,0.000249127878168026,6415851
"64","2020/05/21",43,0,1313,14,0.000217815279205217,0.000189391164586535,0.000250505328265032,6415851
"65","2020/05/22",37,0,1350,14,0.000217771035231573,0.000189341965273419,0.000250468636032948,6415851
"66","2020/05/23",14,0,1364,14,0.000213912482148827,0.000185976797332219,0.000246044402718321,6415851
"67","2020/05/24",39,0,1403,14,0.000213964877190618,0.00018601223484486,0.000246118050833478,6415851
"68","2020/05/25",30,2,1433,16,0.000243038280076267,0.000215006469371836,0.000274724782723991,6415851
"69","2020/05/26",35,0,1468,16,0.000242399906835253,0.000214431634407442,0.000274016075081971,6415851
"70","2020/05/27",52,0,1520,16,0.000244475097522101,0.000216257046846263,0.000276375147908728,6415851
"71","2020/05/28",74,0,1594,16,0.000249762760765891,0.000220924702360258,0.000282365149749871,6415851
"72","2020/05/29",68,0,1662,16,0.000253537325985232,0.000224253154938542,0.000286645580015846,6415851
"73","2020/05/30",60,0,1722,16,0.000255406114965509,0.000225895970984917,0.000288771345842774,6415851
"74","2020/05/31",26,0,1748,16,0.000251723856892054,0.000222628606238151,0.000284621555151041,6415851
"75","2020/06/01",69,0,1817,16,0.000253885970013959,0.000224530507849216,0.000287079410220798,6415851
"76","2020/06/02",28,1,1845,17,0.000265761328076646,0.000236721749720568,0.000298363304531311,6415851
"77","2020/06/03",26,3,1871,20,0.000307670278275069,0.000278819796642581,0.000339506022433566,6415851
"78","2020/06/04",28,0,1899,20,0.000303271444402094,0.000274822354613286,0.000334665530099078,6415851
"79","2020/06/05",37,2,1936,22,0.000330711887974709,0.000302358755272954,0.000361723783222557,6415851
"80","2020/06/06",38,0,1974,22,0.000328323587931646,0.000300164657487128,0.00035912415303901,6415851
"81","2020/06/07",33,0,2007,22,0.00032537569972435,0.000297459669193553,0.000355911597219664,6415851
"82","2020/06/08",25,1,2032,23,0.000336013224789721,0.000308367189583783,0.000366137809233144,6415851
"83","2020/06/09",23,1,2055,24,0.000346289537120081,0.000318919023384604,0.000376009064138595,6415851
"84","2020/06/10",38,2,2093,26,0.000373547344673526,0.000346181130462354,0.000403076905220911,6415851
"85","2020/06/11",36,0,2129,26,0.000371859432104899,0.000344608081599551,0.000401265799117457,6415851
"86","2020/06/12",37,0,2166,26,0.000370516312693482,0.000343354997359696,0.000399826241142949,6415851
"87","2020/06/13",41,1,2207,27,0.000384171022098717,0.000356995957742786,0.000413414692854055,6415851
"88","2020/06/14",78,0,2285,27,0.000389907105751772,0.000362318349758172,0.000419596609493265,6415851
"89","2020/06/15",87,0,2372,27,0.000396749237937727,0.000368668366222155,0.00042696898412302,6415851
"90","2020/06/16",100,1,2472,28,0.000419965643457663,0.000391246036070941,0.000450793427726458,6415851
"91","2020/06/17",90,2,2562,30,0.000456101988933572,0.000426888805362898,0.00048731431158593,6415851
"92","2020/06/18",95,1,2657,31,0.000477246454814687,0.000447610474748872,0.000508844612631042,6415851
"93","2020/06/19",132,1,2789,32,0.00050412027559642,0.000473738455691492,0.000536450543995757,6415851
"94","2020/06/20",192,3,2981,35,0.000573573750692099,0.000541829189716236,0.000607178154531131,6415851
"95","2020/06/21",170,2,3151,37,0.000622290104474655,0.000589615246408127,0.000656775713460823,6415851
"96","2020/06/22",205,3,3356,40,0.000693549028990632,0.000659728941840912,0.000729102855896596,6415851
"97","2020/06/23",163,1,3519,41,0.000719252180776093,0.000684975193120393,0.000755244430377844,6415851
"98","2020/06/24",207,1,3726,42,0.000750612949735382,0.000715632130469926,0.000787303666676448,6415851
"99","2020/06/25",228,1,3954,43,0.000782890058221018,0.000747190675769829,0.000820295090847891,6415851
"100","2020/06/26",250,0,4204,43,0.000797417902731633,0.000761030641806386,0.00083554495268101,6415851
"101","2020/06/27",309,3,4513,46,0.000875449912277558,0.000837961067017217,0.000914615939896689,6415851
"102","2020/06/28",235,1,4748,47,0.000897594865322059,0.000859907821196113,0.000936933613572496,6415851
"103","2020/06/29",269,3,5017,50,0.000960371445268819,0.000922322591857247,0.000999989939561702,6415851
"104","2020/06/30",279,7,5296,57,0.00109860051493842,0.00106013186257074,0.00113846506650245,6415851
"105","2020/07/01",439,5,5735,62,0.00122906923861247,0.0011892878807004,0.00127018127218601,6415851
