"","date","cases","deaths","cum_cases","cum_deaths","cases_daily","cases_active","cases_active_undected","p_cases","p_cases_low","p_cases_high","p_cases_daily","p_cases_active","p_cases_active_undetected","population"
"26332","2020/03/10",1,0,1,0,1,1,0,NA,NA,NA,3.10061559622047e-07,3.10061559622047e-07,0,3225166
"26331","2020/03/15",0,0,1,0,0,1,0,0,NA,NA,0,3.10061559622047e-07,0,3225166
"26330","2020/03/18",3,0,4,0,3,4,0,0,NA,NA,9.30184678866142e-07,1.24024623848819e-06,0,3225166
"26329","2020/03/19",1,0,5,0,1,5,0,0,NA,NA,3.10061559622047e-07,1.55030779811024e-06,0,3225166
"26328","2020/03/20",0,0,5,0,0,5,0,0,NA,NA,0,1.55030779811024e-06,0,3225166
"26327","2020/03/21",1,0,6,0,1,6,0,0,0,NA,3.10061559622047e-07,1.86036935773228e-06,0,3225166
"26326","2020/03/22",4,0,10,0,4,10,0,0,0,NA,1.24024623848819e-06,3.10061559622047e-06,0,3225166
"26325","2020/03/23",0,0,10,0,0,10,0,0,0,NA,0,3.10061559622047e-06,0,3225166
"26324","2020/03/24",0,0,10,0,0,10,0,0,0,NA,0,3.10061559622047e-06,0,3225166
"26323","2020/03/25",0,0,10,0,0,10,0,0,0,NA,0,3.10061559622047e-06,0,3225166
"26322","2020/03/26",0,0,10,0,0,10,0,0,0,NA,0,3.10061559622047e-06,0,3225166
"26321","2020/03/27",1,0,11,0,1,11,0,0,0,NA,3.10061559622047e-07,3.41067715584252e-06,0,3225166
"26320","2020/03/28",0,0,11,0,0,10,0,0,0,NA,0,3.10061559622047e-06,0,3225166
"26319","2020/03/29",1,0,12,0,1,11,0,0,0,NA,3.10061559622047e-07,3.41067715584252e-06,0,3225166
"26318","2020/03/30",0,0,12,0,0,8,0,0,0,NA,0,2.48049247697638e-06,0,3225166
"26317","2020/03/31",0,0,12,0,0,7,0,0,0,NA,0,2.17043091735433e-06,0,3225166
"26316","2020/04/01",0,0,12,0,0,7,0,0,0,NA,0,2.17043091735433e-06,0,3225166
"26315","2020/04/02",2,0,14,0,2,8,0,0,0,NA,6.20123119244095e-07,2.48049247697638e-06,0,3225166
"26314","2020/04/03",0,0,14,0,0,4,0,0,0,NA,0,1.24024623848819e-06,0,3225166
"26313","2020/04/04",0,0,14,0,0,4,0,0,0,NA,0,1.24024623848819e-06,0,3225166
"26312","2020/04/05",0,0,14,0,0,4,0,0,0,NA,0,1.24024623848819e-06,0,3225166
"26311","2020/04/06",0,0,14,0,0,4,0,0,0,NA,0,1.24024623848819e-06,0,3225166
"26310","2020/04/07",1,0,15,0,1,5,0,0,0,NA,3.10061559622047e-07,1.55030779811024e-06,0,3225166
"26309","2020/04/08",0,0,15,0,0,4,0,0,0,NA,0,1.24024623848819e-06,0,3225166
"26308","2020/04/09",1,0,16,0,1,5,0,0,0,NA,3.10061559622047e-07,1.55030779811024e-06,0,3225166
"26307","2020/04/10",0,0,16,0,0,4,0,0,0,NA,0,1.24024623848819e-06,0,3225166
"26306","2020/04/11",0,0,16,0,0,4,0,0,0,NA,0,1.24024623848819e-06,0,3225166
"26305","2020/04/12",0,0,16,0,0,4,0,0,0,NA,0,1.24024623848819e-06,0,3225166
"26304","2020/04/13",0,0,16,0,0,4,0,0,0,NA,0,1.24024623848819e-06,0,3225166
"26303","2020/04/14",0,0,16,0,0,2,0,0,0,NA,0,6.20123119244095e-07,0,3225166
"26302","2020/04/15",14,0,30,0,14,16,0,0,0,NA,4.34086183470866e-06,4.96098495395276e-06,0,3225166
"26301","2020/04/16",0,0,30,0,0,16,0,0,0,NA,0,4.96098495395276e-06,0,3225166
"26300","2020/04/17",1,0,31,0,1,17,0,0,0,NA,3.10061559622047e-07,5.27104651357481e-06,0,3225166
"26299","2020/04/18",0,0,31,0,0,17,0,0,0,NA,0,5.27104651357481e-06,0,3225166
"26298","2020/04/19",0,0,31,0,0,16,0,0,0,NA,0,4.96098495395276e-06,0,3225166
"26297","2020/04/20",1,0,32,0,1,17,0,0,0,NA,3.10061559622047e-07,5.27104651357481e-06,0,3225166
"26296","2020/04/21",2,0,34,0,2,18,0,0,0,NA,6.20123119244095e-07,5.58110807319685e-06,0,3225166
"26295","2020/04/22",1,0,35,0,1,19,0,0,0,NA,3.10061559622047e-07,5.8911696328189e-06,0,3225166
"26294","2020/04/23",0,0,35,0,0,19,0,0,0,NA,0,5.8911696328189e-06,0,3225166
"26293","2020/04/24",1,0,36,0,1,20,0,0,0,NA,3.10061559622047e-07,6.20123119244095e-06,0,3225166
"26292","2020/04/25",0,0,36,0,0,20,0,0,0,NA,0,6.20123119244095e-06,0,3225166
"26291","2020/04/26",2,0,38,0,2,22,0,0,0,NA,6.20123119244095e-07,6.82135431168504e-06,0,3225166
"26290","2020/04/27",0,0,38,0,0,8,0,0,0,NA,0,2.48049247697638e-06,0,3225166
"26289","2020/04/28",0,0,38,0,0,8,0,0,0,NA,0,2.48049247697638e-06,0,3225166
"26288","2020/04/29",0,0,38,0,0,7,0,0,0,NA,0,2.17043091735433e-06,0,3225166
"26287","2020/04/30",0,0,38,0,0,7,0,0,0,NA,0,2.17043091735433e-06,0,3225166
"26286","2020/05/01",0,0,38,0,0,7,0,0,0,NA,0,2.17043091735433e-06,0,3225166
"26285","2020/05/02",1,0,39,0,1,7,0,0,0,NA,3.10061559622047e-07,2.17043091735433e-06,0,3225166
"26284","2020/05/03",0,0,39,0,0,5,0,0,0,NA,0,1.55030779811024e-06,0,3225166
"26283","2020/05/04",1,0,40,0,1,5,0,0,0,NA,3.10061559622047e-07,1.55030779811024e-06,0,3225166
"26282","2020/05/05",1,0,41,0,1,6,0,0,0,NA,3.10061559622047e-07,1.86036935773228e-06,0,3225166
"26281","2020/05/06",0,0,41,0,0,5,0,0,0,NA,0,1.55030779811024e-06,0,3225166
"26280","2020/05/07",0,0,41,0,0,5,0,0,0,NA,0,1.55030779811024e-06,0,3225166
"26279","2020/05/08",1,0,42,0,1,4,0,0,0,NA,3.10061559622047e-07,1.24024623848819e-06,0,3225166
"26278","2020/05/09",0,0,42,0,0,4,0,0,0,NA,0,1.24024623848819e-06,0,3225166
"26277","2020/05/10",0,0,42,0,0,4,0,0,0,NA,0,1.24024623848819e-06,0,3225166
"26276","2020/05/11",0,0,42,0,0,4,0,0,0,NA,0,1.24024623848819e-06,0,3225166
"26275","2020/05/12",0,0,42,0,0,4,0,0,0,NA,0,1.24024623848819e-06,0,3225166
"26274","2020/05/13",0,0,42,0,0,4,0,0,0,NA,0,1.24024623848819e-06,0,3225166
"26273","2020/05/14",19,0,61,0,19,22,0,0,0,NA,5.8911696328189e-06,6.82135431168504e-06,0,3225166
"26272","2020/05/15",0,0,61,0,0,22,0,0,0,NA,0,6.82135431168504e-06,0,3225166
"26271","2020/05/16",74,0,135,0,74,95,0,0,0,NA,2.29445554120315e-05,2.94558481640945e-05,0,3225166
"26270","2020/05/17",1,0,136,0,1,95,0,0,0,NA,3.10061559622047e-07,2.94558481640945e-05,0,3225166
"26269","2020/05/18",4,0,140,0,4,99,0,0,0,NA,1.24024623848819e-06,3.06960944025827e-05,0,3225166
"26268","2020/05/19",0,0,140,0,0,99,0,0,0,NA,0,3.06960944025827e-05,0,3225166
"26267","2020/05/20",0,0,140,0,0,98,0,0,0,NA,0,3.03860328429606e-05,0,3225166
"26266","2020/05/21",0,0,140,0,0,98,0,0,0,NA,0,3.03860328429606e-05,0,3225166
"26265","2020/05/22",1,0,141,0,1,99,0,0,0,NA,3.10061559622047e-07,3.06960944025827e-05,0,3225166
"26264","2020/05/23",0,0,141,0,0,99,0,0,0,NA,0,3.06960944025827e-05,0,3225166
"26263","2020/05/24",0,0,141,0,0,99,0,0,0,NA,0,3.06960944025827e-05,0,3225166
"26262","2020/05/25",0,0,141,0,0,99,0,0,0,NA,0,3.06960944025827e-05,0,3225166
"26261","2020/05/26",0,0,141,0,0,80,0,0,0,NA,0,2.48049247697638e-05,0,3225166
"26260","2020/05/27",7,0,148,0,7,87,0,0,0,NA,2.17043091735433e-06,2.69753556871181e-05,0,3225166
"26259","2020/05/28",13,0,161,0,13,26,0,0,0,NA,4.03080027508662e-06,8.06160055017323e-06,0,3225166
"26258","2020/05/29",18,0,179,0,18,43,0,0,0,NA,5.58110807319685e-06,1.3332647063748e-05,0,3225166
"26257","2020/05/30",0,0,179,0,0,39,0,0,0,NA,0,1.20924008252598e-05,0,3225166
"26256","2020/05/31",0,0,179,0,0,39,0,0,0,NA,0,1.20924008252598e-05,0,3225166
"26255","2020/06/01",6,0,185,0,6,45,0,0,0,NA,1.86036935773228e-06,1.39527701829921e-05,0,3225166
"26254","2020/06/02",0,0,185,0,0,45,0,0,0,NA,0,1.39527701829921e-05,0,3225166
"26253","2020/06/03",0,0,185,0,0,44,0,0,0,NA,0,1.36427086233701e-05,0,3225166
"26252","2020/06/04",1,0,186,0,1,45,0,0,0,NA,3.10061559622047e-07,1.39527701829921e-05,0,3225166
"26251","2020/06/05",5,0,191,0,5,50,0,0,0,NA,1.55030779811024e-06,1.55030779811024e-05,0,3225166
"26250","2020/06/06",0,0,191,0,0,50,0,0,0,NA,0,1.55030779811024e-05,0,3225166
"26249","2020/06/07",2,0,193,0,2,52,0,0,0,NA,6.20123119244095e-07,1.61232011003465e-05,0,3225166
"26248","2020/06/08",1,0,194,0,1,46,0,0,0,NA,3.10061559622047e-07,1.42628317426142e-05,0,3225166
"26247","2020/06/09",0,0,194,0,0,33,0,0,0,NA,0,1.02320314675276e-05,0,3225166
"26246","2020/06/10",0,0,194,0,0,15,0,0,0,NA,0,4.65092339433071e-06,0,3225166
"26245","2020/06/11",0,0,194,0,0,15,0,0,0,NA,0,4.65092339433071e-06,0,3225166
"26244","2020/06/12",3,0,197,0,3,18,0,0,0,NA,9.30184678866142e-07,5.58110807319685e-06,0,3225166
"26243","2020/06/13",0,0,197,0,0,12,0,0,0,NA,0,3.72073871546457e-06,0,3225166
"26242","2020/06/14",0,0,197,0,0,12,0,0,0,NA,0,3.72073871546457e-06,0,3225166
"26241","2020/06/15",0,0,197,0,0,12,0,0,0,NA,0,3.72073871546457e-06,0,3225166
"26240","2020/06/16",0,0,197,0,0,11,0,0,0,NA,0,3.41067715584252e-06,0,3225166
"26239","2020/06/17",0,0,197,0,0,6,0,0,0,NA,0,1.86036935773228e-06,0,3225166
"26238","2020/06/18",4,0,201,0,4,10,0,0,0,NA,1.24024623848819e-06,3.10061559622047e-06,0,3225166
"26237","2020/06/19",3,0,204,0,3,11,0,0,0,NA,9.30184678866142e-07,3.41067715584252e-06,0,3225166
"26236","2020/06/20",0,0,204,0,0,10,0,0,0,NA,0,3.10061559622047e-06,0,3225166
"26235","2020/06/21",2,0,206,0,2,12,0,0,0,NA,6.20123119244095e-07,3.72073871546457e-06,0,3225166
"26234","2020/06/22",7,0,213,0,7,19,0,0,0,NA,2.17043091735433e-06,5.8911696328189e-06,0,3225166
"26233","2020/06/23",2,0,215,0,2,21,0,0,0,NA,6.20123119244095e-07,6.51129275206299e-06,0,3225166
"26232","2020/06/24",0,0,215,0,0,18,0,0,0,NA,0,5.58110807319685e-06,0,3225166
"26231","2020/06/25",1,0,216,0,1,19,0,0,0,NA,3.10061559622047e-07,5.8911696328189e-06,0,3225166
"26230","2020/06/26",3,0,219,0,3,22,0,0,0,NA,9.30184678866142e-07,6.82135431168504e-06,0,3225166
"26229","2020/06/27",0,0,219,0,0,22,0,0,0,NA,0,6.82135431168504e-06,0,3225166
"26228","2020/06/28",0,0,219,0,0,22,0,0,0,NA,0,6.82135431168504e-06,0,3225166
"26227","2020/06/29",1,0,220,0,1,23,0,0,0,NA,3.10061559622047e-07,7.13141587130709e-06,0,3225166
"26226","2020/06/30",0,0,220,0,0,19,0,0,0,NA,0,5.8911696328189e-06,0,3225166
"26225","2020/07/01",0,0,220,0,0,16,0,0,0,NA,0,4.96098495395276e-06,0,3225166
"26224","2020/07/02",0,0,220,0,0,16,0,0,0,NA,0,4.96098495395276e-06,0,3225166
"26223","2020/07/03",0,0,220,0,0,14,0,0,0,NA,0,4.34086183470866e-06,0,3225166
"26222","2020/07/04",0,0,220,0,0,7,0,0,0,NA,0,2.17043091735433e-06,0,3225166
"26221","2020/07/05",0,0,220,0,0,5,0,0,0,NA,0,1.55030779811024e-06,0,3225166
"26220","2020/07/06",0,0,220,0,0,5,0,0,0,NA,0,1.55030779811024e-06,0,3225166
"26219","2020/07/07",0,0,220,0,0,4,0,0,0,NA,0,1.24024623848819e-06,0,3225166
"26218","2020/07/08",0,0,220,0,0,1,0,0,0,NA,0,3.10061559622047e-07,0,3225166
"26217","2020/07/09",7,0,227,0,7,8,0,0,0,NA,2.17043091735433e-06,2.48049247697638e-06,0,3225166
"26216","2020/07/10",0,0,227,0,0,8,0,0,0,NA,0,2.48049247697638e-06,0,3225166
"26215","2020/07/11",0,0,227,0,0,7,0,0,0,NA,0,2.17043091735433e-06,0,3225166
"26214","2020/07/12",3,0,230,0,3,10,0,0,0,NA,9.30184678866142e-07,3.10061559622047e-06,0,3225166
"26213","2020/07/13",0,0,230,0,0,10,0,0,0,NA,0,3.10061559622047e-06,0,3225166
"26212","2020/07/14",13,0,243,0,13,23,0,0,0,NA,4.03080027508662e-06,7.13141587130709e-06,0,3225166
"26211","2020/07/15",18,0,261,0,18,41,0,0,0,NA,5.58110807319685e-06,1.27125239445039e-05,0,3225166
"26210","2020/07/16",0,0,261,0,0,41,0,0,0,NA,0,1.27125239445039e-05,0,3225166
"26209","2020/07/17",1,0,262,0,1,42,0,0,0,NA,3.10061559622047e-07,1.3022585504126e-05,0,3225166
"26208","2020/07/18",25,0,287,0,25,67,0,0,0,NA,7.75153899055118e-06,2.07741244946772e-05,0,3225166
"26207","2020/07/19",0,0,287,0,0,67,0,0,0,NA,0,2.07741244946772e-05,0,3225166
"26206","2020/07/20",0,0,287,0,0,67,0,0,0,NA,0,2.07741244946772e-05,0,3225166
"26205","2020/07/21",0,0,287,0,0,60,0,0,0,NA,0,1.86036935773228e-05,0,3225166
"26204","2020/07/22",0,0,287,0,0,60,0,0,0,NA,0,1.86036935773228e-05,0,3225166
"26203","2020/07/23",0,0,287,0,0,60,0,0,0,NA,0,1.86036935773228e-05,0,3225166
"26202","2020/07/24",1,0,288,0,1,58,0,0,0,NA,3.10061559622047e-07,1.79835704580787e-05,0,3225166
"26201","2020/07/25",0,0,288,0,0,58,0,0,0,NA,0,1.79835704580787e-05,0,3225166
"26200","2020/07/26",0,0,288,0,0,45,0,0,0,NA,0,1.39527701829921e-05,0,3225166
"26199","2020/07/27",0,0,288,0,0,27,0,0,0,NA,0,8.37166210979528e-06,0,3225166
"26198","2020/07/28",1,0,289,0,1,28,0,0,0,NA,3.10061559622047e-07,8.68172366941733e-06,0,3225166
"26197","2020/07/29",2,0,291,0,2,29,0,0,0,NA,6.20123119244095e-07,8.99178522903937e-06,0,3225166
"26196","2020/07/30",0,0,291,0,0,4,0,0,0,NA,0,1.24024623848819e-06,0,3225166
"26195","2020/07/31",0,0,291,0,0,4,0,0,0,NA,0,1.24024623848819e-06,0,3225166
"26194","2020/08/01",0,0,291,0,0,4,0,0,0,NA,0,1.24024623848819e-06,0,3225166
"26193","2020/08/02",2,0,293,0,2,6,0,0,0,NA,6.20123119244095e-07,1.86036935773228e-06,0,3225166
"26192","2020/08/03",0,0,293,0,0,6,0,0,0,NA,0,1.86036935773228e-06,0,3225166
"26191","2020/08/04",0,0,293,0,0,6,0,0,0,NA,0,1.86036935773228e-06,0,3225166
"26190","2020/08/05",0,0,293,0,0,5,0,0,0,NA,0,1.55030779811024e-06,0,3225166
"26189","2020/08/06",0,0,293,0,0,5,0,0,0,NA,0,1.55030779811024e-06,0,3225166
"26188","2020/08/07",0,0,293,0,0,5,0,0,0,NA,0,1.55030779811024e-06,0,3225166
"26187","2020/08/08",0,0,293,0,0,5,0,0,0,NA,0,1.55030779811024e-06,0,3225166
"26186","2020/08/09",0,0,293,0,0,4,0,0,0,NA,0,1.24024623848819e-06,0,3225166
"26185","2020/08/10",0,0,293,0,0,2,0,0,0,NA,0,6.20123119244095e-07,0,3225166
"26184","2020/08/11",0,0,293,0,0,2,0,0,0,NA,0,6.20123119244095e-07,0,3225166
"26183","2020/08/12",0,0,293,0,0,2,0,0,0,NA,0,6.20123119244095e-07,0,3225166
"26182","2020/08/13",4,0,297,0,4,6,0,0,0,NA,1.24024623848819e-06,1.86036935773228e-06,0,3225166
"26181","2020/08/14",0,0,297,0,0,4,0,0,0,NA,0,1.24024623848819e-06,0,3225166
"26180","2020/08/15",1,0,298,0,1,5,0,0,0,NA,3.10061559622047e-07,1.55030779811024e-06,0,3225166
"26179","2020/08/16",0,0,298,0,0,5,0,0,0,NA,0,1.55030779811024e-06,0,3225166
"26178","2020/08/17",0,0,298,0,0,5,0,0,0,NA,0,1.55030779811024e-06,0,3225166
"26177","2020/08/18",0,0,298,0,0,5,0,0,0,NA,0,1.55030779811024e-06,0,3225166
"26176","2020/08/19",0,0,298,0,0,5,0,0,0,NA,0,1.55030779811024e-06,0,3225166
"26175","2020/08/20",0,0,298,0,0,5,0,0,0,NA,0,1.55030779811024e-06,0,3225166
"26174","2020/08/21",0,0,298,0,0,5,0,0,0,NA,0,1.55030779811024e-06,0,3225166
"26173","2020/08/22",0,0,298,0,0,5,0,0,0,NA,0,1.55030779811024e-06,0,3225166
"26172","2020/08/23",0,0,298,0,0,5,0,0,0,NA,0,1.55030779811024e-06,0,3225166
"26171","2020/08/24",0,0,298,0,0,5,0,0,0,NA,0,1.55030779811024e-06,0,3225166
"26170","2020/08/25",0,0,298,0,0,1,0,0,0,NA,0,3.10061559622047e-07,0,3225166
"26169","2020/08/26",2,0,300,0,2,3,0,0,0,NA,6.20123119244095e-07,9.30184678866142e-07,0,3225166
"26168","2020/08/27",1,0,301,0,1,3,0,0,0,NA,3.10061559622047e-07,9.30184678866142e-07,0,3225166
"26167","2020/08/28",0,0,301,0,0,3,0,0,0,NA,0,9.30184678866142e-07,0,3225166
"26166","2020/08/29",0,0,301,0,0,3,0,0,0,NA,0,9.30184678866142e-07,0,3225166
"26165","2020/08/30",0,0,301,0,0,3,0,0,0,NA,0,9.30184678866142e-07,0,3225166
"26164","2020/08/31",0,0,301,0,0,3,0,0,0,NA,0,9.30184678866142e-07,0,3225166
"26163","2020/09/01",3,0,304,0,3,6,0,0,0,NA,9.30184678866142e-07,1.86036935773228e-06,0,3225166
"26162","2020/09/02",2,0,306,0,2,8,0,0,0,NA,6.20123119244095e-07,2.48049247697638e-06,0,3225166
"26161","2020/09/03",0,0,306,0,0,8,0,0,0,NA,0,2.48049247697638e-06,0,3225166
"26160","2020/09/04",0,0,306,0,0,8,0,0,0,NA,0,2.48049247697638e-06,0,3225166
"26159","2020/09/05",0,0,306,0,0,8,0,0,0,NA,0,2.48049247697638e-06,0,3225166
"26158","2020/09/06",4,0,310,0,4,12,0,0,0,NA,1.24024623848819e-06,3.72073871546457e-06,0,3225166
"26157","2020/09/07",0,0,310,0,0,10,0,0,0,NA,0,3.10061559622047e-06,0,3225166
"26156","2020/09/08",0,0,310,0,0,9,0,0,0,NA,0,2.79055403659843e-06,0,3225166
"26155","2020/09/09",0,0,310,0,0,9,0,0,0,NA,0,2.79055403659843e-06,0,3225166
"26154","2020/09/10",0,0,310,0,0,9,0,0,0,NA,0,2.79055403659843e-06,0,3225166
"26153","2020/09/11",1,0,311,0,1,10,0,0,0,NA,3.10061559622047e-07,3.10061559622047e-06,0,3225166
"26152","2020/09/12",0,0,311,0,0,10,0,0,0,NA,0,3.10061559622047e-06,0,3225166
"26151","2020/09/13",0,0,311,0,0,7,0,0,0,NA,0,2.17043091735433e-06,0,3225166
"26150","2020/09/14",0,0,311,0,0,5,0,0,0,NA,0,1.55030779811024e-06,0,3225166
"26149","2020/09/15",0,0,311,0,0,5,0,0,0,NA,0,1.55030779811024e-06,0,3225166
"26148","2020/09/16",0,0,311,0,0,5,0,0,0,NA,0,1.55030779811024e-06,0,3225166
"26147","2020/09/17",0,0,311,0,0,5,0,0,0,NA,0,1.55030779811024e-06,0,3225166
"26146","2020/09/18",0,0,311,0,0,1,0,0,0,NA,0,3.10061559622047e-07,0,3225166
