"","date","cases","deaths","cum_cases","cum_deaths","cases_daily","cases_active","cases_active_undected","p_cases","p_cases_low","p_cases_high","p_cases_daily","p_cases_active","p_cases_active_undetected","population"
"20569","2020/03/23",1,0,1,0,1,1,0,NA,NA,NA,3.29315215683519e-08,3.29315215683519e-08,0,30366043
"20568","2020/03/24",0,0,1,0,0,1,0,0,NA,NA,0,3.29315215683519e-08,0,30366043
"20567","2020/03/25",0,0,1,0,0,1,0,0,NA,NA,0,3.29315215683519e-08,0,30366043
"20566","2020/03/26",4,0,5,0,4,5,0,0,NA,NA,1.31726086273407e-07,1.64657607841759e-07,0,30366043
"20565","2020/03/27",2,0,7,0,2,7,0,0,NA,NA,6.58630431367037e-08,2.30520650978463e-07,0,30366043
"20564","2020/03/28",0,0,7,0,0,7,0,0,0,NA,0,2.30520650978463e-07,0,30366043
"20563","2020/03/29",1,0,8,0,1,8,0,0,0,NA,3.29315215683519e-08,2.63452172546815e-07,0,30366043
"20562","2020/03/30",0,0,8,0,0,8,0,0,0,NA,0,2.63452172546815e-07,0,30366043
"20561","2020/03/31",0,0,8,0,0,8,0,0,0,NA,0,2.63452172546815e-07,0,30366043
"20560","2020/04/01",0,0,8,0,0,8,0,0,0,NA,0,2.63452172546815e-07,0,30366043
"20559","2020/04/02",2,0,10,0,2,10,0,0,0,NA,6.58630431367037e-08,3.29315215683519e-07,0,30366043
"20558","2020/04/03",0,0,10,0,0,10,0,0,0,NA,0,3.29315215683519e-07,0,30366043
"20557","2020/04/04",0,0,10,0,0,9,0,0,0,NA,0,2.96383694115167e-07,0,30366043
"20556","2020/04/05",0,0,10,0,0,9,0,0,0,NA,0,2.96383694115167e-07,0,30366043
"20555","2020/04/06",0,0,10,0,0,9,0,0,0,NA,0,2.96383694115167e-07,0,30366043
"20554","2020/04/07",0,0,10,0,0,5,0,0,0,NA,0,1.64657607841759e-07,0,30366043
"20553","2020/04/08",0,0,10,0,0,3,0,0,0,NA,0,9.87945647050556e-08,0,30366043
"20552","2020/04/09",7,0,17,0,7,10,0,0,0,NA,2.30520650978463e-07,3.29315215683519e-07,0,30366043
"20551","2020/04/10",0,0,17,0,0,9,0,0,0,NA,0,2.96383694115167e-07,0,30366043
"20550","2020/04/11",3,0,20,0,3,12,0,0,0,NA,9.87945647050556e-08,3.95178258820222e-07,0,30366043
"20549","2020/04/12",0,0,20,0,0,12,0,0,0,NA,0,3.95178258820222e-07,0,30366043
"20548","2020/04/13",1,0,21,0,1,13,0,0,0,NA,3.29315215683519e-08,4.28109780388574e-07,0,30366043
"20547","2020/04/14",6,0,27,0,6,17,0,0,0,NA,1.97589129410111e-07,5.59835866661982e-07,0,30366043
"20546","2020/04/15",1,0,28,0,1,18,0,0,0,NA,3.29315215683519e-08,5.92767388230333e-07,0,30366043
"20545","2020/04/16",1,0,29,0,1,19,0,0,0,NA,3.29315215683519e-08,6.25698909798685e-07,0,30366043
"20544","2020/04/17",2,0,31,0,2,21,0,0,0,NA,6.58630431367037e-08,6.91561952935389e-07,0,30366043
"20543","2020/04/18",3,0,34,0,3,24,0,0,0,NA,9.87945647050556e-08,7.90356517640445e-07,0,30366043
"20542","2020/04/19",1,0,35,0,1,25,0,0,0,NA,3.29315215683519e-08,8.23288039208797e-07,0,30366043
"20541","2020/04/20",4,0,39,0,4,29,0,0,0,NA,1.31726086273407e-07,9.55014125482204e-07,0,30366043
"20540","2020/04/21",0,0,39,0,0,22,0,0,0,NA,0,7.24493474503741e-07,0,30366043
"20539","2020/04/22",0,0,39,0,0,22,0,0,0,NA,0,7.24493474503741e-07,0,30366043
"20538","2020/04/23",2,0,41,0,2,21,0,0,0,NA,6.58630431367037e-08,6.91561952935389e-07,0,30366043
"20537","2020/04/24",5,0,46,0,5,26,0,0,0,NA,1.64657607841759e-07,8.56219560777148e-07,0,30366043
"20536","2020/04/25",19,0,65,0,19,44,0,0,0,NA,6.25698909798685e-07,1.44898694900748e-06,0,30366043
"20535","2020/04/26",5,0,70,0,5,43,0,0,0,NA,1.64657607841759e-07,1.41605542743913e-06,0,30366043
"20534","2020/04/27",6,0,76,0,6,48,0,0,0,NA,1.97589129410111e-07,1.58071303528089e-06,0,30366043
"20533","2020/04/28",0,0,76,0,0,47,0,0,0,NA,0,1.54778151371254e-06,0,30366043
"20532","2020/04/29",0,0,76,0,0,45,0,0,0,NA,0,1.48191847057583e-06,0,30366043
"20531","2020/04/30",0,0,76,0,0,42,0,0,0,NA,0,1.38312390587078e-06,0,30366043
"20530","2020/05/01",0,0,76,0,0,41,0,0,0,NA,0,1.35019238430243e-06,0,30366043
"20529","2020/05/02",3,0,79,0,3,40,0,0,0,NA,9.87945647050556e-08,1.31726086273407e-06,0,30366043
"20528","2020/05/03",0,0,79,0,0,40,0,0,0,NA,0,1.31726086273407e-06,0,30366043
"20527","2020/05/04",1,0,80,0,1,41,0,0,0,NA,3.29315215683519e-08,1.35019238430243e-06,0,30366043
"20526","2020/05/05",0,0,80,0,0,39,0,0,0,NA,0,1.28432934116572e-06,0,30366043
"20525","2020/05/06",1,0,81,0,1,35,0,0,0,NA,3.29315215683519e-08,1.15260325489232e-06,0,30366043
"20524","2020/05/07",0,0,81,0,0,16,0,0,0,NA,0,5.2690434509363e-07,0,30366043
"20523","2020/05/08",0,0,81,0,0,11,0,0,0,NA,0,3.6224673725187e-07,0,30366043
"20522","2020/05/09",1,0,82,0,1,6,0,0,0,NA,3.29315215683519e-08,1.97589129410111e-07,0,30366043
"20521","2020/05/10",5,0,87,0,5,11,0,0,0,NA,1.64657607841759e-07,3.6224673725187e-07,0,30366043
"20520","2020/05/11",4,0,91,0,4,15,0,0,0,NA,1.31726086273407e-07,4.93972823525278e-07,0,30366043
"20519","2020/05/12",12,0,103,0,12,27,0,0,0,NA,3.95178258820222e-07,8.891510823455e-07,0,30366043
"20518","2020/05/13",1,0,104,0,1,28,0,0,0,NA,3.29315215683519e-08,9.22082603913852e-07,0,30366043
"20517","2020/05/14",3,0,107,0,3,28,0,0,0,NA,9.87945647050556e-08,9.22082603913852e-07,0,30366043
"20516","2020/05/15",8,0,115,0,8,36,0,0,0,NA,2.63452172546815e-07,1.18553477646067e-06,0,30366043
"20515","2020/05/16",4,0,119,0,4,39,0,0,0,NA,1.31726086273407e-07,1.28432934116572e-06,0,30366043
"20514","2020/05/17",10,0,129,0,10,49,0,0,0,NA,3.29315215683519e-07,1.61364455684924e-06,0,30366043
"20513","2020/05/18",8,0,137,0,8,56,0,0,0,NA,2.63452172546815e-07,1.8441652078277e-06,0,30366043
"20512","2020/05/19",8,0,145,0,8,64,0,0,0,NA,2.63452172546815e-07,2.10761738037452e-06,0,30366043
"20511","2020/05/20",1,0,146,0,1,65,0,0,0,NA,3.29315215683519e-08,2.14054890194287e-06,0,30366043
"20510","2020/05/21",10,0,156,0,10,74,0,0,0,NA,3.29315215683519e-07,2.43693259605804e-06,0,30366043
"20509","2020/05/22",6,0,162,0,6,75,0,0,0,NA,1.97589129410111e-07,2.46986411762639e-06,0,30366043
"20508","2020/05/23",2,0,164,0,2,73,0,0,0,NA,6.58630431367037e-08,2.40400107448969e-06,0,30366043
"20507","2020/05/24",4,0,168,0,4,65,0,0,0,NA,1.31726086273407e-07,2.14054890194287e-06,0,30366043
"20506","2020/05/25",26,0,194,0,26,90,0,0,0,NA,8.56219560777148e-07,2.96383694115167e-06,0,30366043
"20505","2020/05/26",15,1,209,1,15,102,0,4.1620485016e-06,5.9478886876583e-07,2.91240281036442e-05,4.93972823525278e-07,3.35901519997189e-06,0,30366043
"20504","2020/05/27",4,0,213,1,4,98,0,4.04363344404776e-06,5.77417165745649e-07,2.83174321787034e-05,1.31726086273407e-07,3.22728911369848e-06,0,30366043
"20503","2020/05/28",14,0,227,1,14,108,0,4.09555419507007e-06,5.84417902306108e-07,2.87013181809929e-05,4.61041301956926e-07,3.556604329382e-06,0,30366043
"20502","2020/05/29",6,1,233,2,6.24332088980873,104.243320889809,0.243320889808729,7.98421319567076e-06,3.03337987289798e-06,2.10153897714831e-05,2.13939935764883e-07,3.43289117023936e-06,8.01292713076672e-09,30366043
"20501","2020/05/30",1,0,234,2,1,97.2433208898087,0.243320889808729,7.61528749114246e-06,2.89099744352284e-06,2.0059721499471e-05,3.29315215683519e-08,3.2023705192609e-06,8.01292713076672e-09,30366043
"20500","2020/05/31",10,0,244,2,10,99.2433208898087,0.243320889808729,7.55726855830766e-06,2.86723342754009e-06,1.99189600378594e-05,3.29315215683519e-07,3.2682335623976e-06,8.01292713076672e-09,30366043
"20499","2020/06/01",10,0,254,2,10,108.243320889809,0.243320889808729,7.50945636737859e-06,2.84751730868591e-06,1.98038954009333e-05,3.29315215683519e-07,3.56461725651277e-06,8.01292713076672e-09,30366043
"20498","2020/06/02",0,0,254,2,0,98.2433208898087,0.243320889808729,7.18281204007209e-06,2.7220876248674e-06,1.89533901597006e-05,0,3.23530204082925e-06,8.01292713076672e-09,30366043
"20497","2020/06/03",53,0,307,2,53,145.243320889809,0.243320889808729,8.32202525498934e-06,3.15236358346498e-06,2.1969580129636e-05,1.74537064312265e-06,4.78308355454179e-06,8.01292713076672e-09,30366043
"20496","2020/06/04",9,0,316,2,9,152.243320889809,0.243320889808729,8.20262996753973e-06,3.10563284992536e-06,2.16648720681834e-05,2.96383694115167e-07,5.01360420552025e-06,8.01292713076672e-09,30366043
"20495","2020/06/05",36,0,352,2,36,184.243320889809,0.243320889808729,8.7044767980946e-06,3.29400257911773e-06,2.30017780826575e-05,1.18553477646067e-06,6.06741289570751e-06,8.01292713076672e-09,30366043
"20494","2020/06/06",2,0,354,2,2,160.243320889809,0.243320889808729,8.30453581181006e-06,3.1410826321646e-06,2.19559060126062e-05,6.58630431367037e-08,5.27705637806706e-06,8.01292713076672e-09,30366043
"20493","2020/06/07",57,0,411,2,57,202.243320889809,0.243320889808729,9.12124847970424e-06,3.44813489597975e-06,2.41281667737269e-05,1.87709672939606e-06,6.66018028393784e-06,8.01292713076672e-09,30366043
"20492","2020/06/08",15,0,426,2,15,213.243320889809,0.243320889808729,8.92418972952315e-06,3.37188702146033e-06,2.36191669002109e-05,4.93972823525278e-07,7.02242702118971e-06,8.01292713076672e-09,30366043
"20491","2020/06/09",7,0,433,2,7,206.243320889809,0.243320889808729,8.53106522784657e-06,3.22174749912586e-06,2.2589937275196e-05,2.30520650978463e-07,6.79190637021125e-06,8.01292713076672e-09,30366043
"20490","2020/06/10",20,0,453,2,20,220,0,8.39373593827202e-06,3.16829349016923e-06,2.22374610243813e-05,6.58630431367037e-07,7.24493474503741e-06,0,30366043
"20489","2020/06/11",19,0,472,2,19,238,0,8.24456328024533e-06,3.11068817692797e-06,2.18513781568095e-05,6.25698909798685e-07,7.83770213326774e-06,0,30366043
"20488","2020/06/12",17,0,489,2,17,245,0,8.0718081962763e-06,3.04429709242277e-06,2.14020135287194e-05,5.59835866661982e-07,8.06822278424621e-06,0,30366043
"20487","2020/06/13",20,0,509,2,20,255,0,7.95893063900059e-06,3.0006573610497e-06,2.11102332904357e-05,6.58630431367037e-07,8.39753799992972e-06,0,30366043
"20486","2020/06/14",44,0,553,2,44,299,0,8.20960982526844e-06,3.09417658385259e-06,2.17821096038503e-05,1.44898694900748e-06,9.84652494893721e-06,0,30366043
"20485","2020/06/15",30,1,583,3,30,276,0,1.23362892687964e-05,6.44381821817217e-06,2.36170586709365e-05,9.87945647050556e-07,9.08909995286511e-06,0,30366043
"20484","2020/06/16",26,0,609,3,26,293,0,1.22356964276898e-05,6.38940025621282e-06,2.34313489634659e-05,8.56219560777148e-07,9.64893581952709e-06,0,30366043
"20483","2020/06/17",29,1,638,4,29,286,0,1.62212474825776e-05,9.9707831251853e-06,2.63899902933794e-05,9.55014125482204e-07,9.41841516854863e-06,0,30366043
"20482","2020/06/18",13,0,651,4,13,297,0,1.57131275007834e-05,9.65589916828094e-06,2.55701070975281e-05,4.28109780388574e-07,9.7806619058005e-06,0,30366043
"20481","2020/06/19",11,0,662,4,11,251,0,1.51866688692262e-05,9.33004688387661e-06,2.47195876091563e-05,3.6224673725187e-07,8.26581191365632e-06,0,30366043
"20480","2020/06/20",6,0,668,4,6,242,0,1.46016637208185e-05,8.96861363217926e-06,2.3772747066601e-05,1.97589129410111e-07,7.96942821954115e-06,0,30366043
"20479","2020/06/21",20,0,688,4,20,255,0,1.43789028967544e-05,8.83005640488852e-06,2.34146690614376e-05,6.58630431367037e-07,8.39753799992972e-06,0,30366043
"20478","2020/06/22",45,1,733,5,45,280,0,1.83717332968427e-05,1.24415465845241e-05,2.71285070579697e-05,1.48191847057583e-06,9.22082603913852e-06,0,30366043
"20477","2020/06/23",4,0,737,5,4,265,0,1.77531751262902e-05,1.20207519182713e-05,2.62192605926483e-05,1.31726086273407e-07,8.72685321561324e-06,0,30366043
"20476","2020/06/24",20,0,757,5,20,268,0,1.75402871992309e-05,1.18747784454343e-05,2.59088349686049e-05,6.58630431367037e-07,8.8256477803183e-06,0,30366043
"20475","2020/06/25",5,0,762,5,5,253,0,1.70111226712085e-05,1.15149745531455e-05,2.51306065158308e-05,1.64657607841759e-07,8.33167495679302e-06,0,30366043
"20474","2020/06/26",26,0,788,5,26,235,0,1.69821297081418e-05,1.14938258682137e-05,2.50910995808372e-05,8.56219560777148e-07,7.73890756856269e-06,0,30366043
"20473","2020/06/27",28,0,816,5,28,233,0,1.700992038107e-05,1.15113534585814e-05,2.51349584921872e-05,9.22082603913852e-07,7.67304452542598e-06,0,30366043
"20472","2020/06/28",23,0,839,5,23,230,0,1.69348123304696e-05,1.14592621434019e-05,2.50267307859216e-05,7.57424996072093e-07,7.57424996072093e-06,0,30366043
"20471","2020/06/29",20,0,859,5,20,221,0,1.67969912221338e-05,1.13648288490246e-05,2.4825619273682e-05,6.58630431367037e-07,7.27786626660576e-06,0,30366043
"20470","2020/06/30",24,1,883,6,24,232,0,2.00821320528564e-05,1.45034335518151e-05,2.78066587713562e-05,7.90356517640445e-07,7.64011300385763e-06,0,30366043
"20469","2020/07/01",6,0,889,6,6,227,0,1.96073786060176e-05,1.41592741384531e-05,2.71517658349201e-05,1.97589129410111e-07,7.47545539601587e-06,0,30366043
"20468","2020/07/02",14,0,903,6,14,235,0,1.93312458516152e-05,1.39586072977796e-05,2.67718016707178e-05,4.61041301956926e-07,7.73890756856269e-06,0,30366043
"20467","2020/07/03",15,0,918,6,15,230,0,1.91029294785008e-05,1.37926297882642e-05,2.64577473812192e-05,4.93972823525278e-07,7.57424996072093e-06,0,30366043
"20466","2020/07/04",21,0,939,6,21,206,0,1.90214359770159e-05,1.37327387191837e-05,2.63468951114816e-05,6.91561952935389e-07,6.78389344308048e-06,0,30366043
"20465","2020/07/05",30,1,969,7,30,232,0,2.23193757659775e-05,1.68823572078419e-05,2.95074039987443e-05,9.87945647050556e-07,7.64011300385763e-06,0,30366043
"20464","2020/07/06",18,1,987,8,18,230,0,2.53371962334445e-05,1.98463167945425e-05,3.23472370021127e-05,5.92767388230333e-07,7.57424996072093e-06,0,30366043
"20463","2020/07/07",25,0,1012,8,25,250,0,2.53400604942444e-05,1.98473251951461e-05,3.23529069805842e-05,8.23288039208797e-07,8.23288039208797e-06,0,30366043
"20462","2020/07/08",28,0,1040,8,28,252,0,2.54067317366038e-05,1.98982995333235e-05,3.24400593354591e-05,9.22082603913852e-07,8.29874343522467e-06,0,30366043
"20461","2020/07/09",31,0,1071,8,31,255,0,2.55281563340999e-05,1.9992145288018e-05,3.25971403483559e-05,1.02087716861891e-06,8.39753799992972e-06,0,30366043
"20460","2020/07/10",21,1,1092,9,21,253,0,2.85657122331107e-05,2.29869620288347e-05,3.54983800974354e-05,6.91561952935389e-07,8.33167495679302e-06,0,30366043
"20459","2020/07/11",19,0,1111,9,19,252,0,2.83470959235054e-05,2.28096822993969e-05,3.52288048886004e-05,6.25698909798685e-07,8.29874343522467e-06,0,30366043
"20458","2020/07/12",24,0,1135,9,24,252,0,2.82520435335673e-05,2.27319100929577e-05,3.51126658762324e-05,7.90356517640445e-07,8.29874343522467e-06,0,30366043
"20457","2020/07/13",22,0,1157,9,22,268,0,2.81077324699334e-05,2.26145756498555e-05,3.49351956381458e-05,7.24493474503741e-07,8.8256477803183e-06,0,30366043
"20456","2020/07/14",62,0,1219,9,62,316,0,2.89148145942494e-05,2.32627310469248e-05,3.59401697648197e-05,2.04175433723782e-06,1.04063608155992e-05,0,30366043
"20455","2020/07/15",49,0,1268,9,49,350,0,2.93609172181435e-05,2.36203644732482e-05,3.6496619722656e-05,1.61364455684924e-06,1.15260325489232e-05,0,30366043
"20454","2020/07/16",62,0,1330,9,62,391,0,3.00250577079194e-05,2.41534205348839e-05,3.7324075447694e-05,2.04175433723782e-06,1.28762249332256e-05,0,30366043
"20453","2020/07/17",53,0,1383,9,53,414,0,3.03874228567392e-05,2.44435816184904e-05,3.77766025571217e-05,1.74537064312265e-06,1.36336499292977e-05,0,30366043
"20452","2020/07/18",19,0,1402,9,19,415,0,2.99263894845377e-05,2.40713351920666e-05,3.72056132505443e-05,6.25698909798685e-07,1.3666581450866e-05,0,30366043
"20451","2020/07/19",33,1,1435,10,33,423,0,3.30294010850494e-05,2.71505873807443e-05,4.01811320226088e-05,1.08674021175561e-06,1.39300336234128e-05,0,30366043
"20450","2020/07/20",56,0,1491,10,56,451,0,3.33086603947067e-05,2.73786400069649e-05,4.05230813878142e-05,1.8441652078277e-06,1.48521162273267e-05,0,30366043
"20449","2020/07/21",16,1,1507,11,16,436,0,3.5950311280301e-05,3.00796315300135e-05,4.29667790265634e-05,5.2690434509363e-07,1.43581434038014e-05,0,30366043
"20448","2020/07/22",29,0,1536,11,29,444,0,3.55809840408651e-05,2.97690703823959e-05,4.25275767450553e-05,9.55014125482204e-07,1.46215955763482e-05,0,30366043
"20447","2020/07/23",21,0,1557,11,21,446,0,3.5054359843715e-05,2.93270308073777e-05,4.19001893551232e-05,6.91561952935389e-07,1.46874586194849e-05,0,30366043
"20446","2020/07/24",25,0,1582,11,25,447,0,3.46564758654978e-05,2.8992852968939e-05,4.14264619181349e-05,8.23288039208797e-07,1.47203901410533e-05,0,30366043
"20445","2020/07/25",8,0,1590,11,8,433,0,3.39356110542086e-05,2.83885848044996e-05,4.0566506064085e-05,2.63452172546815e-07,1.42593488390964e-05,0,30366043
"20444","2020/07/26",26,0,1616,11,26,397,0,3.36513376142636e-05,2.81496752016608e-05,4.02282624974067e-05,8.56219560777148e-07,1.30738140626357e-05,0,30366043
"20443","2020/07/27",53,0,1669,11,53,401,0,3.39607592986094e-05,2.84075168505256e-05,4.05995771544089e-05,1.74537064312265e-06,1.32055401489091e-05,0,30366043
"20442","2020/07/28",32,0,1701,11,32,371,0,3.3850542506603e-05,2.83143767653106e-05,4.04691665117342e-05,1.05380869018726e-06,1.22175945018585e-05,0,30366043
"20441","2020/07/29",19,0,1720,11,19,337,0,3.34831251616174e-05,2.80061542218367e-05,4.00311896345406e-05,6.25698909798685e-07,1.10979227685346e-05,0,30366043
"20440","2020/07/30",28,0,1748,11,28,346,0,3.32981421600005e-05,2.78505480272911e-05,3.98112909742784e-05,9.22082603913852e-07,1.13943064626497e-05,0,30366043
"20439","2020/07/31",60,0,1808,11,60,373,0,3.37217807931625e-05,2.82040522964839e-05,4.03189757240619e-05,1.97589129410111e-06,1.22834575449952e-05,0,30366043
