"","date","cases","deaths","cum_cases","cum_deaths","p_cases","p_cases_low","p_cases_high","population"
"1",NA,0,0,0,0,NA,NA,NA,5328212
"2",NA,0,0,0,0,NA,NA,NA,5328212
"3",NA,0,0,0,0,NA,NA,NA,5328212
"4",NA,0,0,0,0,NA,NA,NA,5328212
"5",NA,0,0,0,0,NA,NA,NA,5328212
"6",NA,0,0,0,0,NA,NA,NA,5328212
"7",NA,0,0,0,0,NA,NA,NA,5328212
"8",NA,0,0,0,0,NA,NA,NA,5328212
"9",NA,0,0,0,0,NA,NA,NA,5328212
"10",NA,0,0,0,0,NA,NA,NA,5328212
"11",NA,0,0,0,0,NA,NA,NA,5328212
"12",NA,0,0,0,0,NA,NA,NA,5328212
"13",NA,0,0,0,0,NA,NA,NA,5328212
"14",NA,0,0,0,0,NA,NA,NA,5328212
"15",NA,0,0,0,0,NA,NA,NA,5328212
"16",NA,0,0,0,0,NA,NA,NA,5328212
"17",NA,0,0,0,0,NA,NA,NA,5328212
"18",NA,0,0,0,0,NA,NA,NA,5328212
"19",NA,0,0,0,0,NA,NA,NA,5328212
"20",NA,0,0,0,0,NA,NA,NA,5328212
"21",NA,0,0,0,0,NA,NA,NA,5328212
"22",NA,0,0,0,0,NA,NA,NA,5328212
"23",NA,0,0,0,0,NA,NA,NA,5328212
"24",NA,0,0,0,0,NA,NA,NA,5328212
"25",NA,0,0,0,0,NA,NA,NA,5328212
"26",NA,0,0,0,0,NA,NA,NA,5328212
"27",NA,0,0,0,0,NA,NA,NA,5328212
"28",NA,0,0,0,0,NA,NA,NA,5328212
"29",NA,0,0,0,0,NA,NA,NA,5328212
"30",NA,0,0,0,0,NA,NA,NA,5328212
"31",NA,0,0,0,0,NA,NA,NA,5328212
"32",NA,0,0,0,0,NA,NA,NA,5328212
"33",NA,0,0,0,0,NA,NA,NA,5328212
"34",NA,0,0,0,0,NA,NA,NA,5328212
"35",NA,0,0,0,0,NA,NA,NA,5328212
"36",NA,0,0,0,0,NA,NA,NA,5328212
"37",NA,0,0,0,0,NA,NA,NA,5328212
"38",NA,0,0,0,0,NA,NA,NA,5328212
"39",NA,0,0,0,0,NA,NA,NA,5328212
"40",NA,0,0,0,0,NA,NA,NA,5328212
"41",NA,0,0,0,0,NA,NA,NA,5328212
"42",NA,0,0,0,0,NA,NA,NA,5328212
"43",NA,0,0,0,0,NA,NA,NA,5328212
"44",NA,0,0,0,0,NA,NA,NA,5328212
"45",NA,0,0,0,0,NA,NA,NA,5328212
"46",NA,0,0,0,0,NA,NA,NA,5328212
"47",NA,0,0,0,0,NA,NA,NA,5328212
"48",NA,0,0,0,0,NA,NA,NA,5328212
"49",NA,0,0,0,0,NA,NA,NA,5328212
"50",NA,0,0,0,0,NA,NA,NA,5328212
"51",NA,0,0,0,0,NA,NA,NA,5328212
"52",NA,0,0,0,0,NA,NA,NA,5328212
"53",NA,0,0,0,0,NA,NA,NA,5328212
"54",NA,0,0,0,0,NA,NA,NA,5328212
"55",NA,0,0,0,0,NA,NA,NA,5328212
"56",NA,0,0,0,0,NA,NA,NA,5328212
"57",NA,0,0,0,0,NA,NA,NA,5328212
"58",NA,0,0,0,0,NA,NA,NA,5328212
"59",NA,1,0,1,0,NA,NA,NA,5328212
"60",NA,3,0,4,0,0,NA,NA,5328212
"61",NA,2,0,6,0,0,NA,NA,5328212
"62",NA,9,0,15,0,0,NA,NA,5328212
"63",NA,4,0,19,0,0,0,NA,5328212
"64",NA,6,0,25,0,0,0,NA,5328212
"65",NA,8,0,33,0,0,0,NA,5328212
"66",NA,23,0,56,0,0,0,NA,5328212
"67",NA,30,0,86,0,0,0,NA,5328212
"68",NA,27,0,113,0,0,0,NA,5328212
"69",NA,34,0,147,0,0,0,NA,5328212
"70",NA,22,0,169,0,0,0,NA,5328212
"71",NA,23,0,192,0,0,0,NA,5328212
"72",NA,85,0,277,0,0,0,NA,5328212
"73",NA,212,0,489,0,0,0,NA,5328212
"74",NA,132,1,621,1,0.000108385638994068,1.56259705713809e-05,0.000751789892761483,5328212
"75",NA,0,0,621,1,7.87556036008972e-05,1.12771403124547e-05,0.000550001589648711,5328212
"76",NA,286,0,907,1,8.53349394731892e-05,1.21607277848399e-05,0.00059881711224315,5328212
"77",NA,170,0,1077,1,7.73527518647005e-05,1.09885852564907e-05,0.000544514883524942,5328212
"78",NA,92,2,1169,3,0.000194263577730866,0.0001016932102088,0.000371099875353631,5328212
"79",NA,139,0,1308,3,0.000171152731079466,8.94442518217086e-05,0.00032750296144632,5328212
"80",NA,115,0,1423,3,0.000150615644602832,7.86178894011691e-05,0.000288548478875714,5328212
"81",NA,129,3,1552,6,0.000272315219533163,0.000196884878384692,0.000376644358864893,5328212
"82",NA,190,1,1742,7,0.000301880428446572,0.000228540089352709,0.000398756267826783,5328212
"83",NA,184,0,1926,7,0.000287076170552408,0.00021722319695236,0.00037939192892511,5328212
"84",NA,206,0,2132,7,0.00027632439710695,0.000209003855788682,0.000365329013421264,5328212
"85",NA,239,1,2371,8,0.000307919703119077,0.000241118485434606,0.000393228015670559,5328212
"86",NA,195,2,2566,10,0.000367489016083441,0.000302132932510193,0.000446982643765323,5328212
"87",NA,350,2,2916,12,0.000444537916211662,0.000377527189274924,0.000523442985204173,5328212
"88",NA,240,2,3156,14,0.000500010981671134,0.00043457614800317,0.000575298444105835,5328212
"89",NA,425,2,3581,16,0.000579164482666007,0.000512168807786183,0.000654923714373908,5328212
"90",NA,264,4,3845,20,0.000695888528300451,0.000630557312957084,0.000767988625092873,5328212
"91",NA,257,2,4102,22,0.000732392517699913,0.000669482914558003,0.000801213575908732,5328212
"92",NA,124,4,4226,26,0.000802967649307654,0.000744039045656573,0.000866563454698399,5328212
"93",NA,221,2,4447,28,0.00082468473686309,0.000768212496565868,0.000885308320621195,5328212
"94",NA,218,4,4665,32,0.000903053926731323,0.000848537826222006,0.000961072528982931,5328212
"95",NA,270,10,4935,42,0.00115325436355334,0.00109947592118378,0.0012096632599492,5328212
"96",NA,273,2,5208,44,0.0011794042533257,0.00112672630754192,0.00123454505628554,5328212
"97",NA,302,6,5510,50,0.00131734946163514,0.00126518886442798,0.00137166051082422,5328212
"98",NA,130,8,5640,58,0.00145809260182434,0.00140788553725093,0.00151009011687571,5328212
"99",NA,115,1,5755,59,0.00141570457620656,0.00136768340972434,0.0014654118291134,5328212
"100",NA,108,10,5863,69,0.00158501180532739,0.00153858204708804,0.00163284267340956,5328212
"101",NA,147,11,6010,80,0.00177920815831003,0.0017337943111247,0.00182581154539807,5328212
"102",NA,150,8,6160,88,0.00190382263911354,0.00185931428893091,0.00194939643221121,5328212
"103",NA,84,4,6244,92,0.00192268176949564,0.00187950703546499,0.00196684828361726,5328212
"104",NA,76,6,6320,98,0.00198290131705388,0.00194086351318856,0.00202584963159747,5328212
"105",NA,95,5,6415,103,0.00203083702728398,0.00198967708142689,0.00207284843851642,5328212
"106",NA,73,11,6488,114,0.00218988574244057,0.0021494105257055,0.00223112314171368,5328212
"107",NA,78,13,6566,127,0.00238563633834205,0.00234563374077706,0.00242632114293029,5328212
"108",NA,111,3,6677,130,0.00240614502031983,0.00236661102471342,0.00244633942728758,5328212
"109",NA,114,6,6791,136,0.00248649730757761,0.00244724211536933,0.00252638217598573,5328212
"110",NA,0,0,6791,136,0.00241939057767095,0.00238116991230909,0.00245822473107209,5328212
"111",NA,193,12,6984,148,0.00263931846682691,0.00260063591183976,0.0026785763964959,5328212
"112",NA,84,6,7068,154,0.00271353255231101,0.0026751189537524,0.00275249775421129,5328212
"113",NA,45,0,7113,154,0.00266879642004052,0.00263099461203575,0.0027071413597879,5328212
"114",NA,53,9,7166,163,0.00278417430235211,0.00274664677693437,0.00282221456758619,5328212
"115",NA,84,6,7250,169,0.00286088902461993,0.00282351278547673,0.00289876003157849,5328212
"116",NA,95,11,7345,180,0.00302775342567794,0.00299029648202473,0.00306567956114415,5328212
"117",NA,63,11,7408,191,0.00318126412273192,0.00314386013601136,0.00321911312232266,5328212
"118",NA,59,2,7467,193,0.00318374482138605,0.00314662854157755,0.00322129890890163,5328212
"119",NA,38,0,7505,193,0.00314684311202442,0.00311014058325904,0.00318397876449649,5328212
"120",NA,28,0,7533,193,0.00310892716764545,0.00307265173683369,0.00314563086270364,5328212
"121",NA,72,2,7605,195,0.00312436838529077,0.00308822042602392,0.00316093946039099,5328212
"122",NA,62,7,7667,202,0.00321771688527768,0.00318158347806225,0.0032542606614575,5328212
"123",NA,43,2,7710,204,0.00322483312296074,0.00318891061890856,0.00326116028755428,5328212
"124",NA,49,0,7759,204,0.00320464717551953,0.00316893781933971,0.0032407589246119,5328212
"125",NA,0,0,7759,204,0.00316639305213294,0.00313109907497783,0.00320208486557288,5328212
"126",NA,50,4,7809,208,0.00321265648615403,0.00317742347283582,0.00324828018243851,5328212
"127",NA,38,0,7847,208,0.00319423136005079,0.00315919095386498,0.0032296604195607,5328212
"128",NA,56,1,7903,209,0.00320033571081761,0.00316536214885455,0.00323569568987258,5328212
"129",NA,50,0,7953,209,0.0031900954597938,0.00315522547345647,0.00322535081191794,5328212
"130",NA,42,0,7995,209,0.00317772185178176,0.00314297921556107,0.00321284853469471,5328212
"131",NA,39,4,8034,213,0.00322566682292553,0.00319095415594472,0.00326075711026378,5328212
"132",NA,35,0,8069,213,0.00321214645143445,0.00317757192794862,0.00324709717338294,5328212
"133",NA,30,4,8099,217,0.00325769740876769,0.00322317215875652,0.00329259247858047,5328212
"134",NA,7,7,8106,224,0.00333919257159696,0.00330472936425662,0.00337401517679694,5328212
"135",NA,29,4,8135,228,0.00338545357853854,0.00335102061697889,0.00342024035136267,5328212
"136",NA,23,1,8158,229,0.00338587876302096,0.0033515610630727,0.0034205478528164,5328212
"137",NA,17,3,8175,232,0.00341450388103878,0.00338026430060746,0.00344909028312777,5328212
"138",NA,22,0,8197,232,0.0034021755719685,0.00336805409810189,0.00343664272762791,5328212
"139",NA,0,0,8197,232,0.00338199682361583,0.00334807264889495,0.00341626473330043,5328212
"140",NA,0,0,8197,232,0.00336315648199615,0.00332941651947585,0.00339723836180562,5328212
"141",NA,52,1,8249,233,0.0033815485169737,0.00334774100866777,0.00341569743389364,5328212
"142",NA,8,0,8257,233,0.0033684882016762,0.00333480712932032,0.00340250944801849,5328212
"143",NA,11,1,8268,234,0.00337177093320692,0.00333817315307221,0.00340570686561181,5328212
"144",NA,0,0,8268,234,0.00335690408582323,0.00332345082459076,0.00339069408159644,5328212
"145",NA,41,1,8309,235,0.00337390401768213,0.00334039690057081,0.00340774724063072,5328212
"146",NA,0,0,8309,235,0.00336064540884739,0.00332726671601029,0.00339435895224821,5328212
"147",NA,0,0,8309,235,0.00334795217256199,0.00331469644224942,0.00338154155140556,5328212
"148",NA,43,0,8352,235,0.00335328020045744,0.00331996866030524,0.00338692597831512,5328212
"149",NA,12,0,8364,235,0.00334670482659078,0.003313455848245,0.00338028744286978,5328212
"150",NA,19,0,8383,235,0.00334318267847021,0.00330996595550897,0.0033767327434353,5328212
"151",NA,18,1,8401,236,0.00335372292322717,0.0033205161974485,0.00338726173190241,5328212
"152",NA,10,0,8411,236,0.00334709095565122,0.00331394729186009,0.0033805660979943,5328212
"153",NA,0,0,8411,236,0.00333678727787652,0.00330374326188033,0.00337016179987956,5328212
"154",NA,0,0,8411,236,0.00332695531911439,0.00329400630792692,0.00336023390991913,5328212
"155",NA,0,0,8411,236,0.00331776736626231,0.00328490710648286,0.00335095634056481,5328212
"156",NA,35,1,8446,237,0.00333715347795535,0.00330421494913029,0.00337042035911156,5328212
"157",NA,0,0,8446,237,0.00332913093251279,0.00329626974803531,0.00336231971683124,5328212
"158",NA,31,1,8477,238,0.00334761699700508,0.00331468667547861,0.00338087447044122,5328212
"159",NA,27,0,8504,238,0.00335061540473529,0.00331765375305936,0.00338390453798768,5328212
"160",NA,0,0,8504,238,0.0033428870373678,0.00330999959114513,0.00337610124620456,5328212
"161",NA,0,0,8504,238,0.00333512539891033,0.00330231250227922,0.00336826433560717,5328212
"162",NA,43,1,8547,239,0.00335849896373964,0.00332556887856853,0.00339175512560589,5328212
"163",NA,16,0,8563,239,0.00335738355512866,0.00332446269618951,0.00339063041650861,5328212
"164",NA,13,0,8576,239,0.00335495793689462,0.00332205906634889,0.00338818261010116,5328212
"165",NA,18,3,8594,242,0.00339651361904334,0.00336354737343472,0.00342980296797974,5328212
"166",NA,12,0,8606,242,0.00339358479778786,0.00336064527322992,0.00342684718066315,5328212
"167",NA,0,0,8606,242,0.00338598298188794,0.00335311545506688,0.00341917267904099,5328212
"168",NA,0,0,8606,242,0.00337859734773749,0.00334579982950249,0.00341171636673679,5328212
"169",NA,25,0,8631,242,0.00338141680989267,0.00334859024441748,0.00341456517747628,5328212
"170",NA,0,0,8631,242,0.00337478325822216,0.00334201960865156,0.0034078681078032,5328212
"171",NA,29,1,8660,243,0.0033936637986246,0.0033608273792345,0.00342682104093021,5328212
"172",NA,32,1,8692,244,0.0034138903731481,0.00338096851931921,0.00344713280034328,5328212
"173",NA,0,0,8692,244,0.00340743120845945,0.00337457016392766,0.00344061224878189,5328212
"174",NA,16,0,8708,244,0.00340707694330863,0.00337421784136237,0.00344025603662223,5328212
"175",NA,0,0,8708,244,0.00340049517610349,0.00336769799418938,0.00343361176170029,5328212
"176",NA,37,4,8745,248,0.00346436559857728,0.00343139545699467,0.00349765252971377,5328212
"177",NA,6,0,8751,248,0.00346028652556103,0.00342735372428217,0.00349353577197141,5328212
"178",NA,26,1,8777,249,0.00347799690318451,0.0034450034060489,0.00351130638574159,5328212
"179",NA,16,0,8793,249,0.00347772361597916,0.00344473123497797,0.00351103198598788,5328212
"180",NA,22,0,8815,249,0.00347969515117794,0.00344668250317843,0.00351302399741356,5328212
"181",NA,0,0,8815,249,0.00347286926813074,0.0034399198245659,0.00350613431958373,5328212
"182",NA,0,0,8815,249,0.00346605053346533,0.00343316432946199,0.00349925175367821,5328212
"183",NA,40,0,8855,249,0.00347519780395801,0.00344222326641279,0.00350848821878432,5328212
"184",NA,10,1,8865,250,0.003486665813416,0.00345368975038067,0.00351995673412873,5328212
"185",NA,22,1,8887,251,0.00350275966938922,0.00346973831704755,0.00353609528454002,5328212
"186",NA,8,0,8895,251,0.00349931104904348,0.00346632076120705,0.00353261531794701,5328212
"187",NA,0,0,8895,251,0.00349268658032021,0.0034597572175374,0.00352592935900626,5328212
"188",NA,0,0,8895,251,0.00348622922909632,0.00345335931665566,0.0035194120053443,5328212
"189",NA,0,0,8895,251,0.00348013280775043,0.00344731904175816,0.00351325891594995,5328212
"190",NA,35,0,8930,251,0.00348816859517158,0.0034552778171944,0.00352137246035425,5328212
"191",NA,6,0,8936,251,0.00348512669416225,0.00345226336057477,0.00351830286561339,5328212
"192",NA,11,0,8947,251,0.00348402829397658,0.00345117417179646,0.00351719517734768,5328212
"193",NA,7,1,8954,252,0.00349527732234849,0.00346242317729536,0.00352844321290236,5328212
"194",NA,11,0,8965,252,0.00349429017057256,0.00346144416191475,0.00352744785847009,5328212
"195",NA,0,0,8965,252,0.00348913513351576,0.00345633644437104,0.00352224506377573,5328212
