"","date","cases","deaths","cum_cases","cum_deaths","p_cases","p_cases_low","p_cases_high","p_cases_active","p_cases_active_undetected","population"
"1","2019/12/31",0,0,0,0,NA,NA,NA,0,0,28608715
"2","2020/01/01",0,0,0,0,NA,NA,NA,0,0,28608715
"3","2020/01/02",0,0,0,0,NA,NA,NA,0,0,28608715
"4","2020/01/03",0,0,0,0,NA,NA,NA,0,0,28608715
"5","2020/01/04",0,0,0,0,NA,NA,NA,0,0,28608715
"6","2020/01/05",0,0,0,0,NA,NA,NA,0,0,28608715
"7","2020/01/06",0,0,0,0,NA,NA,NA,0,0,28608715
"8","2020/01/07",0,0,0,0,NA,NA,NA,0,0,28608715
"9","2020/01/08",0,0,0,0,NA,NA,NA,0,0,28608715
"10","2020/01/09",0,0,0,0,NA,NA,NA,0,0,28608715
"11","2020/01/10",0,0,0,0,NA,NA,NA,0,0,28608715
"12","2020/01/11",0,0,0,0,NA,NA,NA,0,0,28608715
"13","2020/01/12",0,0,0,0,NA,NA,NA,0,0,28608715
"14","2020/01/13",0,0,0,0,NA,NA,NA,0,0,28608715
"15","2020/01/14",0,0,0,0,NA,NA,NA,0,0,28608715
"16","2020/01/15",0,0,0,0,NA,NA,NA,0,0,28608715
"17","2020/01/16",0,0,0,0,NA,NA,NA,0,0,28608715
"18","2020/01/17",0,0,0,0,NA,NA,NA,0,0,28608715
"19","2020/01/18",0,0,0,0,NA,NA,NA,0,0,28608715
"20","2020/01/19",0,0,0,0,NA,NA,NA,0,0,28608715
"21","2020/01/20",0,0,0,0,NA,NA,NA,0,0,28608715
"22","2020/01/21",0,0,0,0,NA,NA,NA,0,0,28608715
"23","2020/01/22",0,0,0,0,NA,NA,NA,0,0,28608715
"24","2020/01/23",0,0,0,0,NA,NA,NA,0,0,28608715
"25","2020/01/24",0,0,0,0,NA,NA,NA,0,0,28608715
"26","2020/01/25",1,0,1,0,NA,NA,NA,3.495438365547e-08,0,28608715
"27","2020/01/26",0,0,1,0,0,NA,NA,3.495438365547e-08,0,28608715
"28","2020/01/27",0,0,1,0,0,NA,NA,3.495438365547e-08,0,28608715
"29","2020/01/28",0,0,1,0,0,NA,NA,3.495438365547e-08,0,28608715
"30","2020/01/29",0,0,1,0,0,NA,NA,3.495438365547e-08,0,28608715
"31","2020/01/30",0,0,1,0,0,NA,NA,3.495438365547e-08,0,28608715
"32","2020/01/31",0,0,1,0,0,NA,NA,3.495438365547e-08,0,28608715
"33","2020/02/01",0,0,1,0,0,NA,NA,3.495438365547e-08,0,28608715
"34","2020/02/02",0,0,1,0,0,NA,NA,3.495438365547e-08,0,28608715
"35","2020/02/03",0,0,1,0,0,0,NA,3.495438365547e-08,0,28608715
"36","2020/02/04",0,0,1,0,0,0,NA,3.495438365547e-08,0,28608715
"37","2020/02/05",0,0,1,0,0,0,NA,3.495438365547e-08,0,28608715
"38","2020/02/06",0,0,1,0,0,0,NA,0,0,28608715
"39","2020/02/07",0,0,1,0,0,0,NA,0,0,28608715
"40","2020/02/08",0,0,1,0,0,0,NA,0,0,28608715
"41","2020/02/09",0,0,1,0,0,0,NA,0,0,28608715
"42","2020/02/10",0,0,1,0,0,0,NA,0,0,28608715
"43","2020/02/11",0,0,1,0,0,0,NA,0,0,28608715
"44","2020/02/12",0,0,1,0,0,0,NA,0,0,28608715
"45","2020/02/13",0,0,1,0,0,0,NA,0,0,28608715
"46","2020/02/14",0,0,1,0,0,0,NA,0,0,28608715
"47","2020/02/15",0,0,1,0,0,0,NA,0,0,28608715
"48","2020/02/16",0,0,1,0,0,0,NA,0,0,28608715
"49","2020/02/17",0,0,1,0,0,0,NA,0,0,28608715
"50","2020/02/18",0,0,1,0,0,0,NA,0,0,28608715
"51","2020/02/19",0,0,1,0,0,0,NA,0,0,28608715
"52","2020/02/20",0,0,1,0,0,0,NA,0,0,28608715
"53","2020/02/21",0,0,1,0,0,0,NA,0,0,28608715
"54","2020/02/22",0,0,1,0,0,0,NA,0,0,28608715
"55","2020/02/23",0,0,1,0,0,0,NA,0,0,28608715
"56","2020/02/24",0,0,1,0,0,0,NA,0,0,28608715
"57","2020/02/25",0,0,1,0,0,0,NA,0,0,28608715
"58","2020/02/26",0,0,1,0,0,0,NA,0,0,28608715
"59","2020/02/27",0,0,1,0,0,0,NA,0,0,28608715
"60","2020/02/28",0,0,1,0,0,0,NA,0,0,28608715
"61","2020/02/29",0,0,1,0,0,0,NA,0,0,28608715
"62","2020/03/01",0,0,1,0,0,0,NA,0,0,28608715
"63","2020/03/02",0,0,1,0,0,0,NA,0,0,28608715
"64","2020/03/15",0,0,1,0,0,0,NA,0,0,28608715
"65","2020/03/17",0,0,1,0,0,0,NA,0,0,28608715
"66","2020/03/18",0,0,1,0,0,0,NA,0,0,28608715
"67","2020/03/19",0,0,1,0,0,0,NA,0,0,28608715
"68","2020/03/20",0,0,1,0,0,0,NA,0,0,28608715
"69","2020/03/21",0,0,1,0,0,0,NA,0,0,28608715
"70","2020/03/22",0,0,1,0,0,0,NA,0,0,28608715
"71","2020/03/23",0,0,1,0,0,0,NA,0,0,28608715
"72","2020/03/24",1,0,2,0,0,0,NA,3.495438365547e-08,0,28608715
"73","2020/03/25",1,0,3,0,0,0,NA,6.990876731094e-08,0,28608715
"74","2020/03/26",0,0,3,0,0,0,NA,6.990876731094e-08,0,28608715
"75","2020/03/27",0,0,3,0,0,0,NA,6.990876731094e-08,0,28608715
"76","2020/03/28",0,0,3,0,0,0,NA,6.990876731094e-08,0,28608715
"77","2020/03/29",2,0,5,0,0,0,NA,1.3981753462188e-07,0,28608715
"78","2020/03/30",0,0,5,0,0,0,NA,1.3981753462188e-07,0,28608715
"79","2020/03/31",0,0,5,0,0,0,NA,1.3981753462188e-07,0,28608715
"80","2020/04/01",0,0,5,0,0,0,NA,1.3981753462188e-07,0,28608715
"81","2020/04/02",0,0,5,0,0,0,NA,1.3981753462188e-07,0,28608715
"82","2020/04/03",0,0,5,0,0,0,NA,1.3981753462188e-07,0,28608715
"83","2020/04/04",1,0,6,0,0,0,NA,1.7477191827735e-07,0,28608715
"84","2020/04/05",0,0,6,0,0,0,NA,1.3981753462188e-07,0,28608715
"85","2020/04/06",3,0,9,0,0,0,NA,2.0972630193282e-07,0,28608715
"86","2020/04/07",0,0,9,0,0,0,NA,2.0972630193282e-07,0,28608715
"87","2020/04/08",0,0,9,0,0,0,NA,2.0972630193282e-07,0,28608715
"88","2020/04/09",0,0,9,0,0,0,NA,2.0972630193282e-07,0,28608715
"89","2020/04/10",0,0,9,0,0,0,NA,1.3981753462188e-07,0,28608715
"90","2020/04/11",0,0,9,0,0,0,NA,1.3981753462188e-07,0,28608715
"91","2020/04/12",0,0,9,0,0,0,NA,1.3981753462188e-07,0,28608715
"92","2020/04/13",3,0,12,0,0,0,NA,2.4468068558829e-07,0,28608715
"93","2020/04/14",2,0,14,0,0,0,NA,3.1458945289923e-07,0,28608715
"94","2020/04/15",2,0,16,0,0,0,NA,3.8449822021017e-07,0,28608715
"95","2020/04/16",0,0,16,0,0,0,NA,3.495438365547e-07,0,28608715
"96","2020/04/17",0,0,16,0,0,0,NA,3.495438365547e-07,0,28608715
"97","2020/04/18",14,0,30,0,0,0,NA,7.3404205676487e-07,0,28608715
"98","2020/04/19",1,0,31,0,0,0,NA,7.6899644042034e-07,0,28608715
"99","2020/04/20",0,0,31,0,0,0,NA,7.6899644042034e-07,0,28608715
"100","2020/04/21",0,0,31,0,0,0,NA,7.6899644042034e-07,0,28608715
"101","2020/04/22",11,0,42,0,0,0,NA,1.15349466063051e-06,0,28608715
"102","2020/04/23",3,0,45,0,0,0,NA,1.25835781159692e-06,0,28608715
"103","2020/04/24",3,0,48,0,0,0,NA,1.36322096256333e-06,0,28608715
"104","2020/04/25",1,0,49,0,0,0,NA,1.29331219525239e-06,0,28608715
"105","2020/04/26",0,0,49,0,0,0,NA,1.22340342794145e-06,0,28608715
"106","2020/04/27",3,0,52,0,0,0,NA,1.25835781159692e-06,0,28608715
"107","2020/04/28",0,0,52,0,0,0,NA,1.25835781159692e-06,0,28608715
"108","2020/04/29",2,0,54,0,0,0,NA,1.32826657890786e-06,0,28608715
"109","2020/04/30",3,0,57,0,0,0,NA,9.43768358697691e-07,0,28608715
"110","2020/05/01",0,0,57,0,0,0,NA,9.08813975042221e-07,0,28608715
"111","2020/05/02",2,0,59,0,0,0,NA,9.78722742353161e-07,0,28608715
"112","2020/05/03",0,0,59,0,0,0,NA,9.78722742353161e-07,0,28608715
"113","2020/05/04",16,0,75,0,0,0,NA,1.15349466063051e-06,0,28608715
"114","2020/05/05",7,0,82,0,0,0,NA,1.29331219525239e-06,0,28608715
"115","2020/05/06",0,0,82,0,0,0,NA,1.18844904428598e-06,0,28608715
"116","2020/05/07",17,0,99,0,0,0,NA,1.7477191827735e-06,0,28608715
"117","2020/05/08",2,0,101,0,0,0,NA,1.81762795008444e-06,0,28608715
"118","2020/05/09",0,0,101,0,0,0,NA,1.71276479911803e-06,0,28608715
"119","2020/05/10",8,0,109,0,0,0,NA,1.99239986836179e-06,0,28608715
"120","2020/05/11",11,0,120,0,0,0,NA,2.30698932126102e-06,0,28608715
"121","2020/05/12",14,0,134,0,0,0,NA,2.69148754147119e-06,0,28608715
"122","2020/05/13",83,0,217,0,0,0,NA,5.5927013848752e-06,0,28608715
"123","2020/05/14",2,0,219,0,0,0,NA,5.5927013848752e-06,0,28608715
"124","2020/05/15",39,0,258,0,0,0,NA,6.95592234743853e-06,0,28608715
"125","2020/05/16",18,0,276,0,0,0,NA,7.02583111474947e-06,0,28608715
"126","2020/05/17",15,1,291,1,6.71238860629928e-06,9.60677564675685e-07,4.69003986964002e-05,7.30546618399323e-06,0,28608715
"127","2020/05/18",13,1,304,2,1.24335173323452e-05,4.73183366709482e-06,3.26707074106943e-05,7.83716264886326e-06,7.72894773489132e-08,28608715
"128","2020/05/19",71,0,375,2,1.37158323625607e-05,5.21094925811774e-06,3.61016866753795e-05,9.8398023873651e-06,1.9239249845537e-07,28608715
"129","2020/05/20",27,0,402,2,1.32033453495836e-05,5.00935924793436e-06,3.48005243369712e-05,1.07136619787518e-05,1.9239249845537e-07,28608715
"130","2020/05/21",42,0,444,2,1.30765919205933e-05,4.95466526693147e-06,3.45123730959183e-05,1.21817460922816e-05,1.9239249845537e-07,28608715
"131","2020/05/22",43,1,487,3,1.93104372658169e-05,1.01313162658675e-05,3.68059764014406e-05,1.36071393647835e-05,3.94382343015798e-07,28608715
"132","2020/05/23",61,0,548,3,1.9535847555185e-05,1.02392683326715e-05,3.7273106563841e-05,1.53972519125775e-05,4.36775708036299e-07,28608715
"133","2020/05/24",36,0,584,3,1.87384568431315e-05,9.81218659437862e-06,3.57850680360139e-05,1.61662483529978e-05,4.36775708036299e-07,28608715
"134","2020/05/25",19,0,603,3,1.74390341650343e-05,9.1242954101429e-06,3.33307832483333e-05,1.39291677990477e-05,4.36775708036299e-07,28608715
"135","2020/05/26",79,1,682,4,2.38196232485275e-05,1.46637560496828e-05,3.86923002387282e-05,1.66206553405189e-05,4.36775708036299e-07,28608715
"136","2020/05/27",90,0,772,4,2.45392269815713e-05,1.50974770273463e-05,3.98857146636057e-05,1.84033289069479e-05,4.36775708036299e-07,28608715
"137","2020/05/28",114,0,886,4,2.56381592495644e-05,1.57650008016271e-05,4.16945877756115e-05,2.1758949737873e-05,4.36775708036299e-07,28608715
"138","2020/05/29",156,1,1042,5,3.42056887892871e-05,2.31867314735379e-05,5.04611504594714e-05,2.66875178332943e-05,4.36775708036299e-07,28608715
"139","2020/05/30",170,1,1212,6,4.30691575410069e-05,3.11505037777129e-05,5.95480684527236e-05,3.21968748188955e-05,4.58294459728748e-07,28608715
"140","2020/05/31",189,0,1401,6,4.45615298077311e-05,3.22144524174246e-05,6.16409651505123e-05,3.62063890691345e-05,3.43191438622291e-07,28608715
"141","2020/06/01",171,2,1572,8,5.92387438267435e-05,4.64478144992624e-05,7.55520751191914e-05,4.17065298671628e-05,8.0990099026283e-07,28608715
"142","2020/06/02",226,0,1798,8,5.9923303662953e-05,4.6964860022156e-05,7.64572133332984e-05,4.81381364597692e-05,8.0990099026283e-07,28608715
"143","2020/06/03",301,0,2099,8,6.17361428550553e-05,4.83673380429169e-05,7.88001053776814e-05,5.69543775983201e-05,6.07911145702401e-07,28608715
"144","2020/06/04",201,1,2300,9,6.69959160358737e-05,5.39181731037949e-05,8.324563884695e-05,6.18055979450654e-05,5.65517780681901e-07,28608715
"145","2020/06/05",334,1,2634,10,7.49638633790728e-05,6.16404881327078e-05,9.11670394403386e-05,7.22220042743954e-05,5.65517780681901e-07,28608715
"146","2020/06/06",278,1,2912,11,8.02546908839466e-05,6.71596470336029e-05,9.59030562750754e-05,8.12751896411622e-05,5.65517780681901e-07,28608715
"147","2020/06/07",0,0,2912,11,7.07536063030042e-05,5.91952322075357e-05,8.45688515475277e-05,7.851379333238e-05,5.65517780681901e-07,28608715
"148","2020/06/08",536,2,3448,13,8.78690601275689e-05,7.55433041616465e-05,0.000102205904459528,9.41034484427197e-05,5.65517780681901e-07,28608715
"149","2020/06/09",314,1,3762,14,9.23052776095215e-05,8.02035859635403e-05,0.00010623295919018,0.000101094325173814,5.65517780681901e-07,28608715
"150","2020/06/10",323,1,4085,15,9.62151329378384e-05,8.43728459411961e-05,0.000109719563243106,0.000106931707244277,5.65517780681901e-07,28608715
"151","2020/06/11",279,0,4364,15,9.23278569570034e-05,8.0953997294343e-05,0.000105299719040169,0.000110642926833682,4.66709551640538e-07,28608715
"152","2020/06/12",250,0,4614,15,8.8025039890322e-05,7.71729566960935e-05,0.000100403146120291,0.000112775144236666,4.66709551640538e-07,28608715
"153","2020/06/13",448,1,5062,16,9.33778625064822e-05,8.25295929250697e-05,0.000105652104866142,0.00012199079895759,0,28608715
"154","2020/06/14",273,2,5335,18,0.000100839217362044,9.0338304527981e-05,0.000112560754945761,0.000123633654989397,0,28608715
"155","2020/06/15",425,1,5760,19,0.000105058037901762,9.46521182017847e-05,0.000116607969662532,0.000127967998562676,0,28608715
"156","2020/06/16",451,0,6211,19,0.000103945382937936,9.364393936519e-05,0.000115380052434344,0.000136706594476543,0,28608715
"157","2020/06/17",380,0,6591,19,0.000101476779327051,9.14150027020183e-05,0.000112646025687463,0.000138314496124695,0,28608715
"158","2020/06/18",586,1,7177,20,0.00010725019958972,9.71108487234455e-05,0.000118448200826584,0.00014908044629058,0,28608715
"159","2020/06/19",671,2,7848,22,0.000119173673780795,0.000108867933685017,0.000130454983774216,0.0001725348377234,0,28608715
"160","2020/06/20",426,0,8274,22,0.000116112785743948,0.000106067447135649,0.000127109489077998,0.000168689855521298,0,28608715
"161","2020/06/21",331,0,8605,22,0.000111645661694925,0.000101982992913831,0.00012222384751769,0.000169284080043441,0,28608715
"162","2020/06/22",421,1,9026,23,0.000113458023420429,0.000104037240365685,0.000123731877481791,0.000172709609641677,0,28608715
"163","2020/06/23",0,0,9026,23,0.000105521524234548,9.67568766469894e-05,0.000115080110713028,0.000162957336601801,0,28608715
"164","2020/06/24",0,0,9026,23,9.86205993693963e-05,9.04268164400402e-05,0.000107556839916266,0.000154218740687934,0,28608715
"165","2020/06/25",1702,0,10728,23,0.000110299427251424,0.000101133130420682,0.000120296520056145,0.000198051537791893,0,28608715
"166","2020/06/26",434,3,11162,26,0.000122433613670792,0.000113365974075912,0.000132226533390443,0.000203679193560424,0,28608715
"167","2020/06/27",593,1,11755,27,0.000126086926435392,0.00011707290707322,0.00013579497951632,0.000209551530014543,0,28608715
"168","2020/06/28",0,0,11755,27,0.000118634863408968,0.000110151596982788,0.000127771464069319,0.000193787102985926,0,28608715
"169","2020/06/29",1017,1,12772,28,0.000125976647963416,0.000117270081505241,0.000135329622256545,0.00021605304537446,0,28608715
"170","2020/06/30",476,1,13248,29,0.000127865838949462,0.000119314564263773,0.000137029983482191,0.000212208063172358,0,28608715
"171","2020/07/01",316,0,13564,29,0.00012382144653471,0.000115539036270449,0.000132697580980857,0.000199799256974667,0,28608715
"172","2020/07/02",482,1,14046,30,0.000125688021430529,0.000117543772342996,0.000134396560670382,0.000201756702459373,0,28608715
"173","2020/07/03",473,1,14519,31,0.000127536158673694,0.000119522410074062,0.0001360872137632,0.00020672022493845,0,28608715
"174","2020/07/04",740,1,15259,32,0.000131757516955945,0.000123721434985072,0.000140315566793183,0.000217870673324545,0,28608715
"175","2020/07/05",232,2,15491,34,0.000135579156377598,0.000127768276616082,0.000143867539978601,0.000225980090332614,0,28608715
"176","2020/07/06",293,0,15784,34,0.000131992056192194,0.000124386731707616,0.000140062389763527,0.000236221724743666,0,28608715
"177","2020/07/07",180,1,15964,35,0.000131618509032877,0.000124238168409089,0.000139437277141717,0.000183021152820041,0,28608715
"178","2020/07/08",0,0,15964,35,0.000126419208220956,0.000119329553017874,0.000133930076858828,0.000167850950313567,0,28608715
"179","2020/07/09",459,0,16423,35,0.000125336226967315,0.000118306555216246,0.000132783595648511,0.000163167062903734,0,28608715
"180","2020/07/10",108,0,16531,35,0.000121968739399173,0.000115127293177177,0.000129216738968484,0.000166942136338525,0,28608715
"181","2020/07/11",118,0,16649,35,0.000119050715546884,0.000112372380245657,0.00012612594697417,0.000135518145432257,0,28608715
"182","2020/07/12",70,3,16719,38,0.000126106499096734,0.000119559234289377,0.000133012303139579,0.000121326665668136,0,28608715
"183","2020/07/13",82,0,16801,38,0.000123424859760906,0.000117016353968363,0.00013018433313277,0.000113147339892756,0,28608715
"184","2020/07/14",144,0,16945,38,0.000121531606808755,0.000115220994675633,0.000128187848882035,0.000101332758217208,0,28608715
"185","2020/07/15",116,0,17061,38,0.000119717638956772,0.000113500859427408,0.000126274929984566,8.88540432522048e-05,0,28608715
