"","date","cases","deaths","cum_cases","cum_deaths","p_cases","p_cases_low","p_cases_high","p_cases_active","p_cases_active_undetected","population"
"22696","2020/03/07",1,0,1,0,NA,NA,NA,3.07593291045818e-08,0,32510462
"22695","2020/03/09",6,0,7,0,0,NA,NA,2.15315303732072e-07,0,32510462
"22694","2020/03/10",2,0,9,0,0,NA,NA,2.76833961941236e-07,0,32510462
"22693","2020/03/11",2,0,11,0,0,0,NA,3.383526201504e-07,0,32510462
"22692","2020/03/12",6,0,17,0,0,0,NA,5.2290859477789e-07,0,32510462
"22691","2020/03/13",5,0,22,0,0,0,NA,6.76705240300799e-07,0,32510462
"22690","2020/03/14",16,0,38,0,0,0,NA,1.16885450597411e-06,0,32510462
"22689","2020/03/15",5,0,43,0,0,0,NA,1.32265115149702e-06,0,32510462
"22688","2020/03/16",28,0,71,0,0,0,NA,2.18391236642531e-06,0,32510462
"22687","2020/03/17",15,0,86,0,0,0,NA,2.64530230299403e-06,0,32510462
"22686","2020/03/18",31,0,117,0,0,0,NA,3.59884150523607e-06,0,32510462
"22685","2020/03/19",28,0,145,0,0,0,NA,4.46010272016436e-06,0,32510462
"22684","2020/03/20",89,2,234,2,3.69222642547601e-05,1.48340504301354e-05,9.19002941319982e-05,1.8472426804195e-05,1.13055031228275e-05,32510462
"22683","2020/03/21",29,1,263,3,4.55703742710666e-05,2.48856517333893e-05,8.34480460248031e-05,2.33127409963391e-05,1.54383527455662e-05,32510462
"22682","2020/03/22",55,2,318,5,6.73429121765585e-05,4.7129036498822e-05,9.62266186055601e-05,3.48985813623775e-05,2.53939486690617e-05,32510462
"22681","2020/03/23",45,0,363,5,5.78715319489835e-05,4.0138504837893e-05,8.34389378390714e-05,4.20112195573481e-05,3.11839357125353e-05,32510462
"22680","2020/03/24",32,0,395,5,4.87807592662568e-05,3.36234668743368e-05,7.07708840223344e-05,4.57785225612528e-05,3.41514961597209e-05,32510462
"22679","2020/03/25",21,2,416,7,5.74162011579656e-05,4.40701266590199e-05,7.48039637126218e-05,4.85231399164926e-05,3.64039642492874e-05,32510462
"22678","2020/03/26",142,1,558,8,7.24378282150904e-05,5.7405822068831e-05,9.14060415375181e-05,6.64649899456989e-05,5.04701388113164e-05,32510462
"22677","2020/03/27",22,1,580,9,7.08796238117567e-05,5.75852781367408e-05,8.72431502330588e-05,6.89997307551047e-05,5.24819710259443e-05,32510462
"22676","2020/03/28",55,2,635,11,7.98995258133704e-05,6.74070686398756e-05,9.47071924950158e-05,7.50589009098384e-05,5.77106392948543e-05,32510462
"22675","2020/03/29",36,5,671,16,0.000104859198795915,9.33938487771988e-05,0.000117732074607527,8.02233398207406e-05,6.22291322945602e-05,32510462
"22674","2020/03/30",181,2,852,18,0.000129779714276065,0.00011703963015178,0.000143906591431765,0.000106840373721747,8.42322668298794e-05,32510462
"22673","2020/03/31",98,6,950,24,0.000168401138365455,0.00015591060026311,0.000181892336729661,0.000123351019411887,9.85897594826984e-05,32510462
"22672","2020/04/01",115,6,1065,30,0.000205752710485159,0.000193468929054119,0.000218816417080324,0.000131525364830482,0.000105964362344575,32510462
"22671","2020/04/02",258,17,1323,47,0.000349551027054007,0.000336297087312379,0.000363327323144538,0.000194666908102814,0.000162062019251957,32510462
"22670","2020/04/03",91,8,1414,55,0.000381001081071142,0.000368552823149773,0.00039386979195215,0.00020753942063265,0.000173827195934028,32510462
"22669","2020/04/04",181,6,1595,61,0.000414543050372672,0.000402181628617656,0.00042728441177916,0.000247407453194802,0.000209511959737957,32510462
"22668","2020/04/05",151,12,1746,73,0.000473966021031308,0.000462048075493821,0.000486191374895693,0.000284445782747614,0.000242889929127324,32510462
"22667","2020/04/06",535,10,2281,83,0.000617398704681607,0.000603581305808406,0.000631532416385878,0.000426355920699793,0.000368989771919748,32510462
"22666","2020/04/07",280,9,2561,92,0.000672872499673649,0.000659099717988219,0.000686933082294471,0.000481488614067397,0.00041987767787092,32510462
"22665","2020/04/08",393,15,2954,107,0.000784786778622068,0.000770768014251267,0.000799060516929061,0.000583208067133279,0.000510185419839001,32510462
"22664","2020/04/09",1388,14,4342,121,0.00113094306235377,0.00111277593117688,0.00114940678931957,0.000937814344779515,0.00082378951178883,32510462
"22663","2020/04/10",914,17,5256,138,0.00133623470749119,0.00131703524188005,0.00135571405891559,0.00116455505372637,0.00102352352978186,32510462
"22662","2020/04/11",641,31,5897,169,0.00153715033985125,0.00151861623477024,0.00155591064628799,0.0013040717059656,0.00114889089063299,32510462
"22661","2020/04/12",951,12,6848,181,0.00158799144240751,0.00156969006321517,0.00160650620160918,0.0015072284003645,0.00132580987730568,32510462
"22660","2020/04/13",671,12,7519,193,0.00155023627329297,0.00153311561895338,0.00156754811791292,0.00162335497198224,0.00142483426194127,32510462
"22659","2020/04/14",0,0,7519,193,0.00130402574152406,0.00128943171772549,0.00131878494315074,0.00155518855854314,0.00136460375541115,32510462
"22658","2020/04/15",2784,37,10303,230,0.00182074295670769,0.00180310293262445,0.00183855555576932,0.00202265630141924,0.00174923662500861,32510462
"22657","2020/04/16",1172,24,11475,254,0.00193263756986264,0.00191527773576776,0.0019501547512885,0.00217300419757071,0.00186910202601744,32510462
"22656","2020/04/17",1016,20,12491,274,0.00195256842462245,0.00193596233239314,0.00196931695882727,0.00229083312035282,0.00196032412912409,32510462
"22655","2020/04/18",998,26,13489,300,0.001991890360515,0.00197603863865946,0.00200786924440111,0.00229339698887538,0.00194864642827122,32510462
"22654","2020/04/19",931,48,14420,348,0.00214838587333962,0.00213308996196788,0.00216379146827317,0.00235853676279259,0.00199376187894135,32510462
"22653","2020/04/20",1208,52,15628,400,0.00235159391619984,0.00233645463844068,0.00236683129033431,0.0024359003009875,0.00204605656391603,32510462
"22652","2020/04/21",697,45,16325,445,0.00242508087134221,0.00241057288283228,0.00243967617591387,0.00217791303254285,0.00180932399188264,32510462
"22651","2020/04/22",1512,39,17837,484,0.00258112872125234,0.00256651929920976,0.00259582130464597,0.00216434262787257,0.00177735950840783,32510462
"22650","2020/04/23",1413,46,19250,530,0.00275439210282742,0.00273969489587233,0.00276916815355909,0.00219943493714282,0.00178870561560934,32510462
"22649","2020/04/24",1664,42,20914,572,0.00293222335427444,0.00291730550806857,0.00294721748393256,0.00221220554505338,0.00177954482186834,32510462
"22648","2020/04/25",734,62,21648,634,0.0030659540009735,0.00305131984598006,0.00308065834149425,0.00217781619338045,0.00174321763246181,32510462
"22647","2020/04/26",3683,66,25331,700,0.00362455386996607,0.00360824486608571,0.00364093658935562,0.00270480809670385,0.00215692292669304,32510462
"22646","2020/04/27",2186,28,27517,728,0.00375472142629062,0.00373817345292413,0.00377134265346034,0.00251110230943038,0.00198161121822411,32510462
"22645","2020/04/28",1182,54,28699,782,0.00385006599842371,0.00383375696692354,0.0038664444095196,0.00247228144265646,0.00194248275815914,32510462
"22644","2020/04/29",2491,72,31190,854,0.00418388622180737,0.00416699054214599,0.00420085040750166,0.002647609833059,0.00207244113813243,32510462
"22643","2020/04/30",2741,89,33931,943,0.00461292077655708,0.00459523563213842,0.00463067398371685,0.00287287646974489,0.00224409426418903,32510462
"22642","2020/05/01",3045,108,36976,1051,0.00515034621674276,0.00513164410785142,0.00516911648485746,0.00315830469134082,0.00246449726405787,32510462
"22641","2020/05/02",3483,73,40459,1124,0.00554401976747497,0.0055245056325177,0.00556360283194168,0.00345380202369717,0.0026900171227013,32510462
"22640","2020/05/03",2075,76,42534,1200,0.0057235173070395,0.00570395223901606,0.00574314948500193,0.00362948152355258,0.00282331026705059,32510462
"22639","2020/05/04",3394,86,45928,1286,0.00609617974765256,0.00607595675048507,0.00611647005432063,0.00386118256129451,0.00299712224741771,32510462
"22638","2020/05/05",1444,58,47372,1344,0.00605999536029533,0.00604024699263312,0.00607980829452672,0.00384372466183053,0.00297871080875148,32510462
"22637","2020/05/06",3817,100,51189,1444,0.00650578642673056,0.00648519936680282,0.0065264388396278,0.00409554113744732,0.00316430244880611,32510462
"22636","2020/05/07",3628,89,54817,1533,0.0068621087018613,0.00684089491452856,0.00688338827368256,0.00444574724847801,0.00342549106140813,32510462
"22635","2020/05/08",3709,94,58526,1627,0.00722777126703657,0.00720592286712219,0.00724968591142618,0.00437680482110442,0.00335574889147783,32510462
"22634","2020/05/09",3321,87,61847,1714,0.00748859087187585,0.00746637604952895,0.00751087179032194,0.00448063805669124,0.00342467028853095,32510462
"22633","2020/05/10",3168,100,65015,1814,0.00776396852124397,0.00774139203621439,0.00778661084684511,0.0047003854152313,0.00358332961946931,32510462
"22632","2020/05/11",2292,75,67307,1889,0.00781405670888689,0.00779163886253963,0.00783653905512227,0.00463232937468232,0.00352139468541214,32510462
"22631","2020/05/12",1515,72,68822,1961,0.00776385298860363,0.00774184733146826,0.00778592119527341,0.00443059841780478,0.00335737466601681,32510462
"22630","2020/05/13",3237,96,72059,2057,0.00801131963308035,0.00798896076967429,0.00803374107268213,0.00436634440591222,0.00328721486293617,32510462
"22629","2020/05/14",4247,112,76306,2169,0.00843729918059808,0.00841414271839831,0.00846051937142232,0.00435867439185086,0.00325604472143891,32510462
"22628","2020/05/15",4298,98,80604,2267,0.00880869344351692,0.00878483941744445,0.00883261224192419,0.00454915626553065,0.00337814860651922,32510462
"22627","2020/05/16",3891,126,84495,2393,0.00922838193996872,0.0092037896078382,0.00925303998229313,0.00452362665639517,0.00333733161081876,32510462
"22626","2020/05/17",4046,130,88541,2523,0.00965972474906443,0.00963436921634678,0.00968514701194624,0.00478031912696823,0.0035139883070617,32510462
"22625","2020/05/18",3732,125,92273,2648,0.0100175022349412,0.00999155427674214,0.0100435175797067,0.0047003633300868,0.00343664705315417,32510462
"22624","2020/05/19",2660,141,94933,2789,0.0103011185951084,0.0102748015710186,0.0103275030254398,0.00453483745449253,0.00330089620813313,32510462
"22623","2020/05/20",4550,125,99483,2914,0.0107185321774652,0.0106914528890336,0.0107456800522591,0.00456701566978109,0.00330720582764473,32510462
"22622","2020/05/21",4537,110,104020,3024,0.0110711709414991,0.0110434536780103,0.0110989577707884,0.00464778757648171,0.00335057439015418,32510462
"22621","2020/05/22",4749,124,108769,3148,0.0114845803390643,0.011456103888053,0.0115131275740236,0.0047709031354212,0.00342505944977933,32510462
"22620","2020/05/23",2929,96,111698,3244,0.0115904395600126,0.0115618978536736,0.011619051724421,0.00480874189208509,0.0034433045138036,32510462
"22619","2020/05/24",4056,129,115754,3373,0.0119215092326298,0.0118924118635594,0.0119506777947347,0.00505556139903337,0.00361196456549713,32510462
"22618","2020/05/25",4205,83,119959,3456,0.0121004309716284,0.012071051062307,0.0121298823891446,0.00511984491414651,0.00364647305003704,32510462
"22617","2020/05/26",4020,173,123979,3629,0.0125695876149927,0.0125393938214523,0.0125998541126192,0.00505781301163664,0.00359142351523391,32510462
"22616","2020/05/27",5772,159,129751,3788,0.0131590083243251,0.0131276828316142,0.013190408566442,0.00517349339727436,0.00366176464977148,32510462
"22615","2020/05/28",6154,195,135905,3983,0.0139008668259039,0.0138681132847101,0.0139336977240128,0.00537797975148965,0.0037966426422231,32510462
"22614","2020/05/29",5874,116,141779,4099,0.0143175886379058,0.0142840390159106,0.0143512170595413,0.00552975304065043,0.00389218787778071,32510462
"22613","2020/05/30",6506,131,148285,4230,0.0148231542243144,0.0147886258723685,0.0148577631927487,0.00577495860695005,0.00405206706514422,32510462
"22612","2020/05/31",7386,141,155671,4371,0.0154211395824124,0.015385435172003,0.0154569268507266,0.00621799845313453,0.00434973832198044,32510462
"22611","2020/06/01",8805,135,164476,4506,0.0161017774319978,0.0160646997217719,0.0161389407184635,0.00658975761887676,0.00459061654238267,32510462
"22610","2020/06/02",5563,128,170039,4634,0.0163987656691679,0.0163611875040089,0.0164364301433735,0.00664337306015943,0.00461267291200405,32510462
"22609","2020/06/03",0,0,170039,4634,0.0156990559573761,0.015663068961834,0.0157351256355555,0.006141940923887,0.00425731682964928,32510462
"22608","2020/06/04",8875,260,178914,4894,0.0167175212729947,0.0166795622474352,0.0167555666849713,0.00666728064187904,0.00459976157678547,32510462
"22607","2020/06/05",4284,137,183198,5031,0.0168937958985678,0.0168556091373235,0.0169320691727779,0.00664460659216101,0.00457007440003159,32510462
"22606","2020/06/06",4202,131,187400,5162,0.0170429676250686,0.0170046011567088,0.0170814206574049,0.00660259047952968,0.00452815056538758,32510462
"22605","2020/06/07",4358,139,191758,5301,0.0172383304611253,0.0171996854643447,0.0172770622871552,0.00658679151419833,0.00450195494681888,32510462
"22604","2020/06/08",4757,164,196515,5465,0.0175588733310914,0.0175196947535584,0.0175981395220766,0.00642645451177245,0.00437283866343415,32510462
"22603","2020/06/09",3181,106,199696,5571,0.0175639605542302,0.0175248815543428,0.0176031266969736,0.00607678065413031,0.00411461229121993,32510462
"22602","2020/06/10",4040,167,203736,5738,0.0178501061864809,0.0178105647743414,0.0178897353849031,0.00583755342825753,0.00393179767492496,32510462
"22601","2020/06/11",5087,165,208823,5903,0.0182336130122551,0.0181933881309181,0.0182739268292575,0.00563136504929829,0.00376925678396512,32510462
"22600","2020/06/12",5965,206,214788,6109,0.0188287547236783,0.0187874199565781,0.0188701804326414,0.00542259440072453,0.00360419514204896,32510462
"22599","2020/06/13",5961,199,220749,6308,0.0194029410292552,0.0193605346331808,0.0194454403102867,0.0050845552466798,0.00335363551997767,32510462
"22598","2020/06/14",4383,190,225132,6498,0.019804768114566,0.0197616561543518,0.0198479741276825,0.00493362351735828,0.00323899979899956,32510462
"22597","2020/06/15",4604,190,229736,6688,0.0202191697593957,0.0201753218789066,0.0202631129363383,0.00533882364956333,0.00350258398000711,32510462
"22596","2020/06/16",3256,172,232992,6860,0.0204584862475273,0.020414262926905,0.0205028053689185,0.00479545550960439,0.00313205251028682,32510462
"22595","2020/06/17",4164,196,237156,7056,0.0208518429571378,0.0208069282821524,0.020896854586753,0.00476651992538013,0.00310680804555511,32510462
"22594","2020/06/18",3752,201,240908,7257,0.0212299408918146,0.0211843688687195,0.0212756109498948,0.00471501565348795,0.00306914547175999,32510462
"22593","2020/06/19",3480,204,244388,7461,0.0215995019587272,0.0215532901625586,0.021645812836293,0.00463081705913429,0.00301195356836015,32510462
"22592","2020/06/20",3537,199,247925,7660,0.0219674421175912,0.021920587349801,0.0220143970364052,0.00451916942436484,0.00293783231509829,32510462
"22591","2020/06/21",3413,201,251338,7861,0.0223389154569988,0.0222914090960987,0.0223865230611319,0.00454273672481608,0.00295426345119727,32510462
"22590","2020/06/22",3598,184,254936,8045,0.0226877963400294,0.0226396722812719,0.022736022693776,0.00450897727767931,0.00293409962752472,32510462
"22589","2020/06/23",0,0,254936,8045,0.0222170054556718,0.0221698755364354,0.0222642355662369,0.00406480020238903,0.00264639525938945,32510462
"22588","2020/06/24",5874,359,260810,8404,0.0232750670300143,0.0232259299545508,0.0233243080605053,0.0040661004982131,0.00265049465416204,32510462
"22587","2020/06/25",3879,182,264689,8586,0.0236822528442083,0.023632368850993,0.023732242134222,0.00388921466329095,0.00253764974243563,32510462
"22586","2020/06/26",3913,175,268602,8761,0.024078275863795,0.0240276632685495,0.0241289950709389,0.00385441684826425,0.00251730881208808,32510462
"22585","2020/06/27",3762,178,272364,8939,0.0244706710072277,0.0244193384920941,0.0245221114297525,0.0037872153661348,0.00247600668506469,32510462
"22584","2020/06/28",3625,196,275989,9135,0.0249004532828705,0.0248483322958665,0.0249526835970218,0.00382837060207425,0.00250581172856455,32510462
"22583","2020/06/29",3430,182,279419,9317,0.0252750377351772,0.0252222346659577,0.0253279513482939,0.00377251563678194,0.002472534110835,32510462
"22582","2020/06/30",2946,187,282365,9504,0.0256207811971083,0.0255673580192469,0.0256743160030829,0.00370918123938521,0.00243399173269656,32510462
"22581","2020/07/01",2848,173,285213,9677,0.0259230922818176,0.0258691305937512,0.0259771665312153,0.00366046740048985,0.0024047177897953,32510462
"22580","2020/07/02",3264,183,288477,9860,0.0262956577896682,0.0262410158035328,0.0263504135574754,0.00364459551763984,0.00239724320379084,32510462
"22579","2020/07/03",3527,185,292004,10045,0.0267039105920786,0.0266485145269705,0.0267594218127249,0.00366379405777079,0.00241293518040387,32510462
"22578","2020/07/04",3595,181,295599,10226,0.0271128151650948,0.0270566610867202,0.0271690857870631,0.00367333251132972,0.00242256591195011,32510462
"22577","2020/07/05",3481,186,299080,10412,0.0275275305103737,0.0274706084317268,0.0275845705377382,0.00399372616422062,0.00263588634022796,32510462
"22576","2020/07/06",3638,177,302718,10589,0.0279345767486171,0.0278768976168411,0.0279923752223044,0.00380523353880259,0.00251617157468778,32510462
"22575","2020/07/07",2985,183,305703,10772,0.0282979444250283,0.0282396008015233,0.0283564085877162,0.00373448352938597,0.00247292040549065,32510462
"22574","2020/07/08",3575,180,309278,10952,0.0287090571736563,0.0286499486481373,0.0287682876476587,0.00371556381582075,0.00246439734516278,32510462
"22573","2020/07/09",3633,181,312911,11133,0.0291301577937048,0.029070263946646,0.0291901750408443,0.0037157759134163,0.00246857739621283,32510462
"22572","2020/07/10",3537,181,316448,11314,0.0295432729918437,0.029482609924016,0.0296040608792788,0.00371892971110821,0.00247443801486594,32510462
"22571","2020/07/11",3198,186,319646,11500,0.0299377406394762,0.0298763484765471,0.029999258955629,0.00370818834444219,0.00247083281255218,32510462
"22570","2020/07/12",3064,182,322710,11682,0.0303093809998682,0.030247304266898,0.0303715851333083,0.00372865416158949,0.00248766902886514,32510462
"22569","2020/07/13",3616,188,326326,11870,0.0307500254127567,0.0306871250074548,0.0308130547470796,0.00381053791285198,0.00254592961537531,32510462
"22568","2020/07/14",3797,184,330123,12054,0.0311993779983654,0.0311356342152729,0.0312632522836938,0.00387186141476969,0.00259085839488028,32510462
"22567","2020/07/15",3744,175,333867,12229,0.0316208436486601,0.0315563095377661,0.0316855097347923,0.00390391312097984,0.00261623532667473,32510462
"22566","2020/07/16",3857,188,337724,12417,0.032085461077379,0.0320200538078747,0.0321510019541199,0.00394060814440685,0.00264487140587634,32510462
"22565","2020/07/17",3862,198,341586,12615,0.0325742539606896,0.0325079281861423,0.0326407150594059,0.00398850174215322,0.00268104569923387,32510462
"22564","2020/07/18",3951,184,345537,12799,0.0330325840652921,0.0329653960819964,0.0330999089868818,0.00403049697829805,0.00271341326536897,32510462
"22563","2020/07/19",3963,199,349500,12998,0.033527559762203,0.033459440837145,0.0335958173682382,0.00413435599048095,0.00278718965368759,32510462
"22562","2020/07/20",4090,189,353590,13187,0.0340053884340345,0.0339363694243813,0.0340745478129663,0.0041958455190081,0.00283283812772587,32510462
"22561","2020/07/21",4091,197,357681,13384,0.0345001317096671,0.0344301812586747,0.0345702242762516,0.00425223230048791,0.00287513713647578,32510462
"22560","2020/07/22",4406,195,362087,13579,0.0350160205006387,0.034945094941094,0.0350870900127182,0.00434810853384156,0.00294428351283755,32510462
"22559","2020/07/23",4463,188,366550,13767,0.0355147604471503,0.0354428919253826,0.0355867746986862,0.00448100368660537,0.00303826811428407,32510462
"22558","2020/07/24",4546,3887,371096,17654,0.0455624689775304,0.0454716897022736,0.0456534294837215,0.00475137779053768,0.00326305689248338,32510462
