"","date","cases","deaths","cum_cases","cum_deaths","p_cases","p_cases_low","p_cases_high","p_cases_active","p_cases_active_undetected","population"
"1",NA,0,0,0,0,NA,NA,NA,0,0,2832071
"2",NA,0,0,0,0,NA,NA,NA,0,0,2832071
"3",NA,0,0,0,0,NA,NA,NA,0,0,2832071
"4",NA,0,0,0,0,NA,NA,NA,0,0,2832071
"5",NA,0,0,0,0,NA,NA,NA,0,0,2832071
"6",NA,0,0,0,0,NA,NA,NA,0,0,2832071
"7",NA,0,0,0,0,NA,NA,NA,0,0,2832071
"8",NA,0,0,0,0,NA,NA,NA,0,0,2832071
"9",NA,0,0,0,0,NA,NA,NA,0,0,2832071
"10",NA,0,0,0,0,NA,NA,NA,0,0,2832071
"11",NA,0,0,0,0,NA,NA,NA,0,0,2832071
"12",NA,0,0,0,0,NA,NA,NA,0,0,2832071
"13",NA,0,0,0,0,NA,NA,NA,0,0,2832071
"14",NA,0,0,0,0,NA,NA,NA,0,0,2832071
"15",NA,0,0,0,0,NA,NA,NA,0,0,2832071
"16",NA,0,0,0,0,NA,NA,NA,0,0,2832071
"17",NA,0,0,0,0,NA,NA,NA,0,0,2832071
"18",NA,0,0,0,0,NA,NA,NA,0,0,2832071
"19",NA,0,0,0,0,NA,NA,NA,0,0,2832071
"20",NA,0,0,0,0,NA,NA,NA,0,0,2832071
"21",NA,0,0,0,0,NA,NA,NA,0,0,2832071
"22",NA,0,0,0,0,NA,NA,NA,0,0,2832071
"23",NA,0,0,0,0,NA,NA,NA,0,0,2832071
"24",NA,0,0,0,0,NA,NA,NA,0,0,2832071
"25",NA,0,0,0,0,NA,NA,NA,0,0,2832071
"26",NA,0,0,0,0,NA,NA,NA,0,0,2832071
"27",NA,0,0,0,0,NA,NA,NA,0,0,2832071
"28",NA,0,0,0,0,NA,NA,NA,0,0,2832071
"29",NA,0,0,0,0,NA,NA,NA,0,0,2832071
"30",NA,0,0,0,0,NA,NA,NA,0,0,2832071
"31",NA,0,0,0,0,NA,NA,NA,0,0,2832071
"32",NA,0,0,0,0,NA,NA,NA,0,0,2832071
"33",NA,0,0,0,0,NA,NA,NA,0,0,2832071
"34",NA,0,0,0,0,NA,NA,NA,0,0,2832071
"35",NA,0,0,0,0,NA,NA,NA,0,0,2832071
"36",NA,0,0,0,0,NA,NA,NA,0,0,2832071
"37",NA,0,0,0,0,NA,NA,NA,0,0,2832071
"38",NA,0,0,0,0,NA,NA,NA,0,0,2832071
"39",NA,0,0,0,0,NA,NA,NA,0,0,2832071
"40",NA,0,0,0,0,NA,NA,NA,0,0,2832071
"41",NA,0,0,0,0,NA,NA,NA,0,0,2832071
"42",NA,0,0,0,0,NA,NA,NA,0,0,2832071
"43",NA,0,0,0,0,NA,NA,NA,0,0,2832071
"44",NA,0,0,0,0,NA,NA,NA,0,0,2832071
"45",NA,0,0,0,0,NA,NA,NA,0,0,2832071
"46",NA,0,0,0,0,NA,NA,NA,0,0,2832071
"47",NA,0,0,0,0,NA,NA,NA,0,0,2832071
"48",NA,0,0,0,0,NA,NA,NA,0,0,2832071
"49",NA,0,0,0,0,NA,NA,NA,0,0,2832071
"50",NA,0,0,0,0,NA,NA,NA,0,0,2832071
"51",NA,0,0,0,0,NA,NA,NA,0,0,2832071
"52",NA,0,0,0,0,NA,NA,NA,0,0,2832071
"53",NA,0,0,0,0,NA,NA,NA,0,0,2832071
"54",NA,0,0,0,0,NA,NA,NA,0,0,2832071
"55",NA,0,0,0,0,NA,NA,NA,0,0,2832071
"56",NA,0,0,0,0,NA,NA,NA,0,0,2832071
"57",NA,0,0,0,0,NA,NA,NA,0,0,2832071
"58",NA,0,0,0,0,NA,NA,NA,0,0,2832071
"59",NA,0,0,0,0,NA,NA,NA,0,0,2832071
"60",NA,0,0,0,0,NA,NA,NA,0,0,2832071
"61",NA,0,0,0,0,NA,NA,NA,0,0,2832071
"62",NA,1,0,1,0,NA,NA,NA,3.53098492234128e-07,0,2832071
"63",NA,2,0,3,0,0,NA,NA,1.05929547670238e-06,0,2832071
"64",NA,5,0,8,0,0,NA,NA,2.82478793787303e-06,0,2832071
"65",NA,3,0,11,0,0,NA,NA,3.88408341457541e-06,0,2832071
"66",NA,1,0,12,0,0,0,NA,4.23718190680954e-06,0,2832071
"67",NA,3,0,15,0,0,0,NA,5.29647738351192e-06,0,2832071
"68",NA,3,0,18,0,0,0,NA,6.35577286021431e-06,0,2832071
"69",NA,6,0,24,0,0,0,NA,8.47436381361908e-06,0,2832071
"70",NA,238,0,262,0,0,0,NA,9.25118049653416e-05,0,2832071
"71",NA,58,0,320,0,0,0,NA,0.000112991517514921,0,2832071
"72",NA,17,0,337,0,0,0,NA,0.000118994191882901,0,2832071
"73",NA,64,0,401,0,0,0,NA,0.000141592495385885,0,2832071
"74",NA,38,0,439,0,0,0,NA,0.000154657139598548,0,2832071
"75",NA,3,0,442,0,0,0,NA,0.000155010238090782,0,2832071
"76",NA,10,0,452,0,0,0,NA,0.000156775730551953,0,2832071
"77",NA,8,0,460,0,0,0,NA,0.000158541223013124,0,2832071
"78",NA,10,0,470,0,0,0,NA,0.000161719109443231,0,2832071
"79",NA,11,0,481,0,0,0,NA,0.000164543897381104,0,2832071
"80",NA,13,0,494,0,0,0,NA,0.000168074882303445,0,2832071
"81",NA,7,0,501,0,0,0,NA,0.000168427980795679,0,2832071
"82",NA,25,0,526,0,0,0,NA,9.32180019498099e-05,0,2832071
"83",NA,11,0,537,0,0,0,NA,7.66223728148058e-05,0,2832071
"84",NA,12,0,549,0,0,0,NA,7.48568803536352e-05,0,2832071
"85",NA,13,0,562,0,0,0,NA,5.68488572496947e-05,0,2832071
"86",NA,28,1,590,1,4.21238371721341e-05,5.95480913403037e-06,0.00029798060998531,5.33178723273534e-05,0,2832071
"87",NA,44,0,634,1,4.30728079384555e-05,6.08727993352659e-06,0.000304777635325249,6.77949105089526e-05,0,2832071
"88",NA,59,0,693,1,4.48620521758708e-05,6.33864362382453e-06,0.000317513311186316,8.50967366284249e-05,0,2832071
"89",NA,88,1,781,2,9.62212425507351e-05,3.62153675934915e-05,0.0002556518995453,0.000113344616007155,0,2832071
"90",NA,54,0,835,2,9.74774758154966e-05,3.66790859092444e-05,0.000259053846512733,0.000128880949665457,0,2832071
"91",NA,114,1,949,3,0.000156628683888455,8.1684981525899e-05,0.000300331152169647,0.000165250094365572,0,2832071
"92",NA,0,0,949,3,0.000146852958876105,7.65665726017088e-05,0.000281660662060059,0.000160659813966528,0,2832071
"93",NA,376,0,1325,3,0.000191600516329192,9.98711527120195e-05,0.000367581196979562,0.000290953157600922,0,2832071
"94",NA,279,1,1604,4,0.000286824292831537,0.00017598642970431,0.00046746885595973,0.00038064017462839,0,2832071
"95",NA,228,0,1832,4,0.000298112318924184,0.000182855621586917,0.000486017076877845,0.000457262547443196,0,2832071
"96",NA,225,2,2057,6,0.000449273169419131,0.000324362912397015,0.000622285634532886,0.000532472526289065,0,2832071
"97",NA,153,0,2210,6,0.00042790784764289,0.000308839995765626,0.000592880224662763,0.000581906315201843,0,2832071
"98",NA,166,0,2376,6,0.000407131569636163,0.000293761360855918,0.000564254313472167,0.000630633907130153,0,2832071
"99",NA,136,0,2512,6,0.000382485366701587,0.000275911091019124,0.000530225353393668,0.000663118968415693,0,2832071
"100",NA,216,0,2728,6,0.000371638412795962,0.000268031455054648,0.000515294407655781,0.000718555431696451,0,2832071
"101",NA,251,1,2979,7,0.000426631312961565,0.000322336959891445,0.000564670825401487,0.000776110485930614,0,2832071
"102",NA,252,0,3231,7,0.000419066824327097,0.000316574993684421,0.000554740604138375,0.000846023987392971,0,2832071
"103",NA,197,0,3428,7,0.000404069145215191,0.000305205965045316,0.000534956366566077,0.000875331162248404,0,2832071
"104",NA,283,0,3711,7,0.000398892744108833,0.000301261767442986,0.000528163339985676,0.000975258035550662,0,2832071
"105",NA,392,0,4103,7,0.00040358926565493,0.000304778270367631,0.000534435395133028,0.000980907611426408,0,2832071
"106",NA,560,0,4663,7,0.000420502699659854,0.000317522383283451,0.000556882064794078,0.0010801282877442,0,2832071
"107",NA,345,1,5008,8,0.00047265615405063,0.000369585580733424,0.000604471201280632,0.00112144081133559,0,2832071
"108",NA,440,0,5448,8,0.000469958692195711,0.000367447799764663,0.000601068158556825,0.00119735698716593,0,2832071
"109",NA,567,1,6015,9,0.000533451125128671,0.00042857034939028,0.000663998578776854,0.00134353976295086,0,2832071
"110",NA,518,0,6533,9,0.000529517139926236,0.00042538224350547,0.000659144582916882,0.00146783043221727,0,2832071
"111",NA,608,1,7141,10,0.000587695714183551,0.000482485204165587,0.000715848381437989,0.00163449292055178,0,2832071
"112",NA,623,0,7764,10,0.000584072708886807,0.000479484843182421,0.000711473853901539,0.00177820400689107,0,2832071
"113",NA,761,0,8525,10,0.000586465197705749,0.00048142519325325,0.000714423409784281,0.00195828423793048,0,2832071
"114",NA,833,0,9358,10,0.000588894415857209,0.000483397579165204,0.000717414914709955,0.0021634344619185,0,2832071
"115",NA,929,0,10287,10,0.000592081256456178,0.000485993493137704,0.000721326970827151,0.00242190255823389,0,2832071
"116",NA,957,0,11244,10,0.000591626937467952,0.000485602220749975,0.000720800725740351,0.00265989094199969,0,2832071
"117",NA,677,0,11921,10,0.000573164858038384,0.000470432354388615,0.000698331973609916,0.00276052401228642,0,2832071
"118",NA,643,0,12564,10,0.000552458697809939,0.000453423247126514,0.00067312519752807,0.00278983118714185,0,2832071
"119",NA,845,0,13409,10,0.000540823529854218,0.000443861462780395,0.000658967076375108,0.00296638043325891,0,2832071
"120",NA,687,2,14096,12,0.000628109913820653,0.000532603249893641,0.000740742877401841,0.00305359576084074,0,2832071
"121",NA,776,0,14872,12,0.000612342334846507,0.000519221985915308,0.000722163439177696,0.00312739334571767,0,2832071
"122",NA,679,0,15551,12,0.000593869035277348,0.000503548367442393,0.000700390377298949,0.00318424220296737,0,2832071
"123",NA,640,0,16191,12,0.000575567578078448,0.000488022128482082,0.000678817655186004,0.00319554135471886,0,2832071
"124",NA,951,0,17142,12,0.000569383833043985,0.000482771754539601,0.000671534625386348,0.00331135766017166,0,2832071
"125",NA,830,0,17972,12,0.000559606262429235,0.000474475208762943,0.000660011657440416,0.00333572145613581,0,2832071
"126",NA,918,0,18890,12,0.000552728783335511,0.000468638367475131,0.000651908015072554,0.00336573482797571,0,2832071
"127",NA,1311,0,20201,12,0.000556587251242968,0.000471904670874168,0.000656465992744554,0.00350061845200915,0,2832071
"128",NA,1130,1,21331,13,0.000600265787229576,0.000515367187593498,0.000699150089474747,0.00356170449116565,0,2832071
"129",NA,1189,1,22520,14,0.000643677028230144,0.00055861694342341,0.000741689133401655,0.00374249091918953,0,2832071
"130",NA,1103,0,23623,14,0.000637052265869426,0.000552862742667663,0.000734062106430143,0.00390491622561723,0,2832071
"131",NA,1526,0,25149,14,0.000640257241120413,0.000555639573496853,0.000737761229329439,0.00414537629882867,0,2832071
"132",NA,1390,0,26539,14,0.000638173701000466,0.000553827120691666,0.000735366069000024,0.00439360453886926,0,2832071
"133",NA,1733,0,28272,14,0.000642245417150744,0.000557356628337606,0.000740063282429079,0.00473151979593732,0,2832071
"134",NA,1153,0,29425,14,0.000631449547166088,0.000547983932330034,0.000727628142162598,0.0048988884812563,0,2832071
"135",NA,1547,1,30972,15,0.000672838524201287,0.000589373523199852,0.000768123544456976,0.00521914881371265,0,2832071
"136",NA,1632,0,32604,15,0.000669765029337574,0.000586677753056463,0.000764619405093394,0.00545960888692409,0,2832071
"137",NA,1365,0,33969,15,0.000660361219955421,0.000578437269223549,0.000753888042875191,0.00564851658026935,0,2832071
"138",NA,1637,0,35606,15,0.000655626527597857,0.000574286948010826,0.000748486701950817,0.00590239439618569,0,2832071
"139",NA,1491,1,37097,16,0.000690902485921621,0.00061014605562028,0.000782347506233409,0.00596595212478783,0,2832071
"140",NA,1554,1,38651,17,0.000726058103668397,0.00064582661916538,0.000816256800600465,0.0061156658854951,0,2832071
"141",NA,1830,2,40481,19,0.000807805530942415,0.000727311177088845,0.00089720850768865,0.00634200201901718,0,2832071
"142",NA,1732,2,42213,21,0.000885907766253631,0.000805502712912258,0.000974338829314395,0.00656410097063244,0,2832071
"143",NA,1501,2,43714,23,0.000956922120871539,0.000877158785042355,0.00104393863577285,0.00655527350832659,0,2832071
"144",NA,1751,3,45465,26,0.0010725600975147,0.000992869344528756,0.0011586470758917,0.00668274206402311,0,2832071
"145",NA,1742,2,47207,28,0.00114468614061544,0.00106535420441984,0.00122992555441278,0.00668591995045322,0,2832071
"146",NA,1740,2,48947,30,0.00121505825981016,0.00113613549229324,0.00129946347486505,0.00689318876539465,0,2832071
"147",NA,1967,3,50914,33,0.0013298004877445,0.00125082848208748,0.00141375845092231,0.00704149013213299,0,2832071
"148",NA,1993,3,52907,36,0.00144326498649111,0.00136428707887028,0.00152681488631854,0.00716895868782951,0,2832071
"149",NA,2355,0,55262,36,0.00144437131895913,0.0013653295518895,0.00152798897829801,0.00751852619514129,0,2832071
"150",NA,1648,2,56910,38,0.00150507260052732,0.0014267883470892,0.00158765211215763,0.00752241027855587,0,2832071
"151",NA,1523,2,58433,40,0.00156011025971011,0.00148277915468493,0.00164147439944954,0.00753370943030736,0,2832071
"152",NA,1826,3,60259,43,0.00166039335561698,0.00158349231303903,0.00174102903605889,0.00762975222019504,0,2832071
"153",NA,1901,2,62160,45,0.00172295457696679,0.00164648502679108,0.00180297568820071,0.00765482221314367,0,2832071
"154",NA,1581,0,63741,45,0.00170027597004247,0.00162481007384686,0.00177924695374356,0.00760150434081631,0,2832071
"155",NA,1754,4,65495,49,0.00183284524042985,0.00175773103062274,0.00191116935233041,0.00769083825935155,0,2832071
"156",NA,1700,2,67195,51,0.00188792130125225,0.00181338944854157,0.00196551647666671,0.00767283023624761,0,2832071
"157",NA,1595,3,68790,54,0.00197629587078352,0.00190232968464769,0.00205313800252206,0.00762092475788919,0,2832071
"158",NA,1368,3,70158,57,0.0020570133590751,0.00198380962520565,0.00213291835348102,0.0074895721187781,0,2832071
"159",NA,1721,5,71879,62,0.00221902042008634,0.00214599130293964,0.00229453475324669,0.0074027098896885,0,2832071
"160",NA,1716,4,73595,66,0.00234408180508353,0.00227128164816178,0.00241921538589048,0.00730490160733965,0,2832071
"161",NA,1476,3,75071,69,0.00242529363921448,0.00235300487297958,0.00249980325326136,0.00699452803266585,0,2832071
"162",NA,1517,1,76588,70,0.00243768332155909,0.00236598273077589,0.00251155678311254,0.00694827213018318,0,2832071
"163",NA,1828,0,78416,70,0.0024261455200815,0.0023547820045012,0.00249967176297424,0.00705596717031459,0,2832071
"164",NA,1186,3,79602,73,0.00249879648165054,0.00242808611524065,0.00257156606494176,0.00682998413528474,0,2832071
"165",NA,1274,3,80876,76,0.0025736160033532,0.00250343808688419,0.00264576119034739,0.00660859138065395,0,2832071
"166",NA,1201,4,82077,80,0.00267962028009013,0.00260991294252774,0.00275118940883753,0.00647441395360498,0,2832071
"167",NA,1097,2,83174,82,0.00271560650240698,0.00264654200879791,0.00278647331174035,0.00624242824420715,0,2832071
"168",NA,1267,4,84441,86,0.0028241414686805,0.0027553762764594,0.00289462281549783,0.00608953659706978,0,2832071
"169",NA,1021,7,85462,93,0.00302210819993565,0.00295358306542813,0.00309222316413654,0.00588685806252739,0,2832071
"170",NA,1026,1,86488,94,0.00302536995514599,0.00295743202207974,0.00309486855392319,0.00576609837818332,0,2832071
"171",NA,881,4,87369,98,0.00312131537442205,0.00305381900106102,0.00319030357176326,0.00546949564470665,0,2832071
"172",NA,1034,1,88403,99,0.00312846950845418,0.00306143517996907,0.00319697164564053,0.00522868247300297,0,2832071
"173",NA,1176,0,89579,99,0.00311134310598153,0.00304467420274977,0.00317947185100987,0.00512275292533273,0,2832071
"174",NA,1199,5,90778,104,0.00325342048766105,0.00318673745150172,0.00332149887796521,0.00501046760480228,0,2832071
"175",NA,1060,2,91838,106,0.00329720765644125,0.00323077430421859,0.00336500705589345,0.00473928796276647,0,2832071
"176",NA,946,3,92784,109,0.00336852357264941,0.0033023320763314,0.00343604180234359,0.00465454432463028,0,2832071
"177",NA,879,1,93663,110,0.00337637946483698,0.00331057337324237,0.00344349362038388,0.0045150704201978,0,2832071
"178",NA,750,0,94413,110,0.00335049318610447,0.00328519033948962,0.00341709411938564,0.00435582300020021,0,2832071
"179",NA,693,3,95106,113,0.00341528847316723,0.00335030597969287,0.0034815313662838,0.00421317120933762,0,2832071
"180",NA,982,0,96088,113,0.00340117825877464,0.00333646307715521,0.00346714867824182,0.00411253813905089,0,2832071
"181",NA,915,2,97003,115,0.00344645987670187,0.00338190201016197,0.00351225010246438,0.00407510969887407,0,2832071
"182",NA,894,3,97897,118,0.00352181922586486,0.0034573464479547,0.00358749429551928,0.00402850069789917,0,2832071
"183",NA,756,3,98653,121,0.00359270613036194,0.00352838736595679,0.0036581973577156,0.0039843633863699,0,2832071
"184",NA,530,2,99183,123,0.00362622061882866,0.00356223896695102,0.00369135145014513,0.0038064017462839,0,2832071
"185",NA,616,5,99799,128,0.00375173714008585,0.00368783466453638,0.00381674691212575,0.00360866659063279,0,2832071
"186",NA,546,5,100345,133,0.0038748345757323,0.00381102764853338,0.00393970980375034,0.00337809327520391,0,2832071
"187",NA,600,1,100945,134,0.00388448373683413,0.00382093717980854,0.00394908714580984,0.00321566796877621,0,2832071
"188",NA,608,4,101553,138,0.00398267405258184,0.00391918154799987,0.00404719516430759,0.00309632067840107,0,2832071
"189",NA,557,4,102110,142,0.004079623282839,0.00401619081033865,0.00414405761973214,0.00298262296390168,0,2832071
"190",NA,520,4,102630,146,0.00417574828374041,0.00411237519686088,0.00424009797123355,0.00290141031068783,0,2832071
"191",NA,498,0,103128,146,0.00415770674566934,0.00409460666745072,0.00422177922983426,0.00283255610470218,0,2832071
"192",NA,470,1,103598,147,0.00416848234534706,0.00410559289256865,0.0042323351384698,0.0026517696766783,0,2832071
"193",NA,418,2,104016,149,0.00420671103874361,0.00414398569314635,0.00427038582511399,0.00247627972603794,0,2832071
