"","date","cases","deaths","cum_cases","cum_deaths","p_cases","p_cases_low","p_cases_high","p_cases_active","p_cases_active_undetected","population"
"1",NA,0,0,0,0,NA,NA,NA,0,0,34453
"2",NA,0,0,0,0,NA,NA,NA,0,0,34453
"3",NA,0,0,0,0,NA,NA,NA,0,0,34453
"4",NA,0,0,0,0,NA,NA,NA,0,0,34453
"5",NA,0,0,0,0,NA,NA,NA,0,0,34453
"6",NA,0,0,0,0,NA,NA,NA,0,0,34453
"7",NA,0,0,0,0,NA,NA,NA,0,0,34453
"8",NA,0,0,0,0,NA,NA,NA,0,0,34453
"9",NA,0,0,0,0,NA,NA,NA,0,0,34453
"10",NA,0,0,0,0,NA,NA,NA,0,0,34453
"11",NA,0,0,0,0,NA,NA,NA,0,0,34453
"12",NA,0,0,0,0,NA,NA,NA,0,0,34453
"13",NA,0,0,0,0,NA,NA,NA,0,0,34453
"14",NA,0,0,0,0,NA,NA,NA,0,0,34453
"15",NA,0,0,0,0,NA,NA,NA,0,0,34453
"16",NA,0,0,0,0,NA,NA,NA,0,0,34453
"17",NA,0,0,0,0,NA,NA,NA,0,0,34453
"18",NA,0,0,0,0,NA,NA,NA,0,0,34453
"19",NA,0,0,0,0,NA,NA,NA,0,0,34453
"20",NA,0,0,0,0,NA,NA,NA,0,0,34453
"21",NA,0,0,0,0,NA,NA,NA,0,0,34453
"22",NA,0,0,0,0,NA,NA,NA,0,0,34453
"23",NA,0,0,0,0,NA,NA,NA,0,0,34453
"24",NA,0,0,0,0,NA,NA,NA,0,0,34453
"25",NA,0,0,0,0,NA,NA,NA,0,0,34453
"26",NA,0,0,0,0,NA,NA,NA,0,0,34453
"27",NA,0,0,0,0,NA,NA,NA,0,0,34453
"28",NA,0,0,0,0,NA,NA,NA,0,0,34453
"29",NA,0,0,0,0,NA,NA,NA,0,0,34453
"30",NA,0,0,0,0,NA,NA,NA,0,0,34453
"31",NA,0,0,0,0,NA,NA,NA,0,0,34453
"32",NA,0,0,0,0,NA,NA,NA,0,0,34453
"33",NA,0,0,0,0,NA,NA,NA,0,0,34453
"34",NA,0,0,0,0,NA,NA,NA,0,0,34453
"35",NA,0,0,0,0,NA,NA,NA,0,0,34453
"36",NA,0,0,0,0,NA,NA,NA,0,0,34453
"37",NA,0,0,0,0,NA,NA,NA,0,0,34453
"38",NA,0,0,0,0,NA,NA,NA,0,0,34453
"39",NA,0,0,0,0,NA,NA,NA,0,0,34453
"40",NA,0,0,0,0,NA,NA,NA,0,0,34453
"41",NA,0,0,0,0,NA,NA,NA,0,0,34453
"42",NA,0,0,0,0,NA,NA,NA,0,0,34453
"43",NA,0,0,0,0,NA,NA,NA,0,0,34453
"44",NA,0,0,0,0,NA,NA,NA,0,0,34453
"45",NA,0,0,0,0,NA,NA,NA,0,0,34453
"46",NA,0,0,0,0,NA,NA,NA,0,0,34453
"47",NA,0,0,0,0,NA,NA,NA,0,0,34453
"48",NA,0,0,0,0,NA,NA,NA,0,0,34453
"49",NA,0,0,0,0,NA,NA,NA,0,0,34453
"50",NA,0,0,0,0,NA,NA,NA,0,0,34453
"51",NA,0,0,0,0,NA,NA,NA,0,0,34453
"52",NA,0,0,0,0,NA,NA,NA,0,0,34453
"53",NA,0,0,0,0,NA,NA,NA,0,0,34453
"54",NA,0,0,0,0,NA,NA,NA,0,0,34453
"55",NA,0,0,0,0,NA,NA,NA,0,0,34453
"56",NA,0,0,0,0,NA,NA,NA,0,0,34453
"57",NA,0,0,0,0,NA,NA,NA,0,0,34453
"58",NA,0,0,0,0,NA,NA,NA,0,0,34453
"59",NA,0,0,0,0,NA,NA,NA,0,0,34453
"60",NA,1,0,1,0,NA,NA,NA,2.90250486169564e-05,0,34453
"61",NA,0,0,1,0,0,NA,NA,2.90250486169564e-05,0,34453
"62",NA,0,0,1,0,0,NA,NA,2.90250486169564e-05,0,34453
"63",NA,7,1,8,1,0,NA,NA,0.000232200388935651,0,34453
"64",NA,2,0,10,1,0,NA,NA,0.000290250486169564,0,34453
"65",NA,5,0,15,1,0,NA,NA,0.000435375729254347,0,34453
"66",NA,7,0,22,1,0.0318486753237023,0.0317885542760302,0.031908910077092,0.0105690451504324,0.00993049408085932,34453
"67",NA,1,0,23,1,0.0192772827937224,0.00520891293955355,0.0713418780888661,0.0114071878805942,0.0107396117624042,34453
"68",NA,3,0,26,1,0.0139946684236591,0.00321165678602633,0.0609812185225684,0.0130219573140933,0.0122673060500525,34453
"69",NA,11,0,37,1,0.0140946446026388,0.00274717217604551,0.0723139991759306,0.0172122570608238,0.0161383302619964,34453
"70",NA,12,1,49,2,0.0277849725104371,0.0137715631370128,0.0560578846224713,0.0240167401246043,0.0225945127423734,34453
"71",NA,13,0,62,2,0.0265082408634938,0.012080180894913,0.0581685688144708,0.0295749196604981,0.0277753666462468,34453
"72",NA,4,1,66,3,0.0321269665051841,0.0193994004209652,0.053204839037694,0.0314929834909833,0.0296063553308811,34453
"73",NA,1,2,67,5,0.0420814963207256,0.031849215508734,0.0556011287658129,0.0321210655256209,0.0302054123169018,34453
"74",NA,6,0,73,5,0.0367965042759779,0.0272443643807313,0.0496977175907128,0.0351454357400849,0.033055632239664,34453
"75",NA,19,0,92,5,0.0385487285542815,0.0281186659429556,0.0528476164611201,0.0429034108620635,0.0404653067782391,34453
"76",NA,6,2,98,7,0.0486923350688611,0.0392113194565878,0.0604657922078648,0.0458265241363925,0.0432723198581003,34453
"77",NA,4,2,102,9,0.0556631003239699,0.0472593342356898,0.0655612438851597,0.0478642655726791,0.0453390863430038,34453
"78",NA,2,2,104,11,0.0600409228839076,0.0526652089665378,0.068449598729245,0.0388852292838839,0.0365051752972935,34453
"79",NA,5,3,109,14,0.0704751000808917,0.0638143865376319,0.0778310346755863,0.0412798893097263,0.038783735128668,34453
"80",NA,17,0,126,14,0.0728422979692688,0.0656829042008607,0.0807820609944074,0.049493048967319,0.0465905441056233,34453
"81",NA,25,0,151,14,0.0788014424396028,0.0708129439595184,0.0876911336169262,0.0583493456509863,0.0550404901086533,34453
"82",NA,0,6,151,20,0.101579187046691,0.094827578545076,0.108811501879295,0.0515448625872058,0.0485843076282763,34453
"83",NA,0,0,151,20,0.0915695266763091,0.085252278385368,0.0983548871013212,0.045986683051312,0.0434034537244028,34453
"84",NA,36,0,187,20,0.102979348090813,0.0956244408057395,0.110899954487079,0.063864495408944,0.0603524645262923,34453
"85",NA,0,1,187,21,0.0986402967271261,0.091797987391206,0.10599260849751,0.0632364133743063,0.0597534075402715,34453
"86",NA,21,0,208,21,0.100100000612337,0.0929676156264156,0.107779575232462,0.0703182932216649,0.0663999116583757,34453
"87",NA,10,0,218,21,0.095994182351665,0.0890025269747391,0.103535072077,0.0667605456195357,0.0631033894937992,34453
"88",NA,5,0,223,21,0.090064662352451,0.0833698478553786,0.0972970877760534,0.065798769296234,0.0621706382191145,34453
"89",NA,1,1,224,22,0.0873315850963993,0.0810610344428977,0.0940871999458905,0.0640057757646144,0.0604647198333457,34453
"90",NA,5,2,229,24,0.0903811499141975,0.0844189638770455,0.0967644221707136,0.0648245301849433,0.0611963991078238,34453
"91",NA,0,1,229,25,0.0880550367273034,0.0824324452289775,0.0940611366253768,0.0615917274289391,0.0581087215949044,34453
"92",NA,1,1,230,26,0.0866726424975729,0.0813191409082537,0.0923785823805919,0.0521406359139237,0.0491220308577602,34453
"93",NA,6,0,236,26,0.0844149778354802,0.0791449670650775,0.0900359018041577,0.0412401829878178,0.0387730538553765,34453
"94",NA,9,4,245,30,0.0965595981543268,0.0913947089961618,0.102016365040526,0.0447872702669563,0.0420589156969624,34453
"95",NA,6,2,251,32,0.101167375027307,0.0960984663718545,0.106503653557923,0.047205613893107,0.0443031090314114,34453
"96",NA,8,0,259,32,0.100338216882137,0.0952658612511395,0.105680646087335,0.0304799625986783,0.0283901590982575,34453
"97",NA,7,0,266,32,0.0992317703578816,0.0941799792148135,0.10455453834726,0.0330913249765173,0.0307983461357778,34453
"98",NA,11,0,277,32,0.0996418991226919,0.0945306896507434,0.105029468180746,0.0269419734358126,0.0249392450812426,34453
"99",NA,2,2,279,34,0.102911233500197,0.0979476690193149,0.108126329973647,0.0232762855111297,0.0215057575454954,34453
"100",NA,29,0,308,34,0.109736585372584,0.104407081854138,0.115338135645415,0.031589239293404,0.0291221101609627,34453
"101",NA,25,0,333,34,0.114579233899811,0.108978771611806,0.120467506165626,0.0398014107327251,0.0366376804334769,34453
"102",NA,11,0,344,34,0.113950049237301,0.108342522110559,0.119847807381972,0.041471774754462,0.038133894163512,34453
"103",NA,12,1,356,35,0.116488878141346,0.110898727442485,0.122360815525742,0.0453983661524849,0.0417121849781314,34453
"104",NA,0,0,356,35,0.111627271926023,0.106231037812587,0.117297619360825,0.0450215285764085,0.041364372450672,34453
"105",NA,0,1,356,36,0.110096795271101,0.104901938835258,0.115548906565039,0.0428753850721166,0.0393923792380818,34453
"106",NA,16,0,372,36,0.110621032702814,0.10536837848139,0.116135533758814,0.044086191672669,0.0404000104983155,34453
"107",NA,20,0,392,36,0.11240063840535,0.107035432199202,0.118034778337864,0.0474025744957708,0.0433100426407799,34453
"108",NA,34,2,426,38,0.124449349294367,0.118816898961239,0.130348802865524,0.0542359017271942,0.0493887186081625,34453
"109",NA,9,1,435,39,0.12572854930648,0.12016679272392,0.131547724228854,0.0542258196798341,0.0493205864635685,34453
"110",NA,20,0,455,39,0.126524406759846,0.120896328902897,0.132414488108971,0.0558304335437646,0.0506639748899463,34453
"111",NA,6,0,461,39,0.123233997112758,0.117721707109031,0.129004398741193,0.0566966318028054,0.0514140729545193,34453
"112",NA,1,0,462,39,0.118736864880156,0.11339849528805,0.124326544596171,0.0466212971733092,0.0421514396862979,34453
"113",NA,14,1,476,40,0.120842305234688,0.11552863135347,0.126400378532614,0.0415734380343153,0.0374228560820906,34453
"114",NA,12,0,488,40,0.119598707803921,0.11431603267838,0.12512550141248,0.0408706382911107,0.036691031290269,34453
"115",NA,13,0,501,40,0.118741204439742,0.113474484509517,0.124252369973252,0.0400251559903266,0.0358165239408679,34453
"116",NA,12,0,513,40,0.117734980899075,0.112492581806687,0.123221687196458,0.0427791906312407,0.0382222579983785,34453
"117",NA,0,0,513,40,0.114123621533158,0.109025080486332,0.11946059506442,0.0427791906312407,0.0382222579983785,34453
"118",NA,25,1,538,41,0.119080167570206,0.113878058411465,0.124519916359241,0.04355476178734,0.0387366037169253,34453
"119",NA,0,0,538,41,0.115735798235882,0.110664533119421,0.121039456958102,0.0378200353380875,0.0335823782400118,34453
"120",NA,15,0,553,41,0.115709242464153,0.110624703603245,0.121027477186708,0.0310260452113067,0.0273398640369533,34453
"121",NA,10,0,563,41,0.114707760670583,0.109653663005024,0.119994809087744,0.0304622029033959,0.0267469966804255,34453
"122",NA,6,0,569,41,0.112978065700361,0.107987496634227,0.118199270538044,0.0260920233728331,0.0227831678305,34453
"123",NA,11,0,580,41,0.112333767931479,0.107359673639172,0.117538317600466,0.0266185781908005,0.0231645974053827,34453
"124",NA,0,0,580,41,0.109686875731278,0.104818847301363,0.114780986601562,0.0263615719897612,0.0229366162529604,34453
"125",NA,2,0,582,41,0.107597338520163,0.102812562567923,0.112604792327533,0.0231771368458752,0.0201004816924778,34453
"126",NA,0,0,582,41,0.105356349805573,0.100662333933034,0.110269253758198,0.0202361850146312,0.0175078304446373,34453
"127",NA,7,0,589,41,0.104593112144792,0.0999246348407371,0.109479700632073,0.0183981179972116,0.0158439137189195,34453
"128",NA,19,0,608,41,0.106088371189752,0.101346534310135,0.111052070781753,0.0189593449559773,0.0162019653373665,34453
"129",NA,14,0,622,41,0.106728615292824,0.101950923531841,0.111730202412204,0.0213615967471342,0.0181978664478859,34453
"130",NA,1,0,623,41,0.105109244961097,0.100397919244517,0.110041656833394,0.0159968463902542,0.0135297172578129,34453
"131",NA,14,0,637,41,0.10566204764106,0.100919243762261,0.110627744476585,0.0183190891955522,0.0154456093824735,34453
"132",NA,-9,0,628,41,0.10243939334492,0.097834969227074,0.107260516273268,0.0137124216707311,0.0115355430244593,34453
"133",NA,0,0,628,41,0.100797336757394,0.0962614059555219,0.105547005017546,0.011674983648163,0.00978835548806082,34453
"134",NA,10,0,638,41,0.100902369417552,0.0963565494971552,0.105662647813854,0.0120651926340781,0.0100624642795081,34453
"135",NA,5,0,643,41,0.100327524576044,0.0958026179714422,0.10506614955509,0.0107148764456595,0.00888629838279129,34453
"136",NA,5,0,648,41,0.0998221923622786,0.0953158539738936,0.104541581201601,0.0114851094114179,0.00951140610546483,34453
"137",NA,4,0,652,41,0.0992160262533666,0.0947329589294102,0.103911246695501,0.0117240463848529,0.00969229298166593,34453
"138",NA,1,0,653,41,0.0982079017391672,0.0937669923094463,0.102859137596955,0.0118744413339175,0.00981366288211355,34453
"139",NA,1,0,654,41,0.0972661022584451,0.0928639467200335,0.101876939142727,0.0107801241810989,0.00889349602099671,34453
"140",NA,0,0,654,41,0.0962557978897854,0.0918961878984991,0.100822230380577,0.00746486258141914,0.00612971034503914,34453
"141",NA,1,0,655,41,0.0954791561103039,0.0911516317076695,0.100012134514195,0.00520838049424752,0.00425055388988796,34453
"142",NA,1,0,656,41,0.0947871666190501,0.0904884969785223,0.0992900452065205,0.00518415844737849,0.00422633184301892,34453
"143",NA,2,0,658,41,0.0943149423228576,0.0900352332857009,0.0987980818257809,0.00314858719929279,0.00253906117833671,34453
"144",NA,3,0,661,41,0.0940477620716591,0.0897782474137627,0.0985203187351539,0.00504351077280121,0.00408568416844165,34453
"145",NA,4,1,665,42,0.0962593065676345,0.0919920918039544,0.100724463583548,0.00562251412057646,0.00454858732174907,34453
"146",NA,0,0,665,42,0.0956293391248128,0.0913881380897762,0.100067368616973,0.00404097228017596,0.00325729596751814,34453
"147",NA,1,0,666,42,0.0951720610150116,0.0909492612984833,0.0995909265070209,0.003403721448616,0.002736145330426,34453
"148",NA,0,0,666,42,0.094608470462758,0.0904088333857966,0.0990031874994721,0.00263348848285768,0.00211103760775246,34453
"149",NA,1,0,667,42,0.094227202584849,0.0900431279074936,0.0986057005492727,0.00216607137402254,0.00173069564476819,34453
"150",NA,3,0,670,42,0.0941672214376045,0.0899840156213723,0.0985448974692425,0.00243732070005172,0.00194389487356346,34453
"151",NA,1,0,671,42,0.0938557177209815,0.0896850233072477,0.0982203652748418,0.00242847016607784,0.00193504433958958,34453
"152",NA,0,0,671,42,0.093426432595972,0.0892739410662057,0.0977720732765301,0.00242847016607784,0.00193504433958958,34453
"153",NA,0,0,671,42,0.0930218924876901,0.0888860872558164,0.0973501337401388,0.00228270046209264,0.00181829968422134,34453
"154",NA,16,0,687,42,0.0948559636551076,0.0906373073177187,0.0992709746925607,0.00434737146685158,0.00344759495972593,34453
"155",NA,0,0,687,42,0.0944674965914687,0.0902652558905367,0.0988653698947165,0.00406069990963925,0.00321897349974751,34453
"156",NA,0,0,687,42,0.094036845558765,0.0898524858065419,0.0984160676609706,0.00363385681400388,0.00287920554996301,34453
"157",NA,0,0,687,42,0.0935930340009496,0.0894271644422849,0.0979529661723343,0.00305485346622864,0.0024163023966556,34453
"158",NA,0,0,687,42,0.0931621648538628,0.0890142327330748,0.0975033845012676,0.00305485346622864,0.0024163023966556,34453
"159",NA,0,0,687,42,0.0927581486720445,0.0886269808632734,0.0970818825289647,0.0029119524737136,0.00230242645275752,34453
"160",NA,0,0,687,42,0.0923865760139229,0.0882707489651818,0.0966943129817906,0.0029119524737136,0.00230242645275752,34453
"161",NA,0,0,687,42,0.0920484332183863,0.0879468741847503,0.096341275758825,0.00277068230492073,0.0021901813325816,34453
"162",NA,1,0,688,42,0.0918759349385455,0.0877812722487608,0.0961615980788091,0.00248257863293533,0.00196012775783011,34453
"163",NA,3,0,691,42,0.0919965015223927,0.0878952879633727,0.0962890786123416,0.00274211017994786,0.00216160920760873,34453
"164",NA,0,0,691,42,0.0917328546910654,0.0876430055037467,0.0960135561463874,0.00274211017994786,0.00216160920760873,34453
"165",NA,3,0,694,42,0.0918752049087635,0.087778233370383,0.0961633989762586,0.00313926524439496,0.00247168912620497,34453
"166",NA,0,0,694,42,0.0916262432242181,0.0875396045562092,0.0959036597200174,0.000930101607594788,0.000726926267276093,34453
"167",NA,0,0,694,42,0.0913812726313314,0.0873047975506733,0.0956480883295664,0.000930101607594788,0.000726926267276093,34453
"168",NA,0,0,694,42,0.0911468750003217,0.0870801003778214,0.0954035742526565,0.000930101607594788,0.000726926267276093,34453
"169",NA,0,0,694,42,0.0909277769577862,0.0868704026466404,0.0951746552403562,0.000930101607594788,0.000726926267276093,34453
"170",NA,2,0,696,42,0.0909873307613403,0.086926551160391,0.0952378099505899,0.00119155945461013,0.000930334017057525,34453
"171",NA,0,0,696,42,0.0907980517044107,0.086745348151327,0.0950400957401741,0.00119155945461013,0.000930334017057525,34453
"172",NA,0,0,696,42,0.0906168650874566,0.0865718789932725,0.0948508491876031,0.00119155945461013,0.000930334017057525,34453
"173",NA,0,0,696,42,0.0904459880471535,0.0864078949321159,0.0946727930387914,0.00119155945461013,0.000930334017057525,34453
"174",NA,0,0,696,42,0.0902872952533433,0.0862559221280975,0.0945070840707988,0.00105801885150178,0.000825818462566131,34453
"175",NA,2,0,698,42,0.0904003630327392,0.086363576909052,0.0946258356697879,0.000917639739636489,0.000714464399317794,34453
"176",NA,0,0,698,42,0.0902623454416254,0.0862313595875568,0.0944817644484753,0.000917639739636489,0.000714464399317794,34453
"177",NA,0,0,698,42,0.0901276723899743,0.0861023396002798,0.0943411917509398,0.000520484675189384,0.000404384480721558,34453
"178",NA,0,0,698,42,0.0899987818686643,0.0859788459918192,0.0942066696105005,0.000520484675189384,0.000404384480721558,34453
"179",NA,0,0,698,42,0.0898778846639628,0.0858629907129469,0.0940805122741962,0.000520484675189384,0.000404384480721558,34453
"180",NA,0,0,698,42,0.0897659179478313,0.0857556689635554,0.0939637008538906,0.000520484675189384,0.000404384480721558,34453
"181",NA,0,0,698,42,0.0896629565176905,0.0856569520843352,0.0938563137709811,0.000520484675189384,0.000404384480721558,34453
"182",NA,0,0,698,42,0.0895686145573667,0.0855668251792135,0.0937575596257487,0.000259026828174038,0.000200976730940126,34453
"183",NA,0,0,698,42,0.0894822944874355,0.0854840083035841,0.093667589829201,0.000259026828174038,0.000200976730940126,34453
"184",NA,0,0,698,42,0.0894033248878157,0.0854082151393566,0.0935853124661907,0.000259026828174038,0.000200976730940126,34453
"185",NA,0,0,698,42,0.089331032753336,0.0853391534776983,0.0935096387482095,0.000259026828174038,0.000200976730940126,34453
"186",NA,15,0,713,42,0.0911830766371885,0.0871080781628989,0.0954487074031743,0.00217732437313593,0.00168389854664767,34453
"187",NA,0,0,713,42,0.0910903609676029,0.0870195059838166,0.0953516544066717,0.00191829754496189,0.00148292181570754,34453
"188",NA,0,0,713,42,0.0909401441399083,0.0868752912212381,0.0951951895634687,0.00191829754496189,0.00148292181570754,34453
"189",NA,0,0,713,42,0.090757241918599,0.0867002110510782,0.0950041166084182,0.00191829754496189,0.00148292181570754,34453
"190",NA,0,0,713,42,0.0905651612640866,0.086516365218037,0.0948034330166248,0.00191829754496189,0.00148292181570754,34453
"191",NA,0,0,713,42,0.0903776275323526,0.0863365166902903,0.0946078886605726,0.00191829754496189,0.00148292181570754,34453
"192",NA,1,0,714,42,0.0903279252851436,0.0862886891761503,0.0945562409652831,0.0020448072442408,0.0015804064663695,34453
"193",NA,0,0,714,42,0.0901635709874931,0.0861309933614783,0.0943849503639021,0.0020448072442408,0.0015804064663695,34453
"194",NA,0,0,714,42,0.0900098545102394,0.0859838084286963,0.0942244133751415,0.0020448072442408,0.0015804064663695,34453
"195",NA,0,0,714,42,0.0898679382622453,0.0858478980196617,0.0940762268361776,0.0020448072442408,0.0015804064663695,34453
"196",NA,0,0,714,42,0.0897383812682011,0.0857237960067304,0.093940976108953,0.0020448072442408,0.0015804064663695,34453
