"","date","cases","deaths","cum_cases","cum_deaths","p_cases","p_cases_low","p_cases_high","p_cases_active","p_cases_active_undetected","population"
"1","2020/03/07",1,0,1,0,NA,NA,NA,1.23726253684104e-07,0,8082359
"2","2020/03/15",0,0,1,0,0,NA,NA,1.23726253684104e-07,0,8082359
"3","2020/03/16",0,0,1,0,0,NA,NA,1.23726253684104e-07,0,8082359
"4","2020/03/17",0,0,1,0,0,NA,NA,1.23726253684104e-07,0,8082359
"5","2020/03/18",0,0,1,0,0,NA,NA,1.23726253684104e-07,0,8082359
"6","2020/03/19",0,0,1,0,0,NA,NA,1.23726253684104e-07,0,8082359
"7","2020/03/20",0,0,1,0,0,NA,NA,1.23726253684104e-07,0,8082359
"8","2020/03/21",8,0,9,0,0,NA,NA,1.11353628315693e-06,0,8082359
"9","2020/03/22",6,0,15,0,0,0,NA,1.85589380526156e-06,0,8082359
"10","2020/03/23",0,0,15,0,0,0,NA,1.85589380526156e-06,0,8082359
"11","2020/03/24",3,0,18,0,0,0,NA,2.22707256631387e-06,0,8082359
"12","2020/03/25",0,0,18,0,0,0,NA,2.22707256631387e-06,0,8082359
"13","2020/03/26",5,0,23,0,0,0,NA,2.72197758105028e-06,0,8082359
"14","2020/03/27",1,0,24,0,0,0,NA,2.84570383473439e-06,0,8082359
"15","2020/03/28",1,1,25,1,3.20020403768308e-05,5.95308855082326e-06,0.000172033488085556,4.12578544980762e-06,1.15635536138913e-06,8082359
"16","2020/03/29",3,0,28,1,2.95396891578093e-05,5.30603716911642e-06,0.000164452906703875,7.29075214528719e-06,3.95014329581639e-06,8082359
"17","2020/03/30",2,0,30,1,2.68194663417271e-05,4.58705628639683e-06,0.000156807270272246,9.078716568069e-06,5.49065521122999e-06,8082359
"18","2020/03/31",4,0,34,1,2.62483873465766e-05,4.34509834523138e-06,0.000158564383025313,1.21667621382545e-05,8.08379576667905e-06,8082359
"19","2020/04/01",0,0,34,1,2.29624098731358e-05,3.75368589602289e-06,0.000140467871257033,1.21667621382545e-05,8.08379576667905e-06,8082359
"20","2020/04/02",2,1,36,2,4.30163637072803e-05,1.83633672135944e-05,0.000100766244288093,1.35667500925194e-05,1.02261412430486e-05,8082359
"21","2020/04/03",3,0,39,2,4.17696237902179e-05,1.75591291811456e-05,9.93615032714574e-05,1.60374405542777e-05,1.30680104658592e-05,8082359
"22","2020/04/04",1,1,40,3,5.81733100702669e-05,3.36863503693437e-05,0.000100460096372184,1.74917733060344e-05,1.43986169639318e-05,8082359
"23","2020/04/05",1,0,41,3,5.44049677327881e-05,3.11630357701237e-05,9.49811352090222e-05,1.84475449774891e-05,1.56018411427547e-05,8082359
"24","2020/04/06",3,0,44,3,5.37240883888507e-05,3.05000876247407e-05,9.46317829877901e-05,2.21105510040017e-05,1.8893668408215e-05,8082359
"25","2020/04/07",14,0,58,3,6.56222789550431e-05,3.69793295732193e-05,0.00011645109700345,3.73317801730054e-05,3.30013612940617e-05,8082359
"26","2020/04/08",7,0,65,3,6.79678570445378e-05,3.80612495148366e-05,0.000121373566294138,4.45276692933484e-05,3.94548928923001e-05,8082359
"27","2020/04/09",5,0,70,3,6.68760487726955e-05,3.7248737843337e-05,0.000120068656238992,4.80244483048963e-05,4.24567668891116e-05,8082359
"28","2020/04/10",3,0,73,3,6.32589827410038e-05,3.49962221387811e-05,0.000114346596657132,4.74591658316497e-05,4.18914844158651e-05,8082359
"29","2020/04/11",3,0,76,3,5.97149692357861e-05,3.28518139286853e-05,0.000108544312304084,4.80283712471227e-05,4.23369635776539e-05,8082359
"30","2020/04/12",0,0,76,3,5.43970182927646e-05,2.97451312194383e-05,9.94796619760632e-05,4.49403256769372e-05,3.97438230222048e-05,8082359
"31","2020/04/13",0,0,76,3,4.99392386607566e-05,2.72046820010615e-05,9.16727333154894e-05,4.49403256769372e-05,3.97438230222048e-05,8082359
"32","2020/04/14",1,0,77,3,4.6913911508079e-05,2.54734537328383e-05,8.64003411579255e-05,4.31597992712264e-05,3.80870228701781e-05,8082359
"33","2020/04/15",0,0,77,3,4.39261362511538e-05,2.37834224568339e-05,8.11281660348469e-05,3.99467512873635e-05,3.52451536473675e-05,8082359
"34","2020/04/16",4,0,81,3,4.36387526602281e-05,2.35687752001819e-05,8.079930830372e-05,4.06474186669761e-05,3.55746422659278e-05,8082359
"35","2020/04/17",0,2,81,5,6.91371790810857e-05,4.83847301969262e-05,9.87904554150799e-05,3.93204682344691e-05,3.43714180871049e-05,8082359
"36","2020/04/18",2,0,83,5,6.76497794787477e-05,4.72801698263434e-05,9.6795182427058e-05,3.72875773761191e-05,3.2462253482439e-05,8082359
"37","2020/04/19",1,0,84,5,6.56509942336728e-05,4.58258900578879e-05,9.40527950122784e-05,2.22292763938577e-05,1.9012393798071e-05,8082359
"38","2020/04/20",0,0,84,5,6.31703174661804e-05,4.40185749882519e-05,9.0654661352464e-05,1.49096610198305e-05,1.25588621998325e-05,8082359
"39","2020/04/21",0,1,84,6,7.31894194113396e-05,5.43860458053883e-05,9.84938513996225e-05,1.01328003932094e-05,8.40063284163195e-06,8082359
"40","2020/04/22",2,0,86,6,7.26086489430172e-05,5.39012078106073e-05,9.78088639470677e-05,9.22168940220933e-06,7.61324810431598e-06,8082359
"41","2020/04/23",2,0,88,6,7.2213931842351e-05,5.35584616613671e-05,9.73674708042129e-05,8.50574528764441e-06,7.02103024343516e-06,8082359
"42","2020/04/24",0,0,88,6,7.0320905893149e-05,5.21313610350546e-05,9.48571015114674e-05,8.50574528764441e-06,7.02103024343516e-06,8082359
"43","2020/04/25",2,0,90,6,7.01402108927892e-05,5.19533337824477e-05,9.46936187903889e-05,1.00644166408175e-05,8.33224908924005e-06,8082359
"44","2020/04/26",6,0,96,6,7.30757095590552e-05,5.40843840577839e-05,9.87356964600735e-05,1.40223769102314e-05,1.16715780902335e-05,8082359
"45","2020/04/27",2,0,98,6,7.28645093755089e-05,5.39073990792869e-05,9.84880891531201e-05,1.55094077138133e-05,1.29111563864471e-05,8082359
"46","2020/04/28",1,0,99,6,7.18077166355721e-05,5.30864794027112e-05,9.71311005444312e-05,1.40797380535104e-05,1.18526654871965e-05,8082359
"47","2020/04/29",0,0,99,6,7.00170048949804e-05,5.17265636452134e-05,9.47749208334925e-05,1.40797380535104e-05,1.18526654871965e-05,8082359
"48","2020/04/30",10,1,109,7,8.77555746053686e-05,6.78835746457939e-05,0.000113444834254844,2.05005930326293e-05,1.72837104368426e-05,8082359
"49","2020/05/01",7,2,116,9,0.000117125122739892,9.63584909642859e-05,0.000142367260420457,2.67869289152186e-05,2.28276887973273e-05,8082359
"50","2020/05/02",7,0,123,9,0.000120771495752146,9.92989962851392e-05,0.000146887226778481,3.36601034702188e-05,2.88347795765388e-05,8082359
"51","2020/05/03",0,0,123,9,0.000117004378906101,9.61205288573066e-05,0.000142425607161668,3.36601034702188e-05,2.88347795765388e-05,8082359
"52","2020/05/04",1,0,124,9,0.000114014415859194,9.3590637456733e-05,0.00013889516491137,3.28910013346245e-05,2.81894036946286e-05,8082359
"53","2020/05/05",2,0,126,9,0.000112028294681108,9.18927982058886e-05,0.000136575869428177,3.30280025106349e-05,2.83264048706389e-05,8082359
"54","2020/05/06",2,0,128,9,0.000110227933172468,9.03538957217201e-05,0.000134473418710082,3.47503139664547e-05,2.98012638190905e-05,8082359
"55","2020/05/07",0,0,128,9,0.000106956505695457,8.76157851332034e-05,0.000130566587894982,3.31916426132816e-05,2.84900449732856e-05,8082359
"56","2020/05/08",7,0,135,9,0.000109682709151519,8.98123455356637e-05,0.00013394925402588,3.43116623514749e-05,2.94863384577949e-05,8082359
"57","2020/05/09",10,1,145,10,0.000127456438326936,0.000106601847083812,0.000152390827320429,4.16147307428542e-05,3.57995968197014e-05,8082359
"58","2020/05/10",8,0,153,10,0.000130833929488838,0.000109366647748773,0.000156514965557059,4.7730390048982e-05,4.10491723500404e-05,8082359
"59","2020/05/11",21,1,174,11,0.00015881054057055,0.000135069405274817,0.000186724652744233,6.68971794281863e-05,5.76177104018785e-05,8082359
"60","2020/05/12",7,0,181,11,0.000159557700767454,0.000135616941555893,0.000187724775253864,6.50169490895909e-05,5.61086588243354e-05,8082359
"61","2020/05/13",18,0,199,11,0.000168459576430431,0.000143076098148516,0.000198346399282307,7.31866033787119e-05,6.29173243229313e-05,8082359
"62","2020/05/14",20,0,219,11,0.000177203278028034,0.000150399005500025,0.000208784636836415,8.24963765888289e-05,7.0618656235155e-05,8082359
"63","2020/05/15",19,0,238,11,0.000183094961068594,0.000155282512553547,0.000215888861001974,9.7113201211952e-05,8.288468203828e-05,8082359
"64","2020/05/16",25,0,263,11,0.000191332741126531,0.000162122863674396,0.00022580539843236,0.000114381253037086,9.71833037749958e-05,8082359
"65","2020/05/17",35,0,298,11,0.000203977574038192,0.000172698941507951,0.000240921283866645,0.000136560123759321,0.000115279208125656,8082359
"66","2020/05/18",3,0,301,11,0.0001927068404119,0.000163012361209289,0.000227810492812009,0.000136758478487009,0.000115353836599659,8082359
"67","2020/05/19",29,1,330,12,0.00021477368676197,0.000184240287334414,0.000250367263277234,0.000155632529747909,0.00013063982650372,8082359
"68","2020/05/20",8,0,338,12,0.000204973149264117,0.000175691499078997,0.000239135030092486,0.000154796713647816,0.000129680284149943,8082359
"69","2020/05/21",2,0,340,12,0.000192295627091533,0.000164700203860555,0.000224514647412541,0.000147137765200452,0.000123011145732052,8082359
"70","2020/05/22",14,0,354,12,0.000187466039978619,0.000160457651549672,0.000219020506693544,0.000147710686608853,0.000122841709618348,8082359
"71","2020/05/23",9,0,363,12,0.000180928391436803,0.000154771923631055,0.000211505304450068,0.000133029725116512,0.000109645463170216,8082359
"72","2020/05/24",10,0,373,12,0.000175771944882262,0.000150289141928984,0.000205575573931295,0.00013157136988912,0.000107815929181772,8082359
"73","2020/05/25",8,0,381,12,0.000170447704434196,0.000145674163482336,0.000199434266532856,0.000119912774686062,9.73945965155548e-05,8082359
"74","2020/05/26",5,1,386,13,0.000178265235703701,0.000154221762520736,0.000206057133189767,0.000106038962098453,8.53766777332082e-05,8082359
"75","2020/05/27",5,0,391,13,0.000172705043655626,0.000149358686889327,0.000199700685144568,9.36306418699037e-05,7.47005250562358e-05,8082359
"76","2020/05/28",4,0,395,13,0.000167486259055248,0.00014480237197727,0.000193723670332726,7.71391823319687e-05,6.0807316845667e-05,8082359
"77","2020/05/29",27,0,422,13,0.000172381188197202,0.000148997079310805,0.00019943527874324,6.42112128648306e-05,4.88691574080018e-05,8082359
"78","2020/05/30",6,0,428,13,0.000168785486101836,0.000145851866411175,0.000195325168060039,6.46566983556482e-05,4.8943464137767e-05,8082359
"79","2020/05/31",5,0,433,13,0.000164947877676004,0.000142504850200054,0.000190925447882107,4.76873569986277e-05,3.49435528691651e-05,8082359
"80","2020/06/01",9,0,442,13,0.000162846670894122,0.000140661021932916,0.000188531533874011,4.61518039521071e-05,3.32842735689603e-05,8082359
"81","2020/06/02",1,0,443,13,0.000158114012658926,0.000136544631440013,0.000183090618323506,4.53775697116406e-05,3.26337655821779e-05,8082359
"82","2020/06/03",2,0,445,13,0.000154152505141639,0.000133102168109695,0.000178531989214924,3.86564787738731e-05,2.73973896886196e-05,8082359
"83","2020/06/04",7,0,452,13,0.000152323925950197,0.000131501118948135,0.000176443961864936,3.65296497402212e-05,2.5518013162336e-05,8082359
"84","2020/06/05",13,0,465,13,0.000152786859422786,0.000131881827709771,0.000177005617966187,3.60887257449407e-05,2.47059104060032e-05,8082359
"85","2020/06/06",20,0,485,13,0.000155595938254106,0.000134290213765762,0.000180281908281152,3.89260986718104e-05,2.60585682886636e-05,8082359
"86","2020/06/07",2,0,487,13,0.000152582066207797,0.000131671829033542,0.000176812968264532,3.72435838894052e-05,2.47472322673107e-05,8082359
"87","2020/06/08",8,0,495,13,0.000151438278915151,0.000130668525231889,0.000175509383610816,3.74825668308344e-05,2.46150364476876e-05,8082359
"88","2020/06/09",2,0,497,13,0.000148549911194484,0.000128161081359442,0.000172182349601121,3.63842898109521e-05,2.37642119351735e-05,8082359
"89","2020/06/10",4,0,501,13,0.000146433319684152,0.000126320676520799,0.000169748276405014,2.65242899570263e-05,1.67499159159821e-05,8082359
"90","2020/06/11",21,0,522,13,0.000149391095415007,0.000128859758446766,0.000173193708092472,3.0168124879857e-05,1.85378570335512e-05,8082359
"91","2020/06/12",2,0,524,13,0.000146943946708128,0.000126735725062812,0.00017037440282493,2.8824269734405e-05,1.75651806491515e-05,8082359
"92","2020/06/13",1,0,525,13,0.000144275673488474,0.00012442334032829,0.000167295540415739,2.57831981020291e-05,1.55139190462485e-05,8082359
"93","2020/06/14",5,0,530,13,0.000142838290933046,0.000123173196989484,0.000165642995841177,2.67738126414365e-05,1.60096285709195e-05,8082359
"94","2020/06/15",1,0,531,13,0.000140503196524926,0.000121149589727892,0.000162948535591921,2.63455935170081e-05,1.57051357001751e-05,8082359
"95","2020/06/16",1,0,532,13,0.000138371922343173,0.000119302397476278,0.000160489556773176,2.42466922621865e-05,1.43485919674581e-05,8082359
"96","2020/06/17",5,0,537,13,0.000137479626774327,0.000118525094402089,0.000159465367847663,2.12553026889694e-05,1.23470124237139e-05,8082359
"97","2020/06/18",7,0,544,13,0.000137254812287466,0.000118323552440749,0.000159214992344836,1.66051218199248e-05,9.30527285256272e-06,8082359
"98","2020/06/19",3,0,547,13,0.000136127639672733,0.000117345465710715,0.000157916065786061,1.67250881140681e-05,9.30151289302189e-06,8082359
"99","2020/06/20",8,0,555,13,0.000136313153291537,0.000117498131118279,0.000158141032401421,1.62424750597455e-05,8.81889983869926e-06,8082359
"100","2020/06/21",6,0,561,13,0.00013604735115535,0.000117262981218291,0.000157840791391204,1.70997405808043e-05,9.18126034502161e-06,8082359
"101","2020/06/22",8,0,569,13,0.000136275212234938,0.000117453484281435,0.000158113091180666,1.78466082340268e-05,9.43322298350775e-06,8082359
"102","2020/06/23",0,0,569,13,0.000134596280649841,0.000116000757259178,0.000156172762944076,1.18366216368714e-05,6.02148771371847e-06,8082359
"103","2020/06/24",7,0,576,13,0.000134599718376615,0.000115998174783899,0.00015618421773287,1.29115273448259e-05,6.47776215325246e-06,8082359
"104","2020/06/25",7,1,583,14,0.000144993860265032,0.000126302912990977,0.000166450788954151,1.43776376734388e-05,7.20151495976079e-06,8082359
"105","2020/06/26",5,0,588,14,0.000144554379202229,0.000125914346532551,0.00016595383387182,1.42593105316815e-05,7.08318781800348e-06,8082359
"106","2020/06/27",3,0,591,14,0.000143638893509139,0.000125112260995573,0.000164908951084018,1.47238408474151e-05,7.30026562636885e-06,8082359
"107","2020/06/28",24,0,615,14,0.000147805635155376,0.000128735952972474,0.000169700113132772,2.02317680355769e-05,9.96248897979628e-06,8082359
"108","2020/06/29",27,0,642,14,0.000152539503730338,0.00013285339553955,0.000175142683435374,2.53669097964864e-05,1.23756531596555e-05,8082359
"109","2020/06/30",1,0,643,14,0.000150818282153922,0.000131347927897493,0.000173174823508536,2.38353174083982e-05,1.15864182936719e-05,8082359
"110","2020/07/01",7,0,650,14,0.000150272364053479,0.00013086542314017,0.000172557294786981,2.47070484858808e-05,1.19632443564181e-05,8082359
"111","2020/07/02",11,0,661,14,0.000150542942796527,0.000131094187444377,0.000172877059369657,2.52474274126152e-05,1.21324445221002e-05,8082359
"112","2020/07/03",6,0,667,14,0.000149632886071195,0.000130294252650995,0.00017184181296138,2.51383984917599e-05,1.20234156012449e-05,8082359
"113","2020/07/04",4,0,671,14,0.000148280409633473,0.000129110206239657,0.0001702969929446,2.41063394058237e-05,1.14862615300451e-05,8082359
"114","2020/07/05",5,1,676,15,0.000157718786972876,0.000138609445749358,0.000179462630628914,2.52728984810669e-05,1.20341893368678e-05,8082359
"115","2020/07/06",4,0,680,15,0.000156426820018341,0.000137466817965426,0.000178001865346186,2.45572957794982e-05,1.16897653963514e-05,8082359
"116","2020/07/07",0,0,680,15,0.000154336746761108,0.000135623945603766,0.000175631458698255,2.28163746442405e-05,1.08149280368824e-05,8082359
"117","2020/07/08",9,0,689,15,0.000154416411639734,0.00013568871899699,0.000175728891539029,2.36042211092094e-05,1.11078694871149e-05,8082359
"118","2020/07/09",6,0,695,15,0.00015392644262705,0.000135253078351978,0.00017517789634451,2.42039510452743e-05,1.13364206621275e-05,8082359
"119","2020/07/10",9,0,704,15,0.000154156078274938,0.000135449869722548,0.000175445694542096,2.04066715775788e-05,9.39503499969356e-06,8082359
"120","2020/07/11",6,0,710,15,0.000153752691449153,0.000135090571220136,0.000174992894872996,1.52907773231616e-05,6.87739207264254e-06,8082359
"121","2020/07/12",8,0,718,15,0.000153787822560076,0.000135116684638424,0.000175039037044606,1.67697365728974e-05,7.49026754658958e-06,8082359
"122","2020/07/13",2,0,720,15,0.000152549061519321,0.000134023708473107,0.000173635071253794,1.55751661992768e-05,6.91432844138955e-06,8082359
"123","2020/07/14",1,0,721,15,0.00015113753538219,0.000132779127460224,0.000172034227354338,1.3279535092641e-05,5.85595987159472e-06,8082359
"124","2020/07/15",10,0,731,15,0.000151674651054656,0.000133247233940987,0.000172650486558996,1.40084047567685e-05,6.08992452098581e-06,8082359
