"","date","cases","deaths","cum_cases","cum_deaths","p_cases","p_cases_low","p_cases_high","p_cases_active","p_cases_active_undetected","population"
"28196","2020/03/03",1,0,1,0,NA,NA,NA,8.55086666881578e-08,0,11694721
"28195","2020/03/10",1,0,2,0,0,NA,NA,1.71017333376316e-07,0,11694721
"28194","2020/03/11",3,0,5,0,0,NA,NA,4.27543333440789e-07,0,11694721
"28193","2020/03/12",2,0,7,0,0,NA,NA,5.98560666817105e-07,0,11694721
"28192","2020/03/13",6,0,13,0,0,0,NA,1.11161266694605e-06,0,11694721
"28191","2020/03/14",3,0,16,0,0,0,NA,1.36813866701053e-06,0,11694721
"28190","2020/03/15",0,0,16,0,0,0,NA,1.36813866701053e-06,0,11694721
"28189","2020/03/16",2,0,18,0,0,0,NA,1.53915600038684e-06,0,11694721
"28188","2020/03/17",2,0,20,0,0,0,NA,1.71017333376316e-06,0,11694721
"28187","2020/03/18",4,0,24,0,0,0,NA,2.05220800051579e-06,0,11694721
"28186","2020/03/19",5,0,29,0,0,0,NA,2.47975133395658e-06,0,11694721
"28185","2020/03/20",10,0,39,0,0,0,NA,3.33483800083816e-06,0,11694721
"28184","2020/03/21",15,1,54,1,3.35016502332953e-05,5.72994083287224e-06,0.000195876467330196,1.25553432878431e-05,8.02338395337077e-06,11694721
"28183","2020/03/22",6,0,60,1,3.00184712349613e-05,4.96918945789703e-06,0.000181339154588312,1.54716817446511e-05,1.0512179076738e-05,11694721
"28182","2020/03/23",15,2,75,3,9.00734969624023e-05,5.33071148870413e-05,0.000152197973426774,3.32298551370671e-05,2.72442484688961e-05,11694721
"28181","2020/03/24",14,0,89,3,8.59901369256217e-05,4.95096534957833e-05,0.000149350745286814,4.65853761964852e-05,3.95736655280563e-05,11694721
"28180","2020/03/25",25,0,114,3,8.91000627415325e-05,5.02094812551529e-05,0.000158113985288989,6.56118116396748e-05,5.69754363041708e-05,11694721
"28179","2020/03/26",59,2,173,5,0.00018281885171518,0.000131919580020375,0.000253356874978639,0.000127703911369065,0.000114279050699024,11694721
"28178","2020/03/27",0,0,173,5,0.000146061795766762,0.000103867211447674,0.000205397332664109,0.000127703911369065,0.000114279050699024,11694721
"28177","2020/03/28",54,1,227,6,0.000182494337838537,0.000137108376507221,0.000242904074802257,0.000170945644006089,0.000153074332668264,11694721
"28176","2020/03/29",0,0,227,6,0.000146532278915419,0.000109123763316473,0.00019676473860121,0.000170774626672713,0.000153074332668264,11694721
"28175","2020/03/30",51,2,278,8,0.000195003329856442,0.000156605949559973,0.000242815159717403,0.000206206584173869,0.000184487382835077,11694721
"28174","2020/03/31",34,0,312,8,0.000181844581712715,0.000145375740661744,0.000227461966816133,0.000225595437565531,0.000201396484892783,11694721
"28173","2020/04/01",50,1,362,9,0.000199472563965031,0.000163271649047567,0.000243700017773394,0.000252291810009842,0.000224672510669567,11694721
"28172","2020/04/02",32,1,394,10,0.000204557498434119,0.000170618521612055,0.000245247525123721,0.00025959960303557,0.000230526656361596,11694721
"28171","2020/04/03",61,3,455,13,0.000262635466095242,0.000228630756681184,0.000301697763906941,0.000291808224992974,0.000258032301651152,11694721
"28170","2020/04/04",0,0,455,13,0.000226474463309376,0.000196777221787112,0.000260653555657777,0.000273793525600494,0.000241300232258994,11694721
"28169","2020/04/05",40,5,495,18,0.000297165488998707,0.000268821727718356,0.000328497731940625,0.00028428036005608,0.000249563841380688,11694721
"28168","2020/04/06",58,1,553,19,0.000309465210803085,0.000281218409771789,0.000340549243469213,0.000297198344993555,0.000259660040317454,11694721
"28167","2020/04/07",21,3,574,22,0.00033153422877244,0.000305226993467594,0.000360108860618863,0.000246979020316751,0.000212690044974799,11694721
"28166","2020/04/08",22,0,596,22,0.000309039080530372,0.000284274355406887,0.000335961199026763,0.00025838650315512,0.000222216337146029,11694721
"28165","2020/04/09",27,1,623,23,0.000305844314024259,0.00028223157747963,0.000331432596084046,0.000228228643198612,0.000194367211190101,11694721
"28164","2020/04/10",20,2,643,25,0.000313474164675049,0.000291077913659494,0.000337593638360594,0.000237979006018987,0.000202407400676713,11694721
"28163","2020/04/11",28,0,671,25,0.000301289881036617,0.000279629224423379,0.000324628416798159,0.000214777467903277,0.000181172561894831,11694721
"28162","2020/04/12",14,3,685,28,0.000319556978101448,0.000298961534167869,0.000341571241054678,0.000201492162701414,0.000169597430026732,11694721
"28161","2020/04/13",22,3,707,31,0.000340886338899763,0.000320973455923727,0.000362034597889296,0.000184548199284416,0.000155047709277001,11694721
"28160","2020/04/14",19,3,726,34,0.000360537067182254,0.000341272357972622,0.000380889262712597,0.000177369935385522,0.000148981058045054,11694721
"28159","2020/04/15",21,0,747,34,0.000350154987451747,0.000331359729584042,0.000370016342635371,0.000152003180811297,0.000127034650138355,11694721
"28158","2020/04/16",33,1,780,35,0.000356832907957943,0.000338157970580826,0.000376539177778415,0.000167099957686441,0.00013930964101279,11694721
"28157","2020/04/17",42,2,822,37,0.000378156580179373,0.000359380465446628,0.000397913667776126,0.000162408453898321,0.000134447119891293,11694721
"28156","2020/04/18",42,0,864,37,0.000378800978930864,0.000359925148530118,0.000398666728971215,0.000148364917993333,0.000121771722653316,11694721
"28155","2020/04/19",2,0,866,37,0.000362068080913857,0.00034396724638308,0.000381121448612125,0.000137071801885056,0.000112103271212114,11694721
"28154","2020/04/20",13,1,879,38,0.000360358474771052,0.000342765141008615,0.000378854833245878,0.000130993852803255,0.000106794900130507,11694721
"28153","2020/04/21",5,0,884,38,0.00034697499490229,0.000329986235292988,0.000364838390851518,0.000119701491041073,9.73837290354635e-05,11694721
"28152","2020/04/22",17,0,901,38,0.000339740409902105,0.000323065280783025,0.000357276231728442,0.000116361324633945,9.43000886284005e-05,11694721
"28151","2020/04/23",0,0,901,38,0.000327491394753915,0.000311381245026319,0.000344435046589912,0.000103788870581747,8.41218772434703e-05,11694721
"28150","2020/04/24",17,0,918,38,0.000322659148483798,0.000306756241465046,0.000339386496597665,0.000103232948474872,8.33094291365311e-05,11694721
"28149","2020/04/25",4,0,922,38,0.000314304711815519,0.000298787005445928,0.000330628340820913,9.39890307061254e-05,7.56046673681714e-05,11694721
"28148","2020/04/26",17,0,939,38,0.000311235298108713,0.000295846676164429,0.000327424367394216,9.01882054827313e-05,7.19748594781537e-05,11694721
"28147","2020/04/27",10,0,949,38,0.000306503572932512,0.000291327943484682,0.000322469719508165,8.35742441154921e-05,6.63014934444842e-05,11694721
"28146","2020/04/28",18,1,967,39,0.000312860985443065,0.000297744840806272,0.000328744558419041,7.4301146390271e-05,5.83110257195855e-05,11694721
"28145","2020/04/29",8,1,975,40,0.00031621252114823,0.000301295187739451,0.000331868422065167,5.75738416060991e-05,4.44910156028109e-05,11694721
"28144","2020/04/30",5,0,980,40,0.000310975133488962,0.000296288328190009,0.000326389953459323,4.07465129542164e-05,3.08275076183901e-05,11694721
"28143","2020/05/01",14,0,994,40,0.000308991312495351,0.000294383367852471,0.000324324135205378,4.42623183266786e-05,3.33172089905944e-05,11694721
"28142","2020/05/02",4,1,998,41,0.000311889941789565,0.000297485899573919,0.000326991416832943,4.01828444570422e-05,3.00073131211514e-05,11694721
"28141","2020/05/03",11,1,1009,42,0.00031716481115561,0.000302848456666225,0.000332157933187817,4.16780098849278e-05,3.09894265489081e-05,11694721
"28140","2020/05/04",4,0,1013,42,0.000312987475916641,0.000298847917692062,0.000327796026946424,3.65036968908973e-05,2.69267262218236e-05,11694721
"28139","2020/05/05",5,1,1018,43,0.000316838535988783,0.000302841971940738,0.000331481984627811,3.80598783053805e-05,2.8055364302866e-05,11694721
"28138","2020/05/06",4,0,1022,43,0.000313290468362674,0.00029944038560607,0.000327781162077537,3.33108946751691e-05,2.44179933396007e-05,11694721
"28137","2020/05/07",3,0,1025,43,0.000309796438991448,0.000296090978459382,0.000324136297941775,3.28540380345752e-05,2.4046645365695e-05,11694721
"28136","2020/05/08",1,1,1026,44,0.0003131726131428,0.000299619824398463,0.000327338439035521,2.75245566424934e-05,2.00853026406237e-05,11694721
"28135","2020/05/09",4,1,1030,45,0.000317671140654103,0.000304216552432848,0.000331720785070545,2.55284778356943e-05,1.86022758339536e-05,11694721
"28134","2020/05/10",2,0,1032,45,0.000314767117902498,0.00030142837574915,0.000328696123138381,2.03148124801564e-05,1.47567491454262e-05,11694721
"28133","2020/05/11",0,0,1032,45,0.000311555560812215,0.000298345989247362,0.000325349999568904,1.77202482040684e-05,1.28462542028434e-05,11694721
"28132","2020/05/12",0,0,1032,45,0.000308635302597366,0.000295544165112811,0.000322306312401762,1.61336403801451e-05,1.16871897123609e-05,11694721
"28131","2020/05/13",0,0,1032,45,0.000305999370537601,0.000293014794881965,0.000319559341046678,1.17816500633092e-05,8.53232072915918e-06,11694721
"28130","2020/05/14",0,0,1032,45,0.00030363150218649,0.000290742287198029,0.000317092123091234,1.05315901763771e-05,7.62429550897969e-06,11694721
"28129","2020/05/15",0,0,1032,45,0.000301508800146397,0.000288705940134402,0.00031487941163732,7.0738964967817e-06,5.10719716295407e-06,11694721
"28128","2020/05/16",3,0,1035,45,0.00030047720543599,0.000287714455189751,0.000313806099617335,6.70896149911855e-06,4.82777083197908e-06,11694721
"28127","2020/05/17",0,0,1035,45,0.000298751075049821,0.000286058014511986,0.000312007356254947,5.15278008463533e-06,3.69913275093665e-06,11694721
"28126","2020/05/18",2,0,1037,45,0.000297743990971747,0.000285090739874747,0.000310958834365269,4.50083536110637e-06,3.21820536078401e-06,11694721
"28125","2020/05/19",6,1,1043,46,0.000304623765120271,0.000291951433774507,0.000317846146793449,5.34650390436613e-06,3.80734790397929e-06,11694721
"28124","2020/05/20",1,1,1044,47,0.000310100280582196,0.000297467242526123,0.000323269826958214,5.33829835941256e-06,3.79914235902572e-06,11694721
"28123","2020/05/21",1,0,1045,47,0.000309003313456516,0.000296411954984871,0.000322129543432144,4.40032097745136e-06,3.11769097712899e-06,11694721
"28122","2020/05/22",1,0,1046,47,0.000307967009846366,0.000295415501491653,0.00032105180220677,4.08473071064446e-06,2.88760937701025e-06,11694721
"28121","2020/05/23",2,0,1048,47,0.000307295369684965,0.00029476888153418,0.000320354183041094,4.67117225584477e-06,3.30303358883425e-06,11694721
"28120","2020/05/24",0,1,1048,48,0.000312620125145322,0.000300134847894823,0.000325624776101057,4.67117225584477e-06,3.30303358883425e-06,11694721
"28119","2020/05/25",3,0,1051,48,0.000312370017829802,0.00029989237336474,0.000325366820583717,5.56280884337037e-06,3.93814417629538e-06,11694721
"28118","2020/05/26",0,0,1051,48,0.000311291767244935,0.00029885544505715,0.000324245604211576,5.56280884337037e-06,3.93814417629538e-06,11694721
"28117","2020/05/27",0,0,1051,48,0.000310269302467452,0.000297872096069041,0.000323182471013755,5.56280884337037e-06,3.93814417629538e-06,11694721
"28116","2020/05/28",0,0,1051,48,0.000309312910912659,0.00029695163158898,0.000322188756280985,4.69186042181678e-06,3.32372175480625e-06,11694721
"28115","2020/05/29",17,0,1068,48,0.000313417794303719,0.000300891317080875,0.000326465764247378,9.68072044350518e-06,6.85893444279597e-06,11694721
"28114","2020/05/30",3,0,1071,48,0.000313390346650513,0.000300863247561486,0.000326439038898087,9.98432348914361e-06,7.07702882174624e-06,11694721
"28113","2020/05/31",5,0,1076,48,0.000313832689143781,0.000301285629069467,0.000326902272369945,9.69026400091829e-06,6.86847800020908e-06,11694721
"28112","2020/06/01",1,0,1077,48,0.000313018923912067,0.000300502704880187,0.000326056455186099,9.68387275019094e-06,6.86208674948173e-06,11694721
"28111","2020/06/02",7,0,1084,48,0.000313898052886228,0.000301344432723494,0.00032697464066368,1.14151927461971e-05,8.08035474535897e-06,11694721
"28110","2020/06/03",2,0,1086,48,0.000313302388711515,0.000300770363730142,0.000326356578337657,1.16977533598928e-05,8.27740669236653e-06,11694721
"28109","2020/06/04",1,1,1087,49,0.000318905369299641,0.000306402205861782,0.000331918741518517,1.14046930192e-05,8.06985501836187e-06,11694721
"28108","2020/06/05",0,0,1087,49,0.000317703423384148,0.000305245158626563,0.000330670159304612,1.14046930192e-05,8.06985501836187e-06,11694721
"28107","2020/06/06",0,0,1087,49,0.000316554190631565,0.000304138790979202,0.000329476405439047,1.05130564316744e-05,7.43474443090074e-06,11694721
"28106","2020/06/07",0,0,1087,49,0.000315483001386323,0.000303107980611216,0.000328363258410491,1.05130564316744e-05,7.43474443090074e-06,11694721
"28105","2020/06/08",0,0,1087,49,0.000314500244749668,0.000302162153986192,0.00032734213283415,1.05130564316744e-05,7.43474443090074e-06,11694721
"28104","2020/06/09",0,0,1087,49,0.000313606604392886,0.000301301966418025,0.0003264137419614,1.05130564316744e-05,7.43474443090074e-06,11694721
"28103","2020/06/10",0,0,1087,49,0.000312797710580091,0.00030052321811768,0.000325573539232608,5.52419640998602e-06,3.89953174291102e-06,11694721
"28102","2020/06/11",0,0,1087,49,0.000312066950350299,0.000299819554214542,0.00032481464311447,4.64635230172128e-06,3.27821363471075e-06,11694721
"28101","2020/06/12",0,0,1087,49,0.000311406998525044,0.000299184457128205,0.000324128865721195,3.18802196183382e-06,2.24742662826408e-06,11694721
"28100","2020/06/13",6,0,1093,49,0.00031252621025508,0.00030025869488921,0.000325294933198994,4.61298820420206e-06,3.24484953719153e-06,11694721
"28099","2020/06/14",1,0,1094,49,0.000312241763864116,0.00029998437311826,0.000324999992791424,2.87138420437911e-06,2.01629753749753e-06,11694721
"28098","2020/06/15",2,0,1096,49,0.000312231928886361,0.000299973887479501,0.000324990879156972,2.86416635669385e-06,2.00907968981228e-06,11694721
"28097","2020/06/16",14,0,1110,49,0.000315626178467258,0.00030323383673803,0.000328524961480169,6.55165587159322e-06,4.58495653776559e-06,11694721
"28096","2020/06/17",15,0,1125,49,0.000319229458621252,0.000306694590264755,0.000332276637692389,1.08080486532099e-05,7.55871931905992e-06,11694721
"28095","2020/06/18",3,1,1128,50,0.000325755688320914,0.000313213428648193,0.000338800187882829,1.16744201647017e-05,8.16856483048724e-06,11694721
"28094","2020/06/19",4,0,1132,50,0.00032585046790743,0.000313302963401547,0.00033890048878793,1.28258352456467e-05,8.97794524467959e-06,11694721
"28093","2020/06/20",14,0,1146,50,0.000328688670137239,0.000316029743038335,0.000341854664810715,1.68412291216688e-05,1.17962177870675e-05,11694721
"28092","2020/06/21",10,0,1156,50,0.000330250122597163,0.00031752893219915,0.000343480963199401,1.96980640922325e-05,1.37979660907496e-05,11694721
"28091","2020/06/22",1,0,1157,50,0.000329083051070609,0.000316404189396236,0.000342269976603633,1.99824919669694e-05,1.39968852987984e-05,11694721
"28090","2020/06/23",2,0,1159,50,0.00032809665774916,0.000315453204804511,0.000341246863834779,2.05486639389266e-05,1.43920399373792e-05,11694721
"28089","2020/06/24",0,0,1159,50,0.000326536269535854,0.0003139498793005,0.000339627253751335,2.05486639389266e-05,1.43920399373792e-05,11694721
"28088","2020/06/25",1,0,1160,50,0.00032531560323394,0.000312773742010579,0.000338360378422953,1.91135025127343e-05,1.33844218446277e-05,11694721
"28087","2020/06/26",2,0,1162,50,0.000324469878412518,0.000311958129815807,0.000337483437470267,1.93865575149498e-05,1.35719681801551e-05,11694721
"28086","2020/06/27",2,0,1164,50,0.000323722827659662,0.000311237912438335,0.000336708559464877,1.93730160111548e-05,1.35584266763601e-05,11694721
"28085","2020/06/28",4,0,1168,50,0.000323617369130103,0.000311134562526135,0.000336600989463819,1.65004239531524e-05,1.15409212852393e-05,11694721
"28084","2020/06/29",1,0,1169,50,0.000322746040779406,0.000310294904336489,0.000335696801278516,1.2520118460483e-05,8.7577371262041e-06,11694721
"28083","2020/06/30",3,0,1172,50,0.000322478083954505,0.000310035360982973,0.000335420173690059,1.24792027952912e-05,8.71682146101224e-06,11694721
"28082","2020/07/01",2,0,1174,50,0.0003219840978266,0.00030955852775912,0.000334908425891862,1.18763125828753e-05,8.2849485819727e-06,11694721
"28081","2020/07/02",1,0,1175,50,0.000321258125862104,0.000308859153008474,0.000334154848341502,8.13432987779969e-06,5.65457854384311e-06,11694721
"28080","2020/07/03",3,0,1178,50,0.000321122851476466,0.00030872722065177,0.000334016176230507,6.09529503833056e-06,4.21410437119108e-06,11694721
"28079","2020/07/04",3,0,1181,50,0.000321028199674043,0.000308634822397695,0.000333919238876939,6.62634946589858e-06,4.57414146538279e-06,11694721
"28078","2020/07/05",5,0,1186,50,0.000321501255655062,0.000309088221136591,0.000334412799710357,7.41557907764744e-06,5.10684507706718e-06,11694721
"28077","2020/07/06",2,0,1188,50,0.000321165528272228,0.000308764070018299,0.000334065089063848,7.95626178517644e-06,5.47651045121986e-06,11694721
"28076","2020/07/07",11,0,1199,50,0.000323251246286859,0.000310767862550559,0.000336236081068415,1.06414250637296e-05,7.30658706289141e-06,11694721
"28075","2020/07/08",6,0,1205,50,0.000323947486716045,0.000311435831937608,0.000336961785985711,1.16959736460209e-05,8.01910097843008e-06,11694721
"28074","2020/07/09",16,0,1221,50,0.000327237770884515,0.000314597185088122,0.000340386258266967,1.54278768940263e-05,1.05538828928014e-05,11694721
"28073","2020/07/10",10,0,1231,50,0.000328779209175943,0.000316077232519221,0.00034199163136429,1.69904285264963e-05,1.16033825251424e-05,11694721
"28072","2020/07/11",9,0,1240,50,0.000329865379284874,0.000317119140120624,0.000343123938874724,1.9108525442036e-05,1.30374101071768e-05,11694721
"28071","2020/07/12",5,0,1245,50,0.000329719495058531,0.000316976613973908,0.000342974656895672,1.9607244274686e-05,1.33651116064505e-05,11694721
"28070","2020/07/13",18,0,1263,50,0.000332885407738163,0.000320017890315244,0.000346270311874887,2.38029294926865e-05,1.61926581574405e-05,11694721
"28069","2020/07/14",39,0,1302,50,0.000341413875401826,0.000328213912870192,0.000355144708210448,3.37562012254814e-05,2.28966005560853e-05,11694721
"28068","2020/07/15",4,0,1306,50,0.000340438586032346,0.000327272676277232,0.000354134149474567,3.39810920163848e-05,2.30359826803006e-05,11694721
"28067","2020/07/16",13,0,1319,50,0.000341437228125428,0.000328229081332714,0.000355176879137663,3.6530798467401e-05,2.47306024644352e-05,11694721
"28066","2020/07/17",8,0,1327,50,0.000340916178274248,0.000327724183073162,0.000354639195433352,3.72306564362149e-05,2.51739344331847e-05,11694721
"28065","2020/07/18",9,0,1336,50,0.000340531686609296,0.000327350628729995,0.000354243491252371,3.8983974611533e-05,2.63286919416856e-05,11694721
"28064","2020/07/19",12,0,1348,50,0.000340862794521324,0.000327664605399639,0.000354592601014007,3.9052753742282e-05,2.63119624057464e-05,11694721
"28063","2020/07/20",26,0,1374,50,0.00034467902224823,0.000331328776447276,0.000358567190124221,4.39620476755839e-05,2.95110830052852e-05,11694721
"28062","2020/07/21",7,0,1381,50,0.000343618103418424,0.000330304739014558,0.000357468080382797,4.14156478955179e-05,2.77342612254127e-05,11694721
"28061","2020/07/22",8,0,1389,50,0.000342685637677854,0.000329403859604777,0.000356502945689754,4.07185289777578e-05,2.72081596410289e-05,11694721
"28060","2020/07/23",5,0,1394,50,0.000340984549317315,0.000327764261213624,0.000354738074378865,3.95473883504492e-05,2.63790536804729e-05,11694721
