"","date","cases","deaths","cum_cases","cum_deaths","p_cases","p_cases_low","p_cases_high","p_cases_active","p_cases_active_undetected","population"
"1","2020/03/12",1,0,1,0,NA,NA,NA,1.21945446436304e-08,0,82003882
"2","2020/03/13",1,0,2,0,0,NA,NA,2.43890892872608e-08,0,82003882
"3","2020/03/16",16,0,18,0,0,NA,NA,2.19501803585347e-07,0,82003882
"4","2020/03/17",29,0,47,0,0,NA,NA,5.73143598250629e-07,0,82003882
"5","2020/03/18",51,0,98,0,0,0,NA,1.19506537507578e-06,0,82003882
"6","2020/03/19",93,1,191,1,3.2745277667485e-05,6.8132501305505e-06,0.000157377637540816,1.71391010979873e-05,1.48099430710539e-05,82003882
"7","2020/03/20",168,3,359,4,0.000103585610370736,7.45777543729301e-05,0.000143876398077396,6.5613704279836e-05,6.12358627527727e-05,82003882
"8","2020/03/21",311,5,670,9,0.000204348370705496,0.000176892743687838,0.000236065401776352,0.000160467947995372,0.00015229760308414,82003882
"9","2020/03/22",277,12,947,21,0.000337135780311669,0.000318287556216552,0.000357100150937183,0.000259081053746515,0.000247532819968997,82003882
"10","2020/03/23",289,9,1236,30,0.000341256263529337,0.000325651418484113,0.000357608874974655,0.000338873173617048,0.00032380071643752,82003882
"11","2020/03/24",293,7,1529,37,0.000312684948840886,0.000299640572270261,0.00032629719163479,0.000398792526141822,0.000380147067381711,82003882
"12","2020/03/25",343,7,1872,44,0.000298219258369618,0.000286984102187878,0.00030989426029008,0.000453434195811041,0.000430606008238165,82003882
"13","2020/03/26",561,15,2433,59,0.000363814117405202,0.000353240555118347,0.000374704178513651,0.000537310089989915,0.000507652957416606,82003882
"14","2020/03/27",1196,16,3629,75,0.000503891060446556,0.000491984042808676,0.000516086252205327,0.000703363948984561,0.000659134335562113,82003882
"15","2020/03/28",2069,17,5698,92,0.000716900365288183,0.000702592513819962,0.000731499587087869,0.000963482429773466,0.000894217416197645,82003882
"16","2020/03/29",1704,16,7402,108,0.000792109561180617,0.00077810337246856,0.000806367867193768,0.00114547878693203,0.00105578791107812,82003882
"17","2020/03/30",1815,23,9217,131,0.000854574807952513,0.00084161441881043,0.000867734779804873,0.00131313865710853,0.00120193660450326,82003882
"18","2020/03/31",1610,37,10827,168,0.000931231601187977,0.000919736692990405,0.000942870173235734,0.00143567091933635,0.0013059697425067,82003882
"19","2020/04/01",2704,46,13531,214,0.00110223562942092,0.00109104570559012,0.00111354031874202,0.00160746422997863,0.00144683768793273,82003882
"20","2020/04/02",2148,63,15679,277,0.00126260370344628,0.00125214170754644,0.00127315311226236,0.00168558484148361,0.00150255692092737,82003882
"21","2020/04/03",2456,79,18135,356,0.0014649807036544,0.00145491910016455,0.00147511188892703,0.00178537221040439,0.00157577237706967,82003882
"22","2020/04/04",2786,69,20921,425,0.00160928234210418,0.00159949594619294,0.00161912861534437,0.00191988440701501,0.00167983479570515,82003882
"23","2020/04/05",3013,76,23934,501,0.00176415487277324,0.00175452194056827,0.0017738406931073,0.00208205073309247,0.00180883196035193,82003882
"24","2020/04/06",3135,73,27069,574,0.00188766840214352,0.00187818848978681,0.00189719616312605,0.0022460296419714,0.00193876370058584,82003882
"25","2020/04/07",3148,75,30217,649,0.00199407858764017,0.00198476020857551,0.00200344071616536,0.00236988419460511,0.00203107096622648,82003882
"26","2020/04/08",3892,76,34109,725,0.00213036343474036,0.00212100649762524,0.00213976165049949,0.00244690279579065,0.0020752130750528,82003882
"27","2020/04/09",4117,87,38226,812,0.00228946065908489,0.0022800026133964,0.00229895793921448,0.00243316769685797,0.00203650354868996,82003882
"28","2020/04/10",4056,96,42282,908,0.00244486601205288,0.002435332963663,0.00245443637731605,0.00248534720324712,0.00206000148607729,82003882
"29","2020/04/11",4747,98,47029,1006,0.00262042325072406,0.00261070656792149,0.00263017609765394,0.0025815649577691,0.00212046483570415,82003882
"30","2020/04/12",5138,95,52167,1101,0.00278543551819118,0.00277553109922752,0.00279537528084636,0.00271743005749249,0.00221330758192481,82003882
"31","2020/04/13",4789,97,56956,1198,0.00291365689536041,0.00290367773255177,0.00292367035387937,0.002742149552754,0.00221260145160435,82003882
"32","2020/04/14",4093,98,61049,1296,0.00299044693300417,0.0029805410633065,0.00300038572499763,0.00276966773258378,0.00221640124210226,82003882
"33","2020/04/15",4062,107,65111,1403,0.00307472988512014,0.00306487017290302,0.00308462131611146,0.00276308665545387,0.00219023572627469,82003882
"34","2020/04/16",4281,115,69392,1518,0.00317941360869011,0.00316952920367524,0.00318932883893365,0.00274492987267692,0.00215384809925552,82003882
"35","2020/04/17",4801,125,74193,1643,0.00332267199251879,0.00331264611788239,0.00333272821092227,0.0027378529986261,0.00212496737938188,82003882
"36","2020/04/18",4353,126,78546,1769,0.00344186030758347,0.00343174744873514,0.0034520029675508,0.00270997947172808,0.00208224089710792,82003882
"37","2020/04/19",3783,121,82329,1890,0.00352218684191039,0.0035120704507321,0.00353233237298548,0.00266408056493519,0.00202859845446632,82003882
"38","2020/04/20",3977,127,86306,2017,0.00362030906038481,0.00361013184122118,0.00363051496985518,0.0025878205705254,0.00195130192376182,82003882
"39","2020/04/21",4674,123,90980,2140,0.00374007472643495,0.00372975600752838,0.00375042199304267,0.00253338440692165,0.00189007339879158,82003882
"40","2020/04/22",4611,119,95591,2259,0.00384981018461605,0.00383936217899065,0.00386028662226127,0.00248455726645949,0.0018344782860522,82003882
"41","2020/04/23",3083,117,98674,2376,0.00389450515222155,0.00388409130910884,0.00390494691644109,0.00234173880501468,0.00171195154689439,82003882
"42","2020/04/24",3116,115,101790,2491,0.00393947611368984,0.00392908228460546,0.0039498974381727,0.00218799282506584,0.00158286293621497,82003882
"43","2020/04/25",3122,109,104912,2600,0.0039804724777628,0.00397009313007351,0.00399087896105192,0.00206145740503366,0.00147665582210373,82003882
"44","2020/04/26",2861,106,107773,2706,0.00401390997401649,0.00400355429558506,0.00402429243866533,0.0019675197821521,0.00139774187822311,82003882
"45","2020/04/27",2357,99,110130,2805,0.00402611886766679,0.00401582784502073,0.00403643626224691,0.00186186729799509,0.00131288109268349,82003882
"46","2020/04/28",2131,95,112261,2900,0.00403319273217713,0.00402296996163135,0.00404344147980915,0.0017422800453526,0.00121951211102481,82003882
"47","2020/04/29",2392,92,114653,2992,0.00405467780326279,0.00404447952457718,0.00406490179721968,0.00161186378792516,0.00111847251164387,82003882
"48","2020/04/30",2936,89,117589,3081,0.00409979011757515,0.00408955119135695,0.00411005467878487,0.00152348161551714,0.00104737000899588,82003882
"49","2020/05/01",2615,93,120204,3174,0.00414580118708828,0.00413552030934428,0.00415610762303035,0.00145182847447911,0.000989960096101613,82003882
"50","2020/05/02",2188,84,122392,3258,0.00417082442728168,0.00416054398365289,0.00418113027324287,0.00135956558165616,0.000919513243646115,82003882
"51","2020/05/03",1983,78,124375,3336,0.0041865877691047,0.00417632379348715,0.00419687697006412,0.00123417302794474,0.000826936209570706,82003882
"52","2020/05/04",1670,61,126045,3397,0.00417659672557625,0.00416639809745476,0.00418682031819061,0.00110380738036162,0.000732434717784503,82003882
"53","2020/05/05",1614,64,127659,3461,0.00417504528010907,0.00416489206035422,0.00418522325149491,0.00103491163034156,0.000681452753845928,82003882
"54","2020/05/06",1832,59,129491,3520,0.00418108715631961,0.00417095627545497,0.00419124264419048,0.000973468985167077,0.000635667903993871,82003882
"55","2020/05/07",2253,64,131744,3584,0.00421245013661815,0.0042022827027387,0.00422264217063019,0.000927055572123167,0.000599851550245276,82003882
"56","2020/05/08",1977,57,133721,3641,0.00423144052451667,0.00422126123561276,0.00424164436009439,0.000883059951737094,0.000566635907324172,82003882
"57","2020/05/09",1848,48,135569,3689,0.00423977881402433,0.0042296070901528,0.00424997499973459,0.000854687307309719,0.000544470286120405,82003882
"58","2020/05/10",1546,50,137115,3739,0.00424454240891591,0.0042343874789459,0.00425472169249153,0.000825985120287195,0.000522901907714405,82003882
"59","2020/05/11",1542,47,138657,3786,0.0042493182435629,0.00423917773776396,0.00425948300639097,0.000788649103533664,0.000495931253907959,82003882
"60","2020/05/12",1114,55,139771,3841,0.00425356317289093,0.00424344237872193,0.00426370810559309,0.00072018588754502,0.00044968649826001,82003882
"61","2020/05/13",1704,53,141475,3894,0.00427716276113474,0.00426701394439523,0.00428733571617859,0.000681511712785096,0.000422121553670434,82003882
"62","2020/05/14",1639,58,143114,3952,0.00430768550266688,0.00429749460105068,0.00431790057056724,0.000656283319657991,0.000403587965552682,82003882
"63","2020/05/15",1635,55,144749,4007,0.00433755861301594,0.00432732517300146,0.00434781625349847,0.000638528066249304,0.000390076413679978,82003882
"64","2020/05/16",1708,48,146457,4055,0.00436432386084475,0.00435405123327156,0.00437462072489832,0.000634088644092235,0.000385173598826451,82003882
"65","2020/05/17",1610,41,148067,4096,0.00438258675611703,0.00437229110773202,0.00439290664817042,0.000628957173057903,0.000380090905970694,82003882
"66","2020/05/18",1368,44,149435,4140,0.0043986000567139,0.00438828797399019,0.00440893637190612,0.000610071305031361,0.000366863306658796,82003882
"67","2020/05/19",1158,31,150593,4171,0.00439643386590837,0.00438614121943952,0.00440675066540059,0.000571839548838957,0.000341984576851168,82003882
"68","2020/05/20",1022,28,151615,4199,0.00438934427556946,0.00437908093172775,0.00439963167382543,0.000538867263896858,0.000320658082043735,82003882
"69","2020/05/21",972,23,152587,4222,0.00437815439160415,0.00436792736435154,0.00438840536432969,0.000508962435511748,0.000301435674766446,82003882
"70","2020/05/22",961,27,153548,4249,0.00437354443307504,0.00436334015032936,0.0043837725799667,0.00048847673447139,0.000288083782342612,82003882
"71","2020/05/23",952,27,154500,4276,0.00437138888325486,0.00436120149457057,0.00438160006879613,0.000468155881879971,0.000274957711090934,82003882
"72","2020/05/24",1186,32,155686,4308,0.00438348039774751,0.00437327893322668,0.00439370565903044,0.000467647123266153,0.000273570945262775,82003882
"73","2020/05/25",1141,32,156827,4340,0.00439645828677418,0.00438624059074848,0.00440669978480296,0.000448117281461708,0.000260906632092694,82003882
"74","2020/05/26",987,29,157814,4369,0.00440384807927045,0.00439362567506985,0.00441409426736969,0.00042632644485788,0.000247066638596513,82003882
"75","2020/05/27",948,28,158762,4397,0.00441071632082287,0.00440048987408361,0.0044209665331464,0.00040366919990755,0.000232787045816357,82003882
"76","2020/05/28",1035,34,159797,4431,0.00442751161610597,0.00441726069704068,0.00443778632397361,0.000381448754287037,0.000218773528741008,82003882
"77","2020/05/29",1182,30,160979,4461,0.00444575448131782,0.00443547390672376,0.00445605888430456,0.000366438165501605,0.000208982205063049,82003882
"78","2020/05/30",1141,28,162120,4489,0.00446201530148364,0.0044517087362891,0.00447234572836644,0.000357574909256341,0.000202887110451889,82003882
"79","2020/05/31",983,26,163103,4515,0.00447283122043221,0.00446251032463259,0.00448317598640408,0.000350725245896689,0.000198171492404872,82003882
"80","2020/06/01",839,25,163942,4540,0.00447953312053956,0.00446920689514262,0.00448988320496417,0.000344062482490588,0.000193740330668556,82003882
"81","2020/06/02",827,23,164769,4563,0.00448488311084356,0.00447455376105566,0.00449523630557171,0.000338683334100867,0.000190129391252161,82003882
"82","2020/06/03",786,22,165555,4585,0.00448924064263383,0.00447890998078705,0.00449959513228128,0.000332624360479943,0.000186204462943873,82003882
"83","2020/06/04",867,24,166422,4609,0.00449892162971908,0.00448857819523557,0.00450928889950906,0.000329126479704723,0.000183743118463362,82003882
"84","2020/06/05",988,21,167410,4630,0.00451007177874777,0.0044997109220696,0.00452045649192539,0.000322350568777533,0.00017938172737561,82003882
"85","2020/06/06",930,18,168340,4648,0.00451769600110093,0.00450732457101594,0.00452809129602199,0.000315322155537968,0.000174926363055852,82003882
"86","2020/06/07",878,21,169218,4669,0.0045276000515338,0.00451721401822712,0.00453800996453434,0.00031127140260612,0.000172204815490159,82003882
"87","2020/06/08",914,23,170132,4692,0.00454106250626465,0.00453065449366565,0.00455149442859378,0.000309330069979304,0.000170678097381226,82003882
"88","2020/06/09",989,19,171121,4711,0.00455325612694395,0.0045428274115418,0.00456370878296612,0.000306968928698683,0.000168877905154212,82003882
"89","2020/06/10",993,18,172114,4729,0.00456508988687108,0.00455464088194241,0.00457556286332832,0.000300663628673684,0.000164877374066859,82003882
"90","2020/06/11",922,17,173036,4746,0.00457445077645023,0.00456398673171106,0.00458493881254581,0.000293634351137683,0.000160518701807814,82003882
"91","2020/06/12",987,17,174023,4763,0.00458584201887261,0.00457535827922185,0.00459634978042292,0.00029268655018279,0.000159522122674346,82003882
"92","2020/06/13",1195,15,175218,4778,0.00460105259045209,0.0045905396332786,0.00461158962372064,0.000301141333084607,0.000163635647683031,82003882
"93","2020/06/14",1459,14,176677,4792,0.00462230410216286,0.00461174774371547,0.00463288462427007,0.000316802063078184,0.000171589425461834,82003882
"94","2020/06/15",1562,15,178239,4807,0.00464690572334406,0.00463629872729605,0.00465753698624195,0.000336211867797487,0.000181536263537679,82003882
"95","2020/06/16",1592,18,179831,4825,0.0046744534888431,0.0046637903306219,0.00468514102700749,0.000354155867893398,0.000190639218766958,82003882
"96","2020/06/17",1467,17,181298,4842,0.00469675349902264,0.00468604577014854,0.00470748569531838,0.000365543360623516,0.000196185524612777,82003882
"97","2020/06/18",1429,19,182727,4861,0.00471890748917922,0.00470815630949268,0.00472968321942378,0.000377488986718945,0.000202046072931034,82003882
"98","2020/06/19",1304,21,184031,4882,0.00473880405669163,0.0047280153461892,0.00474961738561549,0.000387575243034471,0.000206937453228374,82003882
"99","2020/06/20",1214,23,185245,4905,0.00475758235315774,0.00474675942155713,0.0047684299617723,0.000394358032907538,0.000210061879708352,82003882
"100","2020/06/21",1248,22,186493,4927,0.00477581005799996,0.00476495375622016,0.00478669109439301,0.000400001759888112,0.000212547219626225,82003882
"101","2020/06/22",1192,23,187685,4950,0.00479335770418498,0.00478246994893929,0.0048042702464582,0.000404106720403982,0.000214225465758012,82003882
"102","2020/06/23",1212,24,188897,4974,0.00481231933776418,0.00480139728487231,0.00482326623576516,0.000410609129267691,0.00021719145667507,82003882
"103","2020/06/24",1268,27,190165,5001,0.00483564380573281,0.00482467868269615,0.00484663384937685,0.000416843332493938,0.000219998992856456,82003882
"104","2020/06/25",1492,24,191657,5025,0.00486180223489171,0.0048507864831406,0.00487284300254221,0.000423311674664722,0.000222845555268082,82003882
"105","2020/06/26",1458,21,193115,5046,0.00488409609222976,0.00487303734792611,0.00489517993296032,0.000422015116421604,0.000221561191569607,82003882
"106","2020/06/27",1396,19,194511,5065,0.00490258617789377,0.0048914923057447,0.0049137052108714,0.000416477616033278,0.000218047985592124,82003882
"107","2020/06/28",1372,17,195883,5082,0.00491817071246237,0.00490704753786459,0.00492931910079858,0.000409543577123396,0.000213796746503841,82003882
"108","2020/06/29",1356,15,197239,5097,0.00493109523676217,0.00491994802745312,0.00494226770249154,0.000405439917297511,0.000211046681133398,82003882
"109","2020/06/30",1374,18,198613,5115,0.00494711915792684,0.00493594201794865,0.00495832160785754,0.00040276017989819,0.000209037643689478,82003882
"110","2020/07/01",1293,16,199906,5131,0.00495900237662066,0.00494780391679125,0.00497022618213973,0.000401257164380248,0.000207668768162616,82003882
"111","2020/07/02",1192,19,201098,5150,0.00497117149544363,0.00495995216413692,0.00498241620469569,0.000399544839751296,0.000206224723515823,82003882
"112","2020/07/03",1186,17,202284,5167,0.00498129672899588,0.00497006039285664,0.00499255846829723,0.000396790966615776,0.000204226912148208,82003882
"113","2020/07/04",1172,19,203456,5186,0.00499318883682311,0.00498193222867536,0.00500447087912395,0.00039511109182582,0.000202790928251125,82003882
"114","2020/07/05",1154,20,204610,5206,0.00500587491615089,0.00499459659661415,0.00501717870330831,0.000392467436960015,0.00020085455697465,82003882
"115","2020/07/06",1148,19,205758,5225,0.00501777825605333,0.00500647961526093,0.00502910239565798,0.000388219919395795,0.000198070384767666,82003882
"116","2020/07/07",1086,16,206844,5241,0.00502564977263478,0.00501433880031381,0.0050369862594054,0.000376758388675089,0.000191559839172274,82003882
"117","2020/07/08",1053,19,207897,5260,0.00503599003370212,0.00502466223445485,0.00504734337079249,0.000365391255321341,0.000185131496399196,82003882
"118","2020/07/09",1041,22,208938,5282,0.00504934756311843,0.00503799720248826,0.00506072349555447,0.00035536309420617,0.000179432398632514,82003882
"119","2020/07/10",1024,18,209962,5300,0.00505894572891347,0.00504757982761971,0.00507033722340567,0.00034558818360975,0.000173901189572077,82003882
"120","2020/07/11",1003,23,210965,5323,0.00507330039631346,0.00506191001431022,0.0050847164091165,0.000335807567916683,0.000168425248138212,82003882
"121","2020/07/12",1016,21,211981,5344,0.00508655126266805,0.00507513816264009,0.00509799002876619,0.000325962757424937,0.000162946084628885,82003882
"122","2020/07/13",1012,19,212993,5363,0.00509828424763979,0.00508685112763959,0.00510974306452588,0.00031811136195777,0.000158521356206579,82003882
"123","2020/07/14",1008,19,214001,5382,0.00511037138592482,0.00509891744234691,0.00512185105904729,0.000312716120004148,0.000155369910467385,82003882
"124","2020/07/15",992,20,214993,5402,0.00512343833111163,0.00511196170280234,0.00513494072506727,0.000307150633757381,0.000152170165881482,82003882
"125","2020/07/16",947,17,215940,5419,0.00513297524526147,0.00512148279988358,0.0051444934793232,0.000300898120042161,0.000148661424711079,82003882
