"","date","cases","deaths","cum_cases","cum_deaths","p_cases","p_cases_low","p_cases_high","p_cases_active","p_cases_active_undetected","population"
"29828","2020/03/16",6,0,6,0,NA,NA,NA,1.81918981472007e-07,0,32981715
"29827","2020/03/17",2,0,8,0,0,NA,NA,2.42558641962675e-07,0,32981715
"29826","2020/03/18",8,0,16,0,0,NA,NA,4.85117283925351e-07,0,32981715
"29825","2020/03/19",7,0,23,0,0,0,NA,6.97356095642692e-07,0,32981715
"29824","2020/03/20",0,0,23,0,0,0,NA,6.97356095642692e-07,0,32981715
"29823","2020/03/21",10,0,33,0,0,0,NA,1.00055439809604e-06,0,32981715
"29822","2020/03/22",0,0,33,0,0,0,NA,1.00055439809604e-06,0,32981715
"29821","2020/03/23",13,0,46,0,0,0,NA,1.39471219128538e-06,0,32981715
"29820","2020/03/24",3,0,49,0,0,0,NA,1.48567168202139e-06,0,32981715
"29819","2020/03/25",6,0,55,0,0,0,NA,1.66759066349339e-06,0,32981715
"29818","2020/03/26",10,0,65,0,0,0,NA,1.97078896594674e-06,0,32981715
"29817","2020/03/27",18,0,83,0,0,0,NA,2.51654591036276e-06,0,32981715
"29816","2020/03/28",21,0,104,0,0,0,NA,2.97134336404277e-06,0,32981715
"29815","2020/03/29",29,1,133,1,1.03609123604795e-05,1.56228704969645e-06,6.87124078525741e-05,5.16985000771681e-06,1.37987122705001e-06,32981715
"29814","2020/03/30",12,0,145,1,9.25504022500591e-06,1.3784033790371e-06,6.21412939558469e-05,5.6932257292029e-06,1.78196762755476e-06,32981715
"29813","2020/03/31",4,1,149,2,1.55830590661025e-05,6.11632569780783e-06,3.97022235007321e-05,5.89932407362254e-06,2.0790254627104e-06,32981715
"29812","2020/04/01",24,0,173,2,1.50650088719925e-05,5.86900590673499e-06,3.86700057760671e-05,7.98926750095099e-06,3.44129296415082e-06,32981715
"29811","2020/04/02",14,0,187,2,1.38159397676662e-05,5.35030638086504e-06,3.56764973958218e-05,8.72041763030153e-06,4.05116377252003e-06,32981715
"29810","2020/04/03",3,0,190,2,1.20697446393183e-05,4.65163226089393e-06,3.13177670735213e-05,8.91099254565919e-06,4.15077919714168e-06,32981715
"29809","2020/04/04",37,0,227,2,1.2584843597523e-05,4.83274115651894e-06,3.27719369286887e-05,1.05681088190265e-05,5.08021954462093e-06,32981715
"29808","2020/04/05",39,0,266,2,1.301773240807e-05,4.9838403261994e-06,3.40021641859752e-05,1.23857642302255e-05,5.80636106698796e-06,32981715
"29807","2020/04/06",76,0,342,2,1.47959739247594e-05,5.65014554178883e-06,3.87460540198494e-05,1.54918394542556e-05,6.79004817384464e-06,32981715
"29806","2020/04/07",55,0,397,2,1.50715890997296e-05,5.7420627690458e-06,3.9559441811681e-05,1.72766446794726e-05,7.21046103802159e-06,32981715
"29805","2020/04/08",107,0,504,2,1.66002912748255e-05,6.31083243190191e-06,4.36661365014249e-05,2.02551559223708e-05,7.49050738908496e-06,32981715
"29804","2020/04/09",51,1,555,3,2.35356320625299e-05,1.23782124320735e-05,4.47500783834906e-05,2.17811732443161e-05,8.10692980367024e-06,32981715
"29803","2020/04/10",27,0,582,3,2.10362934134063e-05,1.10429874625083e-05,4.00730003612996e-05,2.049793745933e-05,6.88433367917485e-06,32981715
"29802","2020/04/11",42,0,624,3,1.93332870546159e-05,1.01331008724132e-05,3.68866345102478e-05,2.10332820322496e-05,6.51008334473443e-06,32981715
"29801","2020/04/12",172,1,796,4,2.85483611385722e-05,1.75966763024903e-05,4.63160718358501e-05,2.67836862276634e-05,7.16675605893205e-06,32981715
"29800","2020/04/13",69,0,865,4,2.70912646410538e-05,1.66814434913001e-05,4.39971888664421e-05,2.68547800954017e-05,5.87345756563027e-06,32981715
"29799","2020/04/14",133,0,998,4,2.72701056340921e-05,1.67766583017878e-05,4.43269838317739e-05,2.98529690862273e-05,5.26358675726107e-06,32981715
"29798","2020/04/15",167,0,1165,4,2.78129111267022e-05,1.70975800400173e-05,4.52437142292244e-05,3.47258058218405e-05,5.16397133263941e-06,32981715
"29797","2020/04/16",137,0,1302,4,2.71493220886204e-05,1.66784616492347e-05,4.41938654399502e-05,3.68283484988947e-05,4.23453098516017e-06,32981715
"29796","2020/04/17",78,0,1380,4,2.51265153527424e-05,1.54265824523149e-05,4.09255760777307e-05,3.72846803560957e-05,3.50838946279313e-06,32981715
"29795","2020/04/18",70,0,1450,4,2.3150444868594e-05,1.42063371042889e-05,3.77256356567808e-05,3.6119074267767e-05,2.52470235593645e-06,32981715
"29794","2020/04/19",45,1,1495,5,2.6400357860053e-05,1.7861350656916e-05,3.90216231978507e-05,3.53954631011367e-05,2.1042894917595e-06,32981715
"29793","2020/04/20",70,0,1565,5,2.47334107270767e-05,1.67280280845777e-05,3.65698576724811e-05,3.3993583030996e-05,1.82424314069613e-06,32981715
"29792","2020/04/21",92,0,1657,5,2.37059186852901e-05,1.60288037856905e-05,3.50600449183411e-05,3.46202736564694e-05,1.20782072611085e-06,32981715
"29791","2020/04/22",35,1,1692,6,2.65414299675973e-05,1.91534734492649e-05,3.67790994458974e-05,3.47055571958774e-05,1.05054562355624e-06,32981715
"29790","2020/04/23",24,1,1716,7,2.89233268738563e-05,2.18654563766693e-05,3.82593815121352e-05,3.41319541853971e-05,1.0226995574919e-06,32981715
"29789","2020/04/24",62,0,1778,7,2.78288119372593e-05,2.10347595782141e-05,3.68172866896679e-05,2.9843042309057e-05,6.8969008138642e-08,32981715
"29788","2020/04/25",58,1,1836,8,3.07280266296814e-05,2.40504168933595e-05,3.92596778983533e-05,2.94405551682197e-05,0,32981715
"29787","2020/04/26",29,0,1865,8,2.93773478184133e-05,2.29907204061309e-05,3.75381262352218e-05,2.62872928227049e-05,0,32981715
"29786","2020/04/27",22,0,1887,8,2.81177966866729e-05,2.20028993513289e-05,3.59321050325725e-05,2.18909174371315e-05,0,32981715
"29785","2020/04/28",17,0,1904,8,2.69726898044978e-05,2.11051005472281e-05,3.44715721046499e-05,1.82525378076913e-05,0,32981715
"29784","2020/04/29",35,0,1939,8,2.62426420320886e-05,2.0532418055907e-05,3.35409233802454e-05,1.69487851071419e-05,0,32981715
"29783","2020/04/30",63,1,2002,9,2.92500081896724e-05,2.3515533788773e-05,3.63828857461179e-05,1.67365462954246e-05,0,32981715
"29782","2020/05/01",44,0,2046,9,2.87776751611359e-05,2.31345384730241e-05,3.57973247940745e-05,1.67062264651793e-05,0,32981715
"29781","2020/05/02",48,0,2094,9,2.84159952534615e-05,2.28426672656692e-05,3.53491462644694e-05,1.60391901997819e-05,0,32981715
"29780","2020/05/03",33,0,2127,9,2.78965047049537e-05,2.24240459962354e-05,3.47044853049335e-05,1.42503202153072e-05,0,32981715
"29779","2020/05/04",22,1,2149,10,3.03158278745683e-05,2.49042702765975e-05,3.69032864449789e-05,1.38561624221178e-05,0,32981715
"29778","2020/05/05",40,0,2189,10,2.99467570810553e-05,2.46001359872258e-05,3.6455418788637e-05,1.43412797060432e-05,0,32981715
"29777","2020/05/06",18,0,2207,10,2.93336745053154e-05,2.4095675535688e-05,3.57103273037255e-05,1.30072071752485e-05,0,32981715
"29776","2020/05/07",26,0,2233,10,2.88836740388054e-05,2.37252682157875e-05,3.51636330680053e-05,1.20369726073978e-05,0,32981715
"29775","2020/05/08",65,0,2298,10,2.89780812033694e-05,2.38021371689058e-05,3.52795710851571e-05,1.31284864962298e-05,0,32981715
"29774","2020/05/09",38,0,2336,10,2.87539776913519e-05,2.36174219494527e-05,3.50076835161902e-05,1.36136037801552e-05,0,32981715
"29773","2020/05/10",51,0,2387,10,2.86993590187836e-05,2.35719652347203e-05,3.49420678287713e-05,1.46444780084965e-05,0,32981715
"29772","2020/05/11",31,0,2418,10,2.84111539540097e-05,2.33346749077248e-05,3.45920254809818e-05,1.45231986875152e-05,0,32981715
"29771","2020/05/12",91,0,2509,10,2.88238352958734e-05,2.36730736752819e-05,3.50952940272865e-05,1.53721539343846e-05,0,32981715
"29770","2020/05/13",38,0,2547,10,2.8614594759303e-05,2.35006820805201e-05,3.48413305806913e-05,1.51902349529125e-05,0,32981715
"29769","2020/05/14",65,1,2612,11,3.15610531407427e-05,2.63859732647947e-05,3.77511212247692e-05,1.57056720670832e-05,0,32981715
"29768","2020/05/15",33,0,2645,11,3.12474585761705e-05,2.6123223354531e-05,3.73768448946075e-05,1.57056720670832e-05,0,32981715
"29767","2020/05/16",46,0,2691,11,3.10854255724214e-05,2.59872145512321e-05,3.71838113358992e-05,1.64333479929713e-05,0,32981715
"29766","2020/05/17",50,0,2741,11,3.09730820732119e-05,2.58927630675712e-05,3.70501908433023e-05,1.67365462954246e-05,0,32981715
"29765","2020/05/18",12,1,2753,12,3.32121300046597e-05,2.81793479972165e-05,3.91437580300074e-05,1.65546273139526e-05,0,32981715
"29764","2020/05/19",49,1,2802,13,3.58617620618154e-05,3.08115930276343e-05,4.17396782121852e-05,1.72519834095953e-05,0,32981715
"29763","2020/05/20",78,0,2880,13,3.61281835803383e-05,3.10399575216669e-05,4.20504972631977e-05,1.76461412027846e-05,0,32981715
"29762","2020/05/21",70,0,2950,13,3.62872112520543e-05,3.11760679546288e-05,4.22362981235327e-05,1.86163757706353e-05,0,32981715
"29761","2020/05/22",56,0,3006,13,3.62536379178105e-05,3.11467127839915e-05,4.21979125498995e-05,1.8767974921862e-05,0,32981715
"29760","2020/05/23",72,0,3078,13,3.63881699983331e-05,3.12617797073882e-05,4.23551994870805e-05,2.00110879619207e-05,0,32981715
"29759","2020/05/24",54,0,3132,13,3.62871773588624e-05,3.11745122423636e-05,4.22383269523674e-05,1.88892542428433e-05,0,32981715
"29758","2020/05/25",32,0,3164,13,3.59199699348899e-05,3.08585449712558e-05,4.18115708736506e-05,1.87073352613713e-05,0,32981715
"29757","2020/05/26",97,0,3261,13,3.62819778468297e-05,3.11690605222873e-05,4.22336090475542e-05,1.9677569829222e-05,0,32981715
"29756","2020/05/27",72,1,3333,14,3.91456222047076e-05,3.3992757215713e-05,4.50795952817078e-05,2.08600432087901e-05,0,32981715
"29755","2020/05/28",0,0,3333,14,3.83636776018884e-05,3.33132479967728e-05,4.4179773742993e-05,1.94653310175047e-05,0,32981715
"29754","2020/05/29",111,0,3444,14,3.88561159015165e-05,3.37403684252154e-05,4.47475179857181e-05,2.13148406624701e-05,0,32981715
"29753","2020/05/30",69,0,3513,14,3.88653172521441e-05,3.37478870035254e-05,4.47587395605542e-05,2.30430709864542e-05,0,32981715
"29752","2020/05/31",41,0,3554,14,3.85524232349267e-05,3.3475725971562e-05,4.43990173222094e-05,2.28005123444915e-05,0,32981715
"29751","2020/06/01",108,1,3662,15,4.17329521235312e-05,3.65767432113678e-05,4.76160297509391e-05,2.37101072518515e-05,0,32981715
"29750","2020/06/02",56,0,3718,15,4.15479484620739e-05,3.64141201941077e-05,4.74055671867222e-05,2.32856296284168e-05,0,32981715
"29749","2020/06/03",51,0,3769,15,4.12928158209003e-05,3.61900409591144e-05,4.71150789894138e-05,2.31340304771902e-05,0,32981715
"29748","2020/06/04",105,1,3874,16,4.43907413635475e-05,3.92236656041932e-05,5.02384947569689e-05,2.41345848752862e-05,0,32981715
"29747","2020/06/05",91,0,3965,16,4.45527189517044e-05,3.93662987357927e-05,5.04224382208635e-05,2.52564185943636e-05,0,32981715
"29746","2020/06/06",57,0,4022,16,4.43071815271956e-05,3.91488680615645e-05,5.01451620975784e-05,2.60144143504969e-05,0,32981715
"29745","2020/06/07",159,1,4181,17,4.79705471176862e-05,4.26917528657027e-05,5.39020592105706e-05,2.78942438257077e-05,0,32981715
"29744","2020/06/08",171,0,4352,17,4.89312273258508e-05,4.35461886651214e-05,5.49821943322399e-05,3.08959070199958e-05,0,32981715
"29743","2020/06/09",96,1,4448,18,5.18354098362585e-05,4.64266018464656e-05,5.78743566410176e-05,3.38066107235479e-05,0,32981715
"29742","2020/06/10",99,0,4547,18,5.18086343631405e-05,4.64020258253793e-05,5.78452028080531e-05,3.34427727606039e-05,0,32981715
"29741","2020/06/11",148,1,4695,19,5.51713658793566e-05,4.96971952643981e-05,6.12485190924728e-05,3.58380393499853e-05,0,32981715
"29740","2020/06/12",124,0,4819,19,5.53033452270158e-05,4.98154296504578e-05,6.13958368874649e-05,3.8354585260348e-05,0,32981715
"29739","2020/06/13",82,0,4901,19,5.49000277535865e-05,4.94514983521114e-05,6.09488720823742e-05,3.75662696739694e-05,0,32981715
"29738","2020/06/14",93,0,4994,19,5.4593675727177e-05,4.91749271091037e-05,6.06095342610561e-05,3.86881033930467e-05,0,32981715
"29737","2020/06/15",109,0,5103,19,5.44538574712028e-05,4.90483882144505e-05,6.04550465660452e-05,4.04466535472761e-05,0,32981715
"29736","2020/06/16",190,0,5293,19,5.51545452748861e-05,4.96789368166627e-05,6.12336748611566e-05,4.30238391181295e-05,0,32981715
"29735","2020/06/17",268,0,5561,19,5.65884317269028e-05,5.09698868971196e-05,6.28263235461743e-05,4.83904490715537e-05,0,32981715
"29734","2020/06/18",136,0,5697,19,5.65637159810243e-05,5.09470344898207e-05,6.27996113536548e-05,5.07857156609352e-05,0,32981715
"29733","2020/06/19",158,0,5855,19,5.66483512467727e-05,5.10226536873665e-05,6.28943315775108e-05,5.07553958306898e-05,0,32981715
"29732","2020/06/20",170,0,6025,19,5.67626789351015e-05,5.11250196446819e-05,6.30220143147577e-05,5.07250760004445e-05,0,32981715
"29731","2020/06/21",191,0,6216,19,5.70008384680041e-05,5.13389215625318e-05,6.32871803140242e-05,5.36054598737513e-05,0,32981715
"29730","2020/06/22",142,0,6358,19,5.67301190800125e-05,5.10944956966783e-05,6.29873407487536e-05,5.49092125743006e-05,0,32981715
"29729","2020/06/23",142,0,6500,19,5.6422500671003e-05,5.0816860947283e-05,6.26465020197109e-05,5.47272935928286e-05,0,32981715
"29728","2020/06/24",255,0,6755,19,5.70536309178875e-05,5.13847240648226e-05,6.33479474718625e-05,5.86991913549674e-05,0,32981715
"29727","2020/06/25",235,0,6990,19,5.74486211275947e-05,5.17399141374057e-05,6.37871964900675e-05,6.33381253825036e-05,0,32981715
"29726","2020/06/26",238,1,7228,20,6.08216713386141e-05,5.50604682250293e-05,6.71856928150998e-05,6.77345007680771e-05,0,32981715
"29725","2020/06/27",262,0,7490,20,6.12671536996839e-05,5.54631719447276e-05,6.76784971151928e-05,7.23734347956133e-05,0,32981715
"29724","2020/06/28",235,0,7725,20,6.13862963665286e-05,5.55704486532808e-05,6.78108144332359e-05,7.37378271566533e-05,0,32981715
"29723","2020/06/29",306,2,8031,22,6.81563289617004e-05,6.22505717774308e-05,7.46223696409435e-05,7.4889980705976e-05,0,32981715
"29722","2020/06/30",267,2,8298,24,7.45465937652168e-05,6.85937958127318e-05,8.10159953411526e-05,7.88618784681148e-05,0,32981715
"29721","2020/07/01",329,2,8627,26,8.14221795253416e-05,7.53917165678729e-05,8.79350095801115e-05,8.4046569440067e-05,0,32981715
"29720","2020/07/02",277,0,8904,26,8.14490023308902e-05,7.54158019752625e-05,8.79648536108305e-05,8.72907912763178e-05,0,32981715
"29719","2020/07/03",295,1,9199,27,8.46481410942938e-05,7.85963357761759e-05,9.1165926756746e-05,9.04440536218326e-05,0,32981715
"29718","2020/07/04",301,2,9500,29,9.09263102919053e-05,8.4848569127925e-05,9.74394027886895e-05,9.52649066308408e-05,0,32981715
"29717","2020/07/05",329,2,9829,31,9.73707681493203e-05,9.12584722656227e-05,0.000103892452444224,0.000100934714886718,0,32981715
"29716","2020/07/06",314,4,10143,35,0.000109834691338238,0.00010368556992196,0.000116348489287815,0.000102723584871193,0,32981715
"29715","2020/07/07",316,3,10459,38,0.000119040870020011,0.000112873266151115,0.000125545483162943,0.000105179491121065,0,32981715
"29714","2020/07/08",379,3,10838,41,0.000128851157345499,0.000122636197071834,0.000135381079531924,0.000109454587185657,0,32981715
"29713","2020/07/09",421,6,11259,47,0.000148557476591003,0.000142256356466631,0.000155137699286311,0.000114275440194665,0,32981715
"29712","2020/07/10",464,5,11723,52,0.000165650885277384,0.000159260797771282,0.000172297364933388,0.000121218681320847,0,32981715
"29711","2020/07/11",483,3,12206,55,0.000176499318416619,0.000170038637646562,0.000183205475136085,0.000126585291274271,0,32981715
"29710","2020/07/12",307,2,12513,57,0.000181307057026852,0.000174887578040844,0.000187962171447425,0.000127798084484085,0,32981715
"29709","2020/07/13",680,4,13193,61,0.000197722442085581,0.000191150822758772,0.000204519988666864,0.000138440344900197,0,32981715
"29708","2020/07/14",679,3,13872,64,0.000210748225010688,0.000204049260073318,0.000217667117877303,0.000150628916658821,0,32981715
"29707","2020/07/15",421,4,14293,68,0.000222679494246499,0.000215988431582154,0.000229577838010346,0.000154449215269734,0,32981715
"29706","2020/07/16",494,4,14787,72,0.000235199642743586,0.000228496310895046,0.000242099628348572,0.000160300942507083,0,32981715
"29705","2020/07/17",562,4,15349,76,0.000248410337203449,0.000241674788903009,0.000255333607239835,0.000167365462954246,0,32981715
"29704","2020/07/18",547,4,15896,80,0.000261037858382186,0.000254285863444908,0.000267969137511733,0.000174429983401409,0,32981715
"29703","2020/07/19",533,4,16429,84,0.000273079690042811,0.000266324997883286,0.000280005698701096,0.000181009386564646,0,32981715
"29702","2020/07/20",537,4,16966,88,0.000284845852101137,0.000278093153292021,0.000291762520934926,0.000185799919743409,0,32981715
"29701","2020/07/21",624,4,17590,92,0.000297774612385876,0.000290995318336529,0.000304711843092316,0.000191954845283212,0,32981715
"29700","2020/07/22",581,4,18171,96,0.00030967671860201,0.000302893458330358,0.000316611889120145,0.000195502265421916,0,32981715
"29699","2020/07/23",360,3,18531,99,0.000314286586782309,0.000307590889639025,0.000321128037137878,0.00019177292630174,0,32981715
