"","date","cases","deaths","cum_cases","cum_deaths","p_cases","p_cases_low","p_cases_high","population"
"1",NA,10,0,10,0,NA,NA,NA,28515829
"2",NA,5,0,15,0,0,NA,NA,28515829
"3",NA,18,0,33,0,0,0,NA,28515829
"4",NA,0,0,33,0,0,0,NA,28515829
"5",NA,0,0,33,0,0,0,NA,28515829
"6",NA,0,0,33,0,0,0,NA,28515829
"7",NA,3,0,36,0,0,0,NA,28515829
"8",NA,0,0,36,0,0,0,NA,28515829
"9",NA,0,0,36,0,0,0,NA,28515829
"10",NA,48,0,84,0,0,0,NA,28515829
"11",NA,7,0,91,0,0,0,NA,28515829
"12",NA,15,0,106,0,0,0,NA,28515829
"13",NA,1,1,107,1,9.83299928621691e-06,1.48268481674718e-06,6.52113475977068e-05,28515829
"14",NA,12,0,119,1,8.9369535390454e-06,1.33102900225481e-06,6.00055584241626e-05,28515829
"15",NA,0,0,119,1,7.48202087096159e-06,1.1047437768414e-06,5.06729591847627e-05,28515829
"16",NA,0,0,119,1,6.4092279519078e-06,9.39461400172356e-07,4.37252695342032e-05,28515829
"17",NA,16,2,135,3,1.91398573981545e-05,1.03072383928667e-05,3.55414444935336e-05,28515829
"18",NA,0,0,135,3,1.70951374018885e-05,9.17275704642427e-06,3.18599654727987e-05,28515829
"19",NA,8,0,143,3,1.63604052944886e-05,8.74861155970969e-06,3.05948960670065e-05,28515829
"20",NA,1,0,144,3,1.50459309225332e-05,8.02638365551473e-06,2.82044874804982e-05,28515829
"21",NA,0,0,144,3,1.38686856885897e-05,7.38330056969793e-06,2.6050739897856e-05,28515829
"22",NA,0,2,144,5,2.15125037958807e-05,1.48470867570371e-05,3.11702778559191e-05,28515829
"23",NA,4,0,148,5,2.07738583075069e-05,1.43155212703858e-05,3.01458243000286e-05,28515829
"24",NA,11,0,159,5,2.11369516096779e-05,1.45494027273753e-05,3.07071521574729e-05,28515829
"25",NA,7,2,166,7,2.93945347385473e-05,2.26128712913702e-05,3.8210038051444e-05,28515829
"26",NA,1,1,167,8,3.22065489120956e-05,2.56347021787638e-05,4.04631887506963e-05,28515829
"27",NA,4,1,171,9,3.54146940649459e-05,2.89415341483698e-05,4.33356624871375e-05,28515829
"28",NA,4,0,175,9,3.46899937552167e-05,2.83273420373566e-05,4.2481771327151e-05,28515829
"29",NA,0,0,175,9,3.32914718305461e-05,2.71660307971956e-05,4.07980873215552e-05,28515829
"30",NA,6,0,181,9,3.31396920231067e-05,2.70245158231865e-05,4.06386258526081e-05,28515829
"31",NA,8,0,189,9,3.33983654357503e-05,2.72222182398284e-05,4.09757501740958e-05,28515829
"32",NA,4,0,193,9,3.29630734530324e-05,2.68521943283172e-05,4.04646338464845e-05,28515829
"33",NA,4,0,197,9,3.25394453915947e-05,2.64958650516522e-05,3.99615375579725e-05,28515829
"34",NA,7,0,204,9,3.26151586157872e-05,2.6544330674015e-05,4.00744168160282e-05,28515829
"35",NA,23,0,227,9,3.51556990392532e-05,2.85987414587296e-05,4.32159987432345e-05,28515829
"36",NA,0,0,227,9,3.40082327973263e-05,2.76533208173519e-05,4.18235446525982e-05,28515829
"37",NA,29,0,256,9,3.70099338483423e-05,3.00819147112188e-05,4.55335113009891e-05,28515829
"38",NA,0,0,256,9,3.56273094841357e-05,2.89449691685215e-05,4.38523590641373e-05,28515829
"39",NA,29,1,285,10,4.22980798536899e-05,3.51039684840759e-05,5.09665327474505e-05,28515829
"40",NA,3,0,288,10,4.09401877550815e-05,3.3959627530882e-05,4.93556347724109e-05,28515829
"41",NA,10,0,298,10,4.0483185919152e-05,3.35648206948826e-05,4.88275613644049e-05,28515829
"42",NA,20,0,318,10,4.12876929137262e-05,3.42153703882476e-05,4.98218656350915e-05,28515829
"43",NA,5,0,323,10,4.0087792852599e-05,3.32064240420073e-05,4.83951880443355e-05,28515829
"44",NA,2,0,325,10,3.85645848098464e-05,3.19318437435213e-05,4.65750494553756e-05,28515829
"45",NA,4,0,329,10,3.73956073515166e-05,3.09512613745923e-05,4.51817272409055e-05,28515829
"46",NA,0,0,329,10,3.59303964985282e-05,2.97284993577462e-05,4.34261204040579e-05,28515829
"47",NA,2,0,331,10,3.48540605752464e-05,2.88298968219304e-05,4.2137006111616e-05,28515829
"48",NA,2,0,333,10,3.39333572871835e-05,2.80609944397658e-05,4.10346375732099e-05,28515829
"49",NA,2,0,335,10,3.31475804548585e-05,2.7404485156306e-05,4.00942431045264e-05,28515829
"50",NA,10,0,345,10,3.32461573269485e-05,2.748042519825e-05,4.02216111662857e-05,28515829
"51",NA,12,0,357,10,3.35758177255681e-05,2.77483356848412e-05,4.06271406236602e-05,28515829
"52",NA,4,0,361,10,3.31614974293297e-05,2.74008985247585e-05,4.01331697484957e-05,28515829
"53",NA,6,0,367,10,3.29350102755825e-05,2.72096730154552e-05,3.98650473027223e-05,28515829
"54",NA,12,0,379,10,3.32440295817187e-05,2.74603821466041e-05,4.02458165705775e-05,28515829
"55",NA,2,0,381,10,3.26742085596275e-05,2.69859987249485e-05,3.95614005573578e-05,28515829
"56",NA,7,0,388,10,3.25388894153413e-05,2.6870126346395e-05,3.94035856301756e-05,28515829
"57",NA,14,0,402,10,3.29877358218439e-05,2.72367983032615e-05,3.99529600555679e-05,28515829
"58",NA,12,0,414,10,3.32484400010179e-05,2.74487570629769e-05,4.02735453545303e-05,28515829
"59",NA,8,0,422,10,3.31529967430857e-05,2.73662835964843e-05,4.01633341689206e-05,28515829
"60",NA,1,0,423,10,3.24914678280832e-05,2.68162885112152e-05,3.93676955400391e-05,28515829
"61",NA,17,0,440,10,3.30503366999986e-05,2.72741966321114e-05,4.00497499786013e-05,28515829
"62",NA,15,0,455,10,3.34336493555581e-05,2.75868195178863e-05,4.05196731180143e-05,28515829
"63",NA,4,0,459,10,3.29783875245967e-05,2.72076899769784e-05,3.99730386755626e-05,28515829
"64",NA,45,0,504,10,3.53928164465837e-05,2.91960593225456e-05,4.29048126729298e-05,28515829
"65",NA,37,0,541,10,3.70840583106693e-05,3.05871720653965e-05,4.4960919494252e-05,28515829
"66",NA,77,0,618,10,4.11965866796604e-05,3.39745008691095e-05,4.99538980894307e-05,28515829
"67",NA,131,0,749,10,4.82615679103741e-05,3.97941801529679e-05,5.85306426269958e-05,28515829
"68",NA,75,0,824,10,5.07691253396928e-05,4.18526948936886e-05,6.15851403190317e-05,28515829
"69",NA,58,0,882,10,5.12952975865024e-05,4.227495013993e-05,6.22403467249174e-05,28515829
"70",NA,62,0,944,10,5.13647034035777e-05,4.23199557105119e-05,6.23425216648365e-05,28515829
"71",NA,0,0,944,10,4.78479900770702e-05,3.94112691528249e-05,5.80907492610223e-05,28515829
"72",NA,177,0,1121,10,5.29456075783392e-05,4.35983254999509e-05,6.42969042891945e-05,28515829
"73",NA,56,0,1177,10,5.18169116592432e-05,4.26583896056834e-05,6.29417181173685e-05,28515829
"74",NA,34,1,1211,11,5.45088679292885e-05,4.56703043248712e-05,6.50579567369895e-05,28515829
"75",NA,34,0,1245,11,5.21078115705086e-05,4.36488829877968e-05,6.22060369202746e-05,28515829
"76",NA,82,0,1327,11,5.18230934338506e-05,4.34018465570457e-05,6.18783122400961e-05,28515829
"77",NA,42,3,1369,14,6.37328386246695e-05,5.54441330068694e-05,7.32606769891219e-05,28515829
"78",NA,90,0,1459,14,6.38143493397109e-05,5.55064598104263e-05,7.33657162708426e-05,28515829
"79",NA,51,0,1510,14,6.22134622129607e-05,5.41064317056837e-05,7.15352086342983e-05,28515829
"80",NA,152,3,1662,17,7.84766424330311e-05,6.99485168058085e-05,8.80445174364355e-05,28515829
"81",NA,157,1,1819,18,8.58979294106659e-05,7.7046107819179e-05,9.57667361258063e-05,28515829
"82",NA,133,2,1952,20,9.65565817478513e-05,8.75445803783306e-05,0.000106496295242249,28515829
"83",NA,135,0,2087,20,9.70598531977195e-05,8.79907387654312e-05,0.000107063711874004,28515829
"84",NA,58,0,2145,20,9.36035660476773e-05,8.48479975483521e-05,0.000103262632354392,28515829
"85",NA,171,2,2316,22,0.000104302263715922,9.53822053718719e-05,0.000114056517920207,28515829
"86",NA,61,0,2377,22,0.000100540902543592,9.19336236619619e-05,0.000109954037289433,28515829
"87",NA,96,0,2473,22,9.83590473648399e-05,8.99305904111428e-05,0.000107577434489078,28515829
"88",NA,159,1,2632,23,0.000103161831579212,9.46803616922283e-05,0.000112403071815168,28515829
"89",NA,106,0,2738,23,0.000101365205729529,9.30246303601573e-05,0.000110453595921952,28515829
"90",NA,76,0,2814,23,9.85330055339775e-05,9.04194179551178e-05,0.000107374648047149,28515829
"91",NA,65,0,2879,23,9.55271947998495e-05,8.7655739252556e-05,0.000104105504375885,28515829
"92",NA,25,1,2904,24,9.55375378288659e-05,8.79721467390524e-05,0.000103753534189364,28515829
"93",NA,74,1,2978,25,9.73081636777719e-05,8.98913415449148e-05,0.000105336938526041,28515829
"94",NA,84,1,3062,26,9.95847977827182e-05,9.22682392007425e-05,0.000107481534657324,28515829
"95",NA,88,1,3150,27,0.000102122948281898,9.48808271081253e-05,0.000109917850462058,28515829
"96",NA,334,1,3484,28,0.000112693170431789,0.000104969542355014,0.000120985100792541,28515829
"97",NA,107,2,3591,30,0.000119737367790066,0.000112048891640289,0.000127953405298462,28515829
"98",NA,199,3,3790,33,0.000133489348564191,0.000125657686909422,0.000141809121418389,28515829
"99",NA,128,0,3918,33,0.000132344539575807,0.000124575829798671,0.00014059771613674,28515829
"100",NA,130,2,4048,35,0.000138966246286749,0.000131249230994766,0.000147136996237332,28515829
"101",NA,138,0,4186,35,0.000137715321077626,0.000130063694800889,0.000145817091299362,28515829
"102",NA,179,3,4365,38,0.000149514057485586,0.000141828312554002,0.000157616296656506,28515829
"103",NA,198,1,4563,39,0.00015392862767277,0.0001462050743598,0.000162060191966477,28515829
"104",NA,216,2,4779,41,0.000162679996163973,0.000154892449137302,0.000170859078665938,28515829
"105",NA,351,1,5130,42,0.000171685843672857,0.000163649143801554,0.000180117220493401,28515829
"106",NA,167,2,5297,44,0.000178065713108867,0.000170086478598963,0.000186419275924516,28515829
"107",NA,233,4,5530,48,0.000194191976381212,0.000186175281394616,0.000202553869710073,28515829
"108",NA,302,3,5832,51,0.000208279474533641,0.000200156594574417,0.000216732002281748,28515829
"109",NA,230,3,6062,54,0.000219342469770334,0.000211233759489809,0.00022776245218166,28515829
"110",NA,211,3,6273,57,0.000229178561600429,0.000221123266199855,0.000237527303209109,28515829
"111",NA,264,2,6537,59,0.000236519014064401,0.000228466991583517,0.000244854819623022,28515829
"112",NA,213,3,6750,62,0.000245691479537804,0.00023770418117496,0.000253947165839058,28515829
"113",NA,419,2,7169,64,0.000258043931196848,0.000249897085014861,0.000266456371123991,28515829
"114",NA,242,4,7411,68,0.000271607866533329,0.000263502282616748,0.000279962786015341,28515829
"115",NA,282,3,7693,71,0.000282055168859755,0.000273966504288952,0.000290382645451425,28515829
"116",NA,317,4,8010,75,0.000297310822164172,0.000289205352557828,0.000305643461278129,28515829
"117",NA,362,5,8372,80,0.000317796366968127,0.00030963286013264,0.00032617510562308,28515829
"118",NA,431,3,8803,83,0.000332472739306063,0.000324214345868899,0.00034094149068399,28515829
