"","date","cases","deaths","cum_cases","cum_deaths","cases_active","cases_active_undected","p_cases","p_cases_low","p_cases_high","p_cases_daily","p_cases_active","p_cases_active_undetected","population"
"30556","2019/12/31",0,0,0,0,0,0,NA,NA,NA,0,0,0,96462108
"30555","2020/01/01",0,0,0,0,0,0,NA,NA,NA,0,0,0,96462108
"30554","2020/01/02",0,0,0,0,0,0,NA,NA,NA,0,0,0,96462108
"30553","2020/01/03",0,0,0,0,0,0,NA,NA,NA,0,0,0,96462108
"30552","2020/01/04",0,0,0,0,0,0,NA,NA,NA,0,0,0,96462108
"30551","2020/01/05",0,0,0,0,0,0,NA,NA,NA,0,0,0,96462108
"30550","2020/01/06",0,0,0,0,0,0,NA,NA,NA,0,0,0,96462108
"30549","2020/01/07",0,0,0,0,0,0,NA,NA,NA,0,0,0,96462108
"30548","2020/01/08",0,0,0,0,0,0,NA,NA,NA,0,0,0,96462108
"30547","2020/01/09",0,0,0,0,0,0,NA,NA,NA,0,0,0,96462108
"30546","2020/01/10",0,0,0,0,0,0,NA,NA,NA,0,0,0,96462108
"30545","2020/01/11",0,0,0,0,0,0,NA,NA,NA,0,0,0,96462108
"30544","2020/01/12",0,0,0,0,0,0,NA,NA,NA,0,0,0,96462108
"30543","2020/01/13",0,0,0,0,0,0,NA,NA,NA,0,0,0,96462108
"30542","2020/01/14",0,0,0,0,0,0,NA,NA,NA,0,0,0,96462108
"30541","2020/01/15",0,0,0,0,0,0,NA,NA,NA,0,0,0,96462108
"30540","2020/01/16",0,0,0,0,0,0,NA,NA,NA,0,0,0,96462108
"30539","2020/01/17",0,0,0,0,0,0,NA,NA,NA,0,0,0,96462108
"30538","2020/01/18",0,0,0,0,0,0,NA,NA,NA,0,0,0,96462108
"30537","2020/01/19",0,0,0,0,0,0,NA,NA,NA,0,0,0,96462108
"30536","2020/01/20",0,0,0,0,0,0,NA,NA,NA,0,0,0,96462108
"30535","2020/01/21",0,0,0,0,0,0,NA,NA,NA,0,0,0,96462108
"30534","2020/01/22",0,0,0,0,0,0,NA,NA,NA,0,0,0,96462108
"30533","2020/01/23",0,0,0,0,0,0,NA,NA,NA,0,0,0,96462108
"30532","2020/01/24",2,0,2,0,2,0,NA,NA,NA,2,2.07335298954902e-08,0,96462108
"30531","2020/01/25",0,0,2,0,2,0,0,NA,NA,0,2.07335298954902e-08,0,96462108
"30530","2020/01/26",0,0,2,0,2,0,0,NA,NA,0,2.07335298954902e-08,0,96462108
"30529","2020/01/27",0,0,2,0,2,0,0,NA,NA,0,2.07335298954902e-08,0,96462108
"30528","2020/01/28",0,0,2,0,2,0,0,NA,NA,0,2.07335298954902e-08,0,96462108
"30527","2020/01/29",0,0,2,0,2,0,0,0,NA,0,2.07335298954902e-08,0,96462108
"30526","2020/01/30",0,0,2,0,2,0,0,0,NA,0,2.07335298954902e-08,0,96462108
"30525","2020/01/31",3,0,5,0,5,0,0,0,NA,3,5.18338247387254e-08,0,96462108
"30524","2020/02/01",0,0,5,0,5,0,0,0,NA,0,5.18338247387254e-08,0,96462108
"30523","2020/02/02",2,0,7,0,7,0,0,0,NA,2,7.25673546342155e-08,0,96462108
"30522","2020/02/03",1,0,8,0,8,0,0,0,NA,1,8.29341195819606e-08,0,96462108
"30521","2020/02/04",1,0,9,0,9,0,0,0,NA,1,9.33008845297057e-08,0,96462108
"30520","2020/02/05",1,0,10,0,8,0,0,0,NA,1,8.29341195819606e-08,0,96462108
"30519","2020/02/06",0,0,10,0,8,0,0,0,NA,0,8.29341195819606e-08,0,96462108
"30518","2020/02/07",2,0,12,0,10,0,0,0,NA,2,1.03667649477451e-07,0,96462108
"30517","2020/02/08",1,0,13,0,11,0,0,0,NA,1,1.14034414425196e-07,0,96462108
"30516","2020/02/09",1,0,14,0,12,0,0,0,NA,1,1.24401179372941e-07,0,96462108
"30515","2020/02/10",0,0,14,0,12,0,0,0,NA,0,1.24401179372941e-07,0,96462108
"30514","2020/02/11",1,0,15,0,13,0,0,0,NA,1,1.34767944320686e-07,0,96462108
"30513","2020/02/12",0,0,15,0,10,0,0,0,NA,0,1.03667649477451e-07,0,96462108
"30512","2020/02/13",1,0,16,0,11,0,0,0,NA,1,1.14034414425196e-07,0,96462108
"30511","2020/02/14",0,0,16,0,9,0,0,0,NA,0,9.33008845297057e-08,0,96462108
"30510","2020/02/15",0,0,16,0,8,0,0,0,NA,0,8.29341195819606e-08,0,96462108
"30509","2020/02/16",0,0,16,0,7,0,0,0,NA,0,7.25673546342155e-08,0,96462108
"30508","2020/02/17",0,0,16,0,6,0,0,0,NA,0,6.22005896864705e-08,0,96462108
"30507","2020/02/18",0,0,16,0,6,0,0,0,NA,0,6.22005896864705e-08,0,96462108
"30506","2020/02/19",0,0,16,0,4,0,0,0,NA,0,4.14670597909803e-08,0,96462108
"30505","2020/02/20",0,0,16,0,3,0,0,0,NA,0,3.11002948432352e-08,0,96462108
"30504","2020/02/21",0,0,16,0,2,0,0,0,NA,0,2.07335298954902e-08,0,96462108
"30503","2020/02/22",0,0,16,0,2,0,0,0,NA,0,2.07335298954902e-08,0,96462108
"30502","2020/02/23",0,0,16,0,1,0,0,0,NA,0,1.03667649477451e-08,0,96462108
"30501","2020/02/24",0,0,16,0,1,0,0,0,NA,0,1.03667649477451e-08,0,96462108
"30500","2020/02/25",0,0,16,0,0,0,0,0,NA,0,0,0,96462108
"30499","2020/02/26",0,0,16,0,0,0,0,0,NA,0,0,0,96462108
"30498","2020/02/27",0,0,16,0,0,0,0,0,NA,0,0,0,96462108
"30497","2020/02/28",0,0,16,0,0,0,0,0,NA,0,0,0,96462108
"30496","2020/02/29",0,0,16,0,0,0,0,0,NA,0,0,0,96462108
"30495","2020/03/01",0,0,16,0,0,0,0,0,NA,0,0,0,96462108
"30494","2020/03/02",0,0,16,0,0,0,0,0,NA,0,0,0,96462108
"30493","2020/03/07",1,0,17,0,1,0,0,0,NA,1,1.03667649477451e-08,0,96462108
"30492","2020/03/08",4,0,21,0,5,0,0,0,NA,4,5.18338247387254e-08,0,96462108
"30491","2020/03/09",9,0,30,0,14,0,0,0,NA,9,1.45134709268431e-07,0,96462108
"30490","2020/03/10",4,0,34,0,18,0,0,0,NA,4,1.86601769059411e-07,0,96462108
"30489","2020/03/11",4,0,38,0,22,0,0,0,NA,4,2.28068828850392e-07,0,96462108
"30488","2020/03/12",1,0,39,0,23,0,0,0,NA,1,2.38435593798137e-07,0,96462108
"30487","2020/03/13",5,0,44,0,28,0,0,0,NA,5,2.90269418536862e-07,0,96462108
"30486","2020/03/14",9,0,53,0,37,0,0,0,NA,9,3.83570303066568e-07,0,96462108
"30485","2020/03/15",0,0,53,0,37,0,0,0,NA,0,3.83570303066568e-07,0,96462108
"30484","2020/03/16",4,0,57,0,41,0,0,0,NA,4,4.25037362857548e-07,0,96462108
"30483","2020/03/17",4,0,61,0,45,0,0,0,NA,4,4.66504422648529e-07,0,96462108
"30482","2020/03/18",7,0,68,0,52,0,0,0,NA,7,5.39071777282744e-07,0,96462108
"30481","2020/03/19",8,0,76,0,59,0,0,0,NA,8,6.1163913191696e-07,0,96462108
"30480","2020/03/20",11,0,87,0,66,0,0,0,NA,11,6.84206486551175e-07,0,96462108
"30479","2020/03/21",1,0,88,0,58,0,0,0,NA,1,6.01272366969214e-07,0,96462108
"30478","2020/03/22",7,0,95,0,61,0,0,0,NA,7,6.3237266181245e-07,0,96462108
"30477","2020/03/23",26,0,121,0,83,0,0,0,NA,26,8.60441490662841e-07,0,96462108
"30476","2020/03/24",11,0,132,0,93,0,0,0,NA,11,9.64109140140292e-07,0,96462108
"30475","2020/03/25",5,0,137,0,93,0,0,0,NA,5,9.64109140140292e-07,0,96462108
"30474","2020/03/26",16,0,153,0,100,0,0,0,NA,16,1.03667649477451e-06,0,96462108
"30473","2020/03/27",10,0,163,0,110,0,0,0,NA,10,1.14034414425196e-06,0,96462108
"30472","2020/03/28",8,0,171,0,114,0,0,0,NA,8,1.18181120404294e-06,0,96462108
"30471","2020/03/29",17,0,188,0,127,0,0,0,NA,17,1.31657914836362e-06,0,96462108
"30470","2020/03/30",15,0,203,0,135,0,0,0,NA,15,1.39951326794559e-06,0,96462108
"30469","2020/03/31",3,0,206,0,130,0,0,0,NA,3,1.34767944320686e-06,0,96462108
"30468","2020/04/01",6,0,212,0,125,0,0,0,NA,6,1.29584561846813e-06,0,96462108
"30467","2020/04/02",21,0,233,0,145,0,0,0,NA,21,1.50318091742304e-06,0,96462108
"30466","2020/04/03",3,0,236,0,141,0,0,0,NA,3,1.46171385763206e-06,0,96462108
"30465","2020/04/04",4,0,240,0,119,0,0,0,NA,4,1.23364502878166e-06,0,96462108
"30464","2020/04/05",1,0,241,0,109,0,0,0,NA,1,1.12997737930421e-06,0,96462108
"30463","2020/04/06",4,0,245,0,108,0,0,0,NA,4,1.11961061435647e-06,0,96462108
"30462","2020/04/07",6,0,251,0,98,0,0,0,NA,6,1.01594296487902e-06,0,96462108
"30461","2020/04/08",0,0,251,0,88,0,0,0,NA,0,9.12275315401567e-07,0,96462108
"30460","2020/04/09",4,0,255,0,84,0,0,0,NA,4,8.70808255610587e-07,0,96462108
"30459","2020/04/10",2,0,257,0,69,0,0,0,NA,2,7.1530678139441e-07,0,96462108
"30458","2020/04/11",1,0,258,0,55,0,0,0,NA,1,5.70172072125979e-07,0,96462108
"30457","2020/04/12",4,0,262,0,56,0,0,0,NA,4,5.80538837073724e-07,0,96462108
"30456","2020/04/13",2,0,264,0,52,0,0,0,NA,2,5.39071777282744e-07,0,96462108
"30455","2020/04/14",3,0,267,0,34,0,0,0,NA,3,3.52470008223333e-07,0,96462108
"30454","2020/04/15",1,0,268,0,32,0,0,0,NA,1,3.31736478327842e-07,0,96462108
"30453","2020/04/16",0,0,268,0,28,0,0,0,NA,0,2.90269418536862e-07,0,96462108
"30452","2020/04/17",0,0,268,0,27,0,0,0,NA,0,2.79902653589117e-07,0,96462108
"30451","2020/04/18",0,0,268,0,23,0,0,0,NA,0,2.38435593798137e-07,0,96462108
"30450","2020/04/19",0,0,268,0,17,0,0,0,NA,0,1.76235004111666e-07,0,96462108
"30449","2020/04/20",0,0,268,0,17,0,0,0,NA,0,1.76235004111666e-07,0,96462108
"30448","2020/04/21",0,0,268,0,13,0,0,0,NA,0,1.34767944320686e-07,0,96462108
"30447","2020/04/22",0,0,268,0,11,0,0,0,NA,0,1.14034414425196e-07,0,96462108
"30446","2020/04/23",0,0,268,0,10,0,0,0,NA,0,1.03667649477451e-07,0,96462108
"30445","2020/04/24",2,0,270,0,8,0,0,0,NA,2,8.29341195819606e-08,0,96462108
"30444","2020/04/25",0,0,270,0,6,0,0,0,NA,0,6.22005896864705e-08,0,96462108
"30443","2020/04/26",0,0,270,0,3,0,0,0,NA,0,3.11002948432352e-08,0,96462108
"30442","2020/04/27",0,0,270,0,2,0,0,0,NA,0,2.07335298954902e-08,0,96462108
"30441","2020/04/28",0,0,270,0,2,0,0,0,NA,0,2.07335298954902e-08,0,96462108
"30440","2020/04/29",0,0,270,0,2,0,0,0,NA,0,2.07335298954902e-08,0,96462108
"30439","2020/04/30",0,0,270,0,2,0,0,0,NA,0,2.07335298954902e-08,0,96462108
"30438","2020/05/01",0,0,270,0,2,0,0,0,NA,0,2.07335298954902e-08,0,96462108
"30437","2020/05/02",0,0,270,0,2,0,0,0,NA,0,2.07335298954902e-08,0,96462108
"30436","2020/05/03",0,0,270,0,2,0,0,0,NA,0,2.07335298954902e-08,0,96462108
"30435","2020/05/04",1,0,271,0,3,0,0,0,NA,1,3.11002948432352e-08,0,96462108
"30434","2020/05/05",0,0,271,0,3,0,0,0,NA,0,3.11002948432352e-08,0,96462108
"30433","2020/05/06",0,0,271,0,1,0,0,0,NA,0,1.03667649477451e-08,0,96462108
"30432","2020/05/07",0,0,271,0,1,0,0,0,NA,0,1.03667649477451e-08,0,96462108
"30431","2020/05/08",17,0,288,0,18,0,0,0,NA,17,1.86601769059411e-07,0,96462108
"30430","2020/05/09",0,0,288,0,18,0,0,0,NA,0,1.86601769059411e-07,0,96462108
"30429","2020/05/10",0,0,288,0,18,0,0,0,NA,0,1.86601769059411e-07,0,96462108
"30428","2020/05/11",0,0,288,0,18,0,0,0,NA,0,1.86601769059411e-07,0,96462108
"30427","2020/05/12",0,0,288,0,18,0,0,0,NA,0,1.86601769059411e-07,0,96462108
"30426","2020/05/13",0,0,288,0,18,0,0,0,NA,0,1.86601769059411e-07,0,96462108
"30425","2020/05/14",0,0,288,0,18,0,0,0,NA,0,1.86601769059411e-07,0,96462108
"30424","2020/05/15",24,0,312,0,42,0,0,0,NA,24,4.35404127805293e-07,0,96462108
"30423","2020/05/16",1,0,313,0,42,0,0,0,NA,1,4.35404127805293e-07,0,96462108
"30422","2020/05/17",5,0,318,0,47,0,0,0,NA,5,4.87237952544019e-07,0,96462108
"30421","2020/05/18",2,0,320,0,49,0,0,0,NA,2,5.07971482439509e-07,0,96462108
"30420","2020/05/19",4,0,324,0,53,0,0,0,NA,4,5.49438542230489e-07,0,96462108
"30419","2020/05/20",0,0,324,0,36,0,0,0,NA,0,3.73203538118823e-07,0,96462108
"30418","2020/05/21",0,0,324,0,36,0,0,0,NA,0,3.73203538118823e-07,0,96462108
"30417","2020/05/22",0,0,324,0,36,0,0,0,NA,0,3.73203538118823e-07,0,96462108
"30416","2020/05/23",0,0,324,0,36,0,0,0,NA,0,3.73203538118823e-07,0,96462108
"30415","2020/05/24",0,0,324,0,36,0,0,0,NA,0,3.73203538118823e-07,0,96462108
"30414","2020/05/25",1,0,325,0,37,0,0,0,NA,1,3.83570303066568e-07,0,96462108
"30413","2020/05/26",1,0,326,0,38,0,0,0,NA,1,3.93937068014313e-07,0,96462108
"30412","2020/05/27",1,0,327,0,15,0,0,0,NA,1,1.55501474216176e-07,0,96462108
"30411","2020/05/28",0,0,327,0,14,0,0,0,NA,0,1.45134709268431e-07,0,96462108
"30410","2020/05/29",0,0,327,0,9,0,0,0,NA,0,9.33008845297057e-08,0,96462108
"30409","2020/05/30",0,0,327,0,7,0,0,0,NA,0,7.25673546342155e-08,0,96462108
"30408","2020/05/31",0,0,327,0,3,0,0,0,NA,0,3.11002948432352e-08,0,96462108
"30407","2020/06/01",1,0,328,0,4,0,0,0,NA,1,4.14670597909803e-08,0,96462108
"30406","2020/06/02",0,0,328,0,4,0,0,0,NA,0,4.14670597909803e-08,0,96462108
"30405","2020/06/03",0,0,328,0,4,0,0,0,NA,0,4.14670597909803e-08,0,96462108
"30404","2020/06/04",0,0,328,0,4,0,0,0,NA,0,4.14670597909803e-08,0,96462108
"30403","2020/06/05",0,0,328,0,4,0,0,0,NA,0,4.14670597909803e-08,0,96462108
"30402","2020/06/06",1,0,329,0,4,0,0,0,NA,1,4.14670597909803e-08,0,96462108
"30401","2020/06/07",0,0,329,0,3,0,0,0,NA,0,3.11002948432352e-08,0,96462108
"30400","2020/06/08",2,0,331,0,4,0,0,0,NA,2,4.14670597909803e-08,0,96462108
"30399","2020/06/09",1,0,332,0,5,0,0,0,NA,1,5.18338247387254e-08,0,96462108
"30398","2020/06/10",0,0,332,0,5,0,0,0,NA,0,5.18338247387254e-08,0,96462108
"30397","2020/06/11",0,0,332,0,5,0,0,0,NA,0,5.18338247387254e-08,0,96462108
"30396","2020/06/12",0,0,332,0,5,0,0,0,NA,0,5.18338247387254e-08,0,96462108
"30395","2020/06/13",1,0,333,0,5,0,0,0,NA,1,5.18338247387254e-08,0,96462108
"30394","2020/06/14",1,0,334,0,6,0,0,0,NA,1,6.22005896864705e-08,0,96462108
"30393","2020/06/15",0,0,334,0,6,0,0,0,NA,0,6.22005896864705e-08,0,96462108
"30392","2020/06/16",0,0,334,0,6,0,0,0,NA,0,6.22005896864705e-08,0,96462108
"30391","2020/06/17",1,0,335,0,7,0,0,0,NA,1,7.25673546342155e-08,0,96462108
"30390","2020/06/18",0,0,335,0,6,0,0,0,NA,0,6.22005896864705e-08,0,96462108
"30389","2020/06/19",7,0,342,0,13,0,0,0,NA,7,1.34767944320686e-07,0,96462108
"30388","2020/06/20",7,0,349,0,18,0,0,0,NA,7,1.86601769059411e-07,0,96462108
"30387","2020/06/21",0,0,349,0,17,0,0,0,NA,0,1.76235004111666e-07,0,96462108
"30386","2020/06/22",0,0,349,0,17,0,0,0,NA,0,1.76235004111666e-07,0,96462108
"30385","2020/06/23",0,0,349,0,17,0,0,0,NA,0,1.76235004111666e-07,0,96462108
"30384","2020/06/24",0,0,349,0,17,0,0,0,NA,0,1.76235004111666e-07,0,96462108
"30383","2020/06/25",3,0,352,0,19,0,0,0,NA,3,1.96968534007156e-07,0,96462108
"30382","2020/06/26",0,0,352,0,18,0,0,0,NA,0,1.86601769059411e-07,0,96462108
"30381","2020/06/27",1,0,353,0,19,0,0,0,NA,1,1.96968534007156e-07,0,96462108
"30380","2020/06/28",1,0,354,0,20,0,0,0,NA,1,2.07335298954902e-07,0,96462108
"30379","2020/06/29",1,0,355,0,20,0,0,0,NA,1,2.07335298954902e-07,0,96462108
"30378","2020/06/30",0,0,355,0,20,0,0,0,NA,0,2.07335298954902e-07,0,96462108
"30377","2020/07/01",0,0,355,0,13,0,0,0,NA,0,1.34767944320686e-07,0,96462108
"30376","2020/07/02",0,0,355,0,6,0,0,0,NA,0,6.22005896864705e-08,0,96462108
"30375","2020/07/03",0,0,355,0,6,0,0,0,NA,0,6.22005896864705e-08,0,96462108
"30374","2020/07/04",0,0,355,0,6,0,0,0,NA,0,6.22005896864705e-08,0,96462108
"30373","2020/07/05",0,0,355,0,6,0,0,0,NA,0,6.22005896864705e-08,0,96462108
"30372","2020/07/06",0,0,355,0,6,0,0,0,NA,0,6.22005896864705e-08,0,96462108
"30371","2020/07/07",14,0,369,0,17,0,0,0,NA,14,1.76235004111666e-07,0,96462108
"30370","2020/07/08",0,0,369,0,17,0,0,0,NA,0,1.76235004111666e-07,0,96462108
"30369","2020/07/09",0,0,369,0,16,0,0,0,NA,0,1.65868239163921e-07,0,96462108
"30368","2020/07/10",0,0,369,0,15,0,0,0,NA,0,1.55501474216176e-07,0,96462108
"30367","2020/07/11",1,0,370,0,15,0,0,0,NA,1,1.55501474216176e-07,0,96462108
"30366","2020/07/12",0,0,370,0,15,0,0,0,NA,0,1.55501474216176e-07,0,96462108
"30365","2020/07/13",2,0,372,0,17,0,0,0,NA,2,1.76235004111666e-07,0,96462108
"30364","2020/07/14",1,0,373,0,18,0,0,0,NA,1,1.86601769059411e-07,0,96462108
"30363","2020/07/15",0,0,373,0,18,0,0,0,NA,0,1.86601769059411e-07,0,96462108
"30362","2020/07/16",0,0,373,0,18,0,0,0,NA,0,1.86601769059411e-07,0,96462108
"30361","2020/07/17",0,0,373,0,18,0,0,0,NA,0,1.86601769059411e-07,0,96462108
"30360","2020/07/18",0,0,373,0,18,0,0,0,NA,0,1.86601769059411e-07,0,96462108
"30359","2020/07/19",0,0,373,0,4,0,0,0,NA,0,4.14670597909803e-08,0,96462108
"30358","2020/07/20",0,0,373,0,4,0,0,0,NA,0,4.14670597909803e-08,0,96462108
"30357","2020/07/21",0,0,373,0,4,0,0,0,NA,0,4.14670597909803e-08,0,96462108
"30356","2020/07/22",28,0,401,0,32,0,0,0,NA,28,3.31736478327842e-07,0,96462108
"30355","2020/07/23",7,0,408,0,38,0,0,0,NA,7,3.93937068014313e-07,0,96462108
"30354","2020/07/24",4,0,412,0,42,0,0,0,NA,4,4.35404127805293e-07,0,96462108
"30353","2020/07/25",3,0,415,0,43,0,0,0,NA,3,4.45770892753038e-07,0,96462108
