"","date","cases","deaths","cum_cases","cum_deaths","p_cases","p_cases_low","p_cases_high","population"
"1",NA,2,0,2,0,NA,NA,NA,17861034
"2",NA,0,0,2,0,0,NA,NA,17861034
"3",NA,0,0,2,0,0,NA,NA,17861034
"4",NA,0,0,2,0,0,NA,NA,17861034
"5",NA,1,0,3,0,0,NA,NA,17861034
"6",NA,0,0,3,0,0,0,NA,17861034
"7",NA,0,0,3,0,0,0,NA,17861034
"8",NA,9,0,12,0,0,0,NA,17861034
"9",NA,2,0,14,0,0,0,NA,17861034
"10",NA,2,0,16,0,0,0,NA,17861034
"11",NA,12,0,28,0,0,0,NA,17861034
"12",NA,1,0,29,0,0,0,NA,17861034
"13",NA,6,0,35,0,0,0,NA,17861034
"14",NA,0,0,35,0,0,0,NA,17861034
"15",NA,1,0,36,0,0,0,NA,17861034
"16",NA,3,1,39,1,1.30562187935173e-05,2.16129676561215e-06,7.88715607668589e-05,17861034
"17",NA,0,0,39,1,1.1013982857255e-05,1.78118013337579e-06,6.81053061994345e-05,17861034
"18",NA,0,0,39,1,9.54555681438788e-06,1.50603506907658e-06,6.05016820442141e-05,17861034
"19",NA,0,0,39,1,8.47272434429119e-06,1.32064533133664e-06,5.43575599829578e-05,17861034
"20",NA,0,0,39,1,7.67470581758191e-06,1.18456284887714e-06,4.97239208896841e-05,17861034
"21",NA,0,0,39,1,7.06862212455826e-06,1.08639729296405e-06,4.59918476080445e-05,17861034
"22",NA,0,0,39,1,6.59870050046672e-06,1.00667206869055e-06,4.32542529480321e-05,17861034
"23",NA,0,0,39,1,6.22735464746819e-06,9.46922651968029e-07,4.09536574341586e-05,17861034
"24",NA,1,1,40,2,1.21618354890547e-05,4.89887657818505e-06,3.01926860377502e-05,17861034
"25",NA,0,0,40,2,1.16559179260258e-05,4.68293258320131e-06,2.9011825450063e-05,17861034
"26",NA,3,0,43,2,1.2067130486883e-05,4.83645483856691e-06,3.01079288544763e-05,17861034
"27",NA,2,0,45,2,1.21957421023612e-05,4.87700217481531e-06,3.04974490672516e-05,17861034
"28",NA,0,0,45,2,1.17774958462092e-05,4.69983260377603e-06,2.95136912527544e-05,17861034
"29",NA,3,0,48,2,1.21324508169583e-05,4.83192169488355e-06,3.04633171066857e-05,17861034
"30",NA,0,0,48,2,1.17210818637342e-05,4.65943191933267e-06,2.94850879752814e-05,17861034
"31",NA,4,0,52,2,1.22680146002903e-05,4.86833992761148e-06,3.09148877175422e-05,17861034
"32",NA,5,0,57,2,1.29915199543848e-05,5.13896544731032e-06,3.28431067411661e-05,17861034
"33",NA,4,1,61,3,2.0092016224927e-05,1.10019516475758e-05,3.66925004684674e-05,17861034
"34",NA,4,0,65,3,2.05378307818873e-05,1.12155608193421e-05,3.76086849351311e-05,17861034
"35",NA,0,0,65,3,1.96235664859728e-05,1.07028321019982e-05,3.59796694893026e-05,17861034
"36",NA,9,0,74,3,2.13109785636022e-05,1.15960695093384e-05,3.91648055379952e-05,17861034
"37",NA,2,0,76,3,2.08526958777301e-05,1.1322658174747e-05,3.84039612128288e-05,17861034
"38",NA,8,0,84,3,2.18991674613045e-05,1.18571127723867e-05,4.04460634476806e-05,17861034
"39",NA,0,0,84,3,2.07637127906832e-05,1.12232111619507e-05,3.84142971768738e-05,17861034
"40",NA,4,0,88,3,2.05981984352015e-05,1.11080836301435e-05,3.8196127514252e-05,17861034
"41",NA,1,0,89,3,1.97544346819701e-05,1.06311837319126e-05,3.67068897918497e-05,17861034
"42",NA,6,0,95,3,2.00412190885091e-05,1.07656594080287e-05,3.73084868590663e-05,17861034
"43",NA,2,0,97,3,1.94929490759794e-05,1.04537538609631e-05,3.63481930732695e-05,17861034
"44",NA,9,0,106,3,2.03197081998905e-05,1.08860216265874e-05,3.79285064362058e-05,17861034
"45",NA,3,0,109,3,1.99413319755522e-05,1.06634868939399e-05,3.72914343042113e-05,17861034
"46",NA,10,0,119,3,2.07630016613667e-05,1.10889576816633e-05,3.88767141480562e-05,17861034
"47",NA,5,0,124,3,2.0615410786355e-05,1.09974714784523e-05,3.86448069197423e-05,17861034
"48",NA,13,0,137,3,2.16682296223282e-05,1.15429958565063e-05,4.06750709090219e-05,17861034
"49",NA,2,1,139,4,2.78317600640588e-05,1.74351076473706e-05,4.44279945917142e-05,17861034
"50",NA,7,0,146,4,2.77083732180543e-05,1.73334100166114e-05,4.42933009520468e-05,17861034
"51",NA,7,0,153,4,2.75354895653846e-05,1.72078209452648e-05,4.40615455040545e-05,17861034
"52",NA,14,0,167,4,2.85238958827932e-05,1.78050882546976e-05,4.56955126924333e-05,17861034
"53",NA,85,3,252,7,7.14679805256215e-05,5.49794803508397e-05,9.29014280931197e-05,17861034
"54",NA,15,0,267,7,7.09554290612518e-05,5.45152339013042e-05,9.23535047539417e-05,17861034
"55",NA,0,0,267,7,6.50933381201888e-05,4.99403487989766e-05,8.48440743713038e-05,17861034
"56",NA,174,0,441,7,9.78820604526674e-05,7.49773670753756e-05,0.000127783865080616,17861034
"57",NA,5,0,446,7,8.88105091389365e-05,6.79194055237751e-05,0.000116127437699027,17861034
"58",NA,208,0,654,7,0.000114243339036676,8.72228007138772e-05,0.00014963450390756,17861034
"59",NA,14,0,668,7,0.000100635892867123,7.67067614399481e-05,0.000132029859468018,17861034
"60",NA,11,0,679,7,8.69815241566762e-05,6.61969947524788e-05,0.000114291979158693,17861034
"61",NA,74,0,753,7,8.27085255710253e-05,6.28657035315856e-05,0.000108814501673333,17861034
"62",NA,8,0,761,7,7.27449295186416e-05,5.52389897166777e-05,9.57987247379804e-05,17861034
"63",NA,11,0,772,7,6.51368912796891e-05,4.94230841374817e-05,8.58468199552191e-05,17861034
"64",NA,60,0,832,7,6.29436387072473e-05,4.77307992188236e-05,8.30051396278743e-05,17861034
"65",NA,34,0,866,7,5.95177573704049e-05,4.51112192958792e-05,7.85251096665873e-05,17861034
"66",NA,54,0,920,7,5.79604346748351e-05,4.39132906038854e-05,7.65010305877325e-05,17861034
"67",NA,0,0,920,7,5.34979219325956e-05,4.05189477634485e-05,7.06343034329211e-05,17861034
"68",NA,0,0,920,7,4.96963574941306e-05,3.76287498846295e-05,6.56340685182651e-05,17861034
"69",NA,0,0,920,7,4.65322192509272e-05,3.5224759401376e-05,6.14694738931781e-05,17861034
"70",NA,0,0,920,7,4.39305205428523e-05,3.32486422421027e-05,5.80441938384525e-05,17861034
"71",NA,137,0,1057,7,4.80180910160599e-05,3.63365580240134e-05,6.34550213397439e-05,17861034
"72",NA,0,0,1057,7,4.58452410163969e-05,3.46873224040591e-05,6.0592342625027e-05,17861034
"73",NA,0,0,1057,7,4.37584753255753e-05,3.31039617361784e-05,5.7842145241678e-05,17861034
"74",NA,0,0,1057,7,4.18487238690145e-05,3.16552946550446e-05,5.53245739314555e-05,17861034
"75",NA,0,0,1057,7,4.01702224009828e-05,3.03823035851971e-05,5.31114029329437e-05,17861034
"76",NA,32,0,1089,7,3.9897173684203e-05,3.0172925787114e-05,5.27553900214497e-05,17861034
"77",NA,0,0,1089,7,3.86011464228239e-05,2.9190386450987e-05,5.1045864283373e-05,17861034
"78",NA,0,0,1089,7,3.74484657252457e-05,2.83166261433017e-05,4.95252357423463e-05,17861034
"79",NA,22,0,1111,7,3.71695772512669e-05,2.8103938192502e-05,4.91595684410697e-05,17861034
"80",NA,0,0,1111,7,3.62523182341006e-05,2.7408870739455e-05,4.7949096109774e-05,17861034
"81",NA,43,0,1154,7,3.67983263641516e-05,2.78202075505602e-05,4.86738576892948e-05,17861034
"82",NA,0,0,1154,7,3.60087639532369e-05,2.72220336117592e-05,4.76316758671483e-05,17861034
"83",NA,46,3,1200,10,5.2378036676892e-05,4.30648732090503e-05,6.37052549257081e-05,17861034
"84",NA,0,0,1200,10,5.13107778737751e-05,4.21855043641293e-05,6.24099667811623e-05,17861034
"85",NA,52,0,1252,10,5.24497277237681e-05,4.31201516519076e-05,6.37978725238484e-05,17861034
"86",NA,0,0,1252,10,5.13920995295192e-05,4.22489189786949e-05,6.25139756921088e-05,17861034
"87",NA,69,0,1321,10,5.31227219950066e-05,4.36698429012386e-05,6.46217940041805e-05,17861034
"88",NA,36,0,1357,10,5.34473765235906e-05,4.39349869792021e-05,6.50192990521818e-05,17861034
"89",NA,1,1,1358,11,5.75570905048952e-05,4.81618575393871e-05,6.87851099737889e-05,17861034
"90",NA,24,0,1382,11,5.72716660651784e-05,4.79210361338024e-05,6.84468450290381e-05,17861034
"91",NA,23,0,1405,11,5.69545647607805e-05,4.76538168492031e-05,6.80705694017075e-05,17861034
"92",NA,7,0,1412,11,5.60213966863623e-05,4.68712561356224e-05,6.6957814776924e-05,17861034
"93",NA,4,0,1416,11,5.50278540434229e-05,4.603838474883e-05,6.5772609902462e-05,17861034
"94",NA,14,0,1430,11,5.44971272956088e-05,4.55928297360593e-05,6.51404376667779e-05,17861034
"95",NA,0,0,1430,11,5.35141912152029e-05,4.47691139288445e-05,6.39675081791643e-05,17861034
"96",NA,0,0,1430,11,5.26180110245722e-05,4.40181915547726e-05,6.28979743690042e-05,17861034
"97",NA,0,0,1430,11,5.1812762356229e-05,4.33434715760649e-05,6.19369479500928e-05,17861034
"98",NA,47,7,1477,18,8.63609662123344e-05,7.74263116635424e-05,9.63266404518633e-05,17861034
"99",NA,12,0,1489,18,8.59340190570413e-05,7.70420060527468e-05,9.58523279656041e-05,17861034
"100",NA,8,0,1497,18,8.52784164202723e-05,7.64526710157721e-05,9.51230115380674e-05,17861034
"101",NA,34,3,1531,21,0.000100450594980276,9.14646025935013e-05,0.000110319421347471,17861034
"102",NA,0,0,1531,21,9.91764014620467e-05,9.03027365425716e-05,0.000108922043600795,17861034
"103",NA,26,1,1557,22,0.000104325683799557,9.53933290452164e-05,0.000114094438355184,17861034
"104",NA,11,0,1568,22,0.000103755290740768,9.48700137571441e-05,0.000113472739492363,17861034
"105",NA,26,2,1594,24,0.00011364732736658,0.000104687395077975,0.000123374117848156,17861034
"106",NA,38,6,1632,30,0.00014366930090082,0.000134519412454735,0.000153441556461421,17861034
"107",NA,0,0,1632,30,0.000141877684455863,0.000132839612904608,0.000151530683554553,17861034
"108",NA,0,0,1632,30,0.000140073028611284,0.000131147588815963,0.000149605902186053,17861034
"109",NA,0,0,1632,30,0.000138343699876376,0.000129526208551849,0.000147761441560483,17861034
"110",NA,0,0,1632,30,0.000136745443708557,0.000128027774512816,0.000146056716569563,17861034
"111",NA,0,0,1632,30,0.000135298576812045,0.0001266714009662,0.00014451332145801,17861034
"112",NA,263,12,1895,42,0.000217837099812858,0.00020778708213717,0.000228373205720031,17861034
"113",NA,0,0,1895,42,0.000215374883615448,0.000205435380151442,0.000225795286372643,17861034
"114",NA,0,0,1895,42,0.000211973105164803,0.000202186426998776,0.000222233499944488,17861034
"115",NA,0,0,1895,42,0.00020815237449239,0.000198537484652504,0.000218232899860976,17861034
"116",NA,0,0,1895,42,0.000204358279819253,0.000194914124267835,0.000214260032142657,17861034
