"","date","cases","deaths","cum_cases","cum_deaths","cases_active","p_cases","p_cases_daily","p_cases_active","population"
"1","2020/03/03",1,0,1,0,1,1.31273218950602e-05,1.31273218950602e-05,1.31273218950602e-05,76177
"2","2020/03/14",1,0,2,0,2,2.62546437901204e-05,1.31273218950602e-05,2.62546437901204e-05,76177
"3","2020/03/16",3,0,5,0,5,6.56366094753009e-05,3.93819656851806e-05,6.56366094753009e-05,76177
"4","2020/03/17",9,0,14,0,14,0.000183782506530843,0.000118145897055542,0.000183782506530843,76177
"5","2020/03/18",0,0,14,0,14,0.000183782506530843,0,0.000183782506530843,76177
"6","2020/03/19",39,0,53,0,53,0.00069574806043819,0.000511965553907347,0.00069574806043819,76177
"7","2020/03/20",22,0,75,0,75,0.000984549142129514,0.000288801081691324,0.000984549142129514,76177
"8","2020/03/21",0,0,75,0,75,0.000984549142129514,0,0.000984549142129514,76177
"9","2020/03/22",13,0,88,0,88,0.0011552043267653,0.000170655184635782,0.0011552043267653,76177
"10","2020/03/23",25,0,113,0,113,0.0014833873741418,0.000328183047376505,0.0014833873741418,76177
"11","2020/03/24",20,0,133,0,133,0.00174593381204301,0.000262546437901204,0.00174593381204301,76177
"12","2020/03/25",31,0,164,0,164,0.00215288079078987,0.000406946978746866,0.00215288079078987,76177
"13","2020/03/26",24,0,188,0,187,0.00246793651627132,0.000315055725481445,0.00245480919437626,76177
"14","2020/03/27",36,3,224,3,222,0.00294052010449348,0.000472583588222167,0.00291426546070336,76177
"15","2020/03/28",43,0,267,3,262,0.00350499494598107,0.000564474841487588,0.00343935833650577,76177
"16","2020/03/29",41,1,308,4,294,0.00404321514367854,0.000538220197697468,0.0038594326371477,76177
"17","2020/03/30",26,2,334,6,320,0.0043845255129501,0.000341310369271565,0.00420074300641926,76177
"18","2020/03/31",36,2,370,8,317,0.00485710910117227,0.000472583588222167,0.00416136104073408,76177
"19","2020/04/01",6,4,376,12,301,0.00493587303254263,7.87639313703611e-05,0.00395132389041312,76177
"20","2020/04/02",14,2,390,14,315,0.00511965553907347,0.000183782506530843,0.00413510639694396,76177
"21","2020/04/03",38,1,428,15,340,0.00561849377108576,0.000498838232012287,0.00446328944432046,76177
"22","2020/04/04",11,1,439,16,326,0.00576289431193142,0.000144400540845662,0.00427950693778962,76177
"23","2020/04/05",27,1,466,17,333,0.00611733200309805,0.000354437691166625,0.00437139819105504,76177
"24","2020/04/06",35,1,501,18,337,0.00657678826942516,0.000459456266327107,0.00442390747863528,76177
"25","2020/04/07",25,3,526,21,338,0.00690497131680166,0.000328183047376505,0.00443703480053034,76177
"26","2020/04/08",19,1,545,22,321,0.0071543904328078,0.000249419116006144,0.00421387032831432,76177
"27","2020/04/09",19,1,564,23,297,0.00740380954881395,0.000249419116006144,0.00389881460283288,76177
"28","2020/04/10",19,2,583,25,275,0.00765322866482009,0.000249419116006144,0.00361001352114155,76177
"29","2020/04/11",18,1,601,26,267,0.00788952045893117,0.000236291794111083,0.00350499494598107,76177
"30","2020/04/12",21,2,622,28,252,0.00816519421872744,0.000275673759796264,0.00330808511755517,76177
"31","2020/04/13",16,1,638,29,262,0.0083752313690484,0.000210037150320963,0.00343935833650577,76177
"32","2020/04/14",8,0,646,29,256,0.00848024994420888,0.000105018575160482,0.00336059440513541,76177
"33","2020/04/15",13,2,659,31,231,0.00865090512884466,0.000170655184635782,0.0030324113577589,76177
"34","2020/04/16",14,2,673,33,234,0.00883468763537551,0.000183782506530843,0.00307179332344408,76177
"35","2020/04/17",9,0,682,33,216,0.00895283353243105,0.000118145897055542,0.002835501529333,76177
"36","2020/04/18",14,2,696,35,195,0.00913661603896189,0.000183782506530843,0.00255982776953674,76177
"37","2020/04/19",8,0,704,35,178,0.00924163461412237,0.000105018575160482,0.00233666329732071,76177
"38","2020/04/20",9,1,713,36,168,0.00935978051117791,0.000118145897055542,0.00220539007837011,76177
"39","2020/04/21",4,0,717,36,153,0.00941228979875816,5.25092875802408e-05,0.00200848024994421,76177
"40","2020/04/22",0,1,717,37,134,0.00941228979875816,0,0.00175906113393807,76177
"41","2020/04/23",6,0,723,37,122,0.00949105373012852,7.87639313703611e-05,0.00160153327119734,76177
"42","2020/04/24",1,0,724,37,102,0.00950418105202358,1.31273218950602e-05,0.00133898683329614,76177
"43","2020/04/25",7,3,731,40,93,0.009596072305289,9.18912532654213e-05,0.0012208409362406,76177
"44","2020/04/26",2,0,733,40,87,0.00962232694907912,2.62546437901204e-05,0.00114207700487024,76177
"45","2020/04/27",7,0,740,40,81,0.00971421820234454,9.18912532654213e-05,0.00106331307349988,76177
"46","2020/04/28",3,0,743,40,70,0.00975360016802972,3.93819656851806e-05,0.000918912532654213,76177
"47","2020/04/29",0,1,743,41,61,0.00975360016802972,0,0.000800766635598672,76177
"48","2020/04/30",0,1,743,42,47,0.00975360016802972,0,0.000616984129067829,76177
"49","2020/05/01",2,0,745,42,41,0.00977985481181984,2.62546437901204e-05,0.000538220197697468,76177
"50","2020/05/02",1,1,746,43,33,0.0097929821337149,1.31273218950602e-05,0.000433201622536986,76177
"51","2020/05/03",1,1,747,44,30,0.00980610945560996,1.31273218950602e-05,0.000393819656851806,76177
"52","2020/05/04",1,1,748,45,31,0.00981923677750502,1.31273218950602e-05,0.000406946978746866,76177
"53","2020/05/05",2,0,750,45,27,0.00984549142129514,2.62546437901204e-05,0.000354437691166625,76177
"54","2020/05/06",1,1,751,46,27,0.0098586187431902,1.31273218950602e-05,0.000354437691166625,76177
"55","2020/05/07",0,0,751,46,20,0.0098586187431902,0,0.000262546437901204,76177
"56","2020/05/08",1,1,752,47,19,0.00987174606508526,1.31273218950602e-05,0.000249419116006144,76177
"57","2020/05/09",0,0,752,47,12,0.00987174606508526,0,0.000157527862740722,76177
"58","2020/05/10",2,1,754,48,11,0.00989800070887538,2.62546437901204e-05,0.000144400540845662,76177
"59","2020/05/11",1,0,755,48,12,0.00991112803077044,1.31273218950602e-05,0.000157527862740722,76177
"60","2020/05/12",1,0,756,48,13,0.0099242553526655,1.31273218950602e-05,0.000170655184635782,76177
"61","2020/05/13",2,0,758,48,13,0.00995050999645562,2.62546437901204e-05,0.000170655184635782,76177
"62","2020/05/14",2,1,760,49,14,0.00997676464024574,2.62546437901204e-05,0.000183782506530843,76177
"63","2020/05/15",1,0,761,49,14,0.0099898919621408,1.31273218950602e-05,0.000183782506530843,76177
"64","2020/05/16",0,0,761,49,13,0.0099898919621408,0,0.000170655184635782,76177
"65","2020/05/17",0,2,761,51,11,0.0099898919621408,0,0.000144400540845662,76177
"66","2020/05/18",0,0,761,51,10,0.0099898919621408,0,0.000131273218950602,76177
"67","2020/05/19",0,0,761,51,10,0.0099898919621408,0,0.000131273218950602,76177
"68","2020/05/20",0,0,761,51,9,0.0099898919621408,0,0.000118145897055542,76177
"69","2020/05/21",1,0,762,51,10,0.0100030192840359,1.31273218950602e-05,0.000131273218950602,76177
"70","2020/05/22",0,0,762,51,8,0.0100030192840359,0,0.000105018575160482,76177
"71","2020/05/23",0,0,762,51,7,0.0100030192840359,0,9.18912532654213e-05,76177
"72","2020/05/24",0,0,762,51,6,0.0100030192840359,0,7.87639313703611e-05,76177
"73","2020/05/25",1,0,763,51,5,0.0100161466059309,1.31273218950602e-05,6.56366094753009e-05,76177
"74","2020/05/26",0,0,763,51,3,0.0100161466059309,0,3.93819656851806e-05,76177
"75","2020/05/27",0,0,763,51,2,0.0100161466059309,0,2.62546437901204e-05,76177
"76","2020/05/28",0,0,763,51,2,0.0100161466059309,0,2.62546437901204e-05,76177
"77","2020/05/29",0,0,763,51,2,0.0100161466059309,0,2.62546437901204e-05,76177
"78","2020/05/30",1,0,764,51,3,0.010029273927826,1.31273218950602e-05,3.93819656851806e-05,76177
"79","2020/05/31",0,0,764,51,3,0.010029273927826,0,3.93819656851806e-05,76177
"80","2020/06/01",0,0,764,51,3,0.010029273927826,0,3.93819656851806e-05,76177
"81","2020/06/02",1,0,765,51,3,0.010042401249721,1.31273218950602e-05,3.93819656851806e-05,76177
"82","2020/06/03",79,0,844,51,82,0.0110794596794308,0.00103705842970975,0.00107644039539494,76177
"83","2020/06/04",7,0,851,51,89,0.0111713509326962,9.18912532654213e-05,0.00116833164866036,76177
"84","2020/06/05",1,0,852,51,90,0.0111844782545913,1.31273218950602e-05,0.00118145897055542,76177
"85","2020/06/06",0,0,852,51,89,0.0111844782545913,0,0.00116833164866036,76177
"86","2020/06/07",0,0,852,51,89,0.0111844782545913,0,0.00116833164866036,76177
"87","2020/06/08",0,0,852,51,89,0.0111844782545913,0,0.00116833164866036,76177
"88","2020/06/09",0,0,852,51,89,0.0111844782545913,0,0.00116833164866036,76177
"89","2020/06/10",0,0,852,51,89,0.0111844782545913,0,0.00116833164866036,76177
"90","2020/06/11",0,0,852,51,88,0.0111844782545913,0,0.0011552043267653,76177
"91","2020/06/12",0,0,852,51,88,0.0111844782545913,0,0.0011552043267653,76177
"92","2020/06/13",1,0,853,51,89,0.0111976055764863,1.31273218950602e-05,0.00116833164866036,76177
"93","2020/06/14",0,0,853,51,88,0.0111976055764863,0,0.0011552043267653,76177
"94","2020/06/15",0,0,853,51,9,0.0111976055764863,0,0.000118145897055542,76177
"95","2020/06/16",0,0,853,51,2,0.0111976055764863,0,2.62546437901204e-05,76177
"96","2020/06/17",1,1,854,52,2,0.0112107328983814,1.31273218950602e-05,2.62546437901204e-05,76177
"97","2020/06/18",0,0,854,52,2,0.0112107328983814,0,2.62546437901204e-05,76177
"98","2020/06/19",1,0,855,52,3,0.0112238602202765,1.31273218950602e-05,3.93819656851806e-05,76177
"99","2020/06/20",0,0,855,52,3,0.0112238602202765,0,3.93819656851806e-05,76177
"100","2020/06/21",0,0,855,52,3,0.0112238602202765,0,3.93819656851806e-05,76177
"101","2020/06/22",0,0,855,52,3,0.0112238602202765,0,3.93819656851806e-05,76177
"102","2020/06/23",0,0,855,52,3,0.0112238602202765,0,3.93819656851806e-05,76177
"103","2020/06/24",0,0,855,52,3,0.0112238602202765,0,3.93819656851806e-05,76177
"104","2020/06/25",0,0,855,52,2,0.0112238602202765,0,2.62546437901204e-05,76177
"105","2020/06/26",0,0,855,52,2,0.0112238602202765,0,2.62546437901204e-05,76177
"106","2020/06/27",0,0,855,52,2,0.0112238602202765,0,2.62546437901204e-05,76177
"107","2020/06/28",0,0,855,52,2,0.0112238602202765,0,2.62546437901204e-05,76177
"108","2020/06/29",0,0,855,52,1,0.0112238602202765,0,1.31273218950602e-05,76177
"109","2020/06/30",0,0,855,52,1,0.0112238602202765,0,1.31273218950602e-05,76177
"110","2020/07/01",0,0,855,52,0,0.0112238602202765,0,0,76177
"111","2020/07/02",0,0,855,52,0,0.0112238602202765,0,0,76177
"112","2020/07/03",0,0,855,52,0,0.0112238602202765,0,0,76177
"113","2020/07/04",0,0,855,52,0,0.0112238602202765,0,0,76177
"114","2020/07/05",0,0,855,52,0,0.0112238602202765,0,0,76177
"115","2020/07/06",0,0,855,52,0,0.0112238602202765,0,0,76177
"116","2020/07/07",0,0,855,52,0,0.0112238602202765,0,0,76177
"117","2020/07/08",0,0,855,52,0,0.0112238602202765,0,0,76177
"118","2020/07/09",0,0,855,52,0,0.0112238602202765,0,0,76177
"119","2020/07/10",0,0,855,52,0,0.0112238602202765,0,0,76177
"120","2020/07/11",0,0,855,52,0,0.0112238602202765,0,0,76177
"121","2020/07/12",0,0,855,52,0,0.0112238602202765,0,0,76177
"122","2020/07/13",0,0,855,52,0,0.0112238602202765,0,0,76177
"123","2020/07/14",3,0,858,52,3,0.0112632421859616,3.93819656851806e-05,3.93819656851806e-05,76177
"124","2020/07/15",3,0,861,52,6,0.0113026241516468,3.93819656851806e-05,7.87639313703611e-05,76177
"125","2020/07/16",1,0,862,52,7,0.0113157514735419,1.31273218950602e-05,9.18912532654213e-05,76177
"126","2020/07/17",15,0,877,52,22,0.0115126613019678,0.000196909828425903,0.000288801081691324,76177
"127","2020/07/18",3,0,880,52,25,0.011552043267653,3.93819656851806e-05,0.000328183047376505,76177
"128","2020/07/19",0,0,880,52,25,0.011552043267653,0,0.000328183047376505,76177
"129","2020/07/20",0,0,880,52,25,0.011552043267653,0,0.000328183047376505,76177
"130","2020/07/21",4,0,884,52,29,0.0116045525552332,5.25092875802408e-05,0.000380692334956745,76177
"131","2020/07/22",0,0,884,52,29,0.0116045525552332,0,0.000380692334956745,76177
"132","2020/07/23",5,0,889,52,34,0.0116701891647085,6.56366094753009e-05,0.000446328944432046,76177
"133","2020/07/24",0,0,889,52,34,0.0116701891647085,0,0.000446328944432046,76177
"134","2020/07/25",0,0,889,52,34,0.0116701891647085,0,0.000446328944432046,76177
"135","2020/07/26",8,0,897,52,39,0.011775207739869,0.000105018575160482,0.000511965553907347,76177
"136","2020/07/27",0,0,897,52,36,0.011775207739869,0,0.000472583588222167,76177
"137","2020/07/28",10,0,907,52,45,0.0119064809588196,0.000131273218950602,0.000590729485277708,76177
"138","2020/07/29",0,0,907,52,30,0.0119064809588196,0,0.000393819656851806,76177
"139","2020/07/30",11,0,918,52,38,0.0120508814996653,0.000144400540845662,0.000498838232012287,76177
"140","2020/07/31",4,0,922,52,42,0.0121033907872455,5.25092875802408e-05,0.000551347519592528,76177
"141","2020/08/01",3,0,925,52,45,0.0121427727529307,3.93819656851806e-05,0.000590729485277708,76177
"142","2020/08/02",0,0,925,52,41,0.0121427727529307,0,0.000538220197697468,76177
"143","2020/08/03",0,0,925,52,41,0.0121427727529307,0,0.000538220197697468,76177
"144","2020/08/04",12,0,937,52,48,0.0123003006156714,0.000157527862740722,0.000630111450962889,76177
"145","2020/08/05",2,0,939,52,50,0.0123265552594615,2.62546437901204e-05,0.000656366094753009,76177
"146","2020/08/06",0,0,939,52,50,0.0123265552594615,0,0.000656366094753009,76177
"147","2020/08/07",5,0,944,52,47,0.0123921918689368,6.56366094753009e-05,0.000616984129067829,76177
"148","2020/08/08",11,0,955,52,58,0.0125365924097825,0.000144400540845662,0.000761384669913491,76177
"149","2020/08/09",1,0,956,52,49,0.0125497197316775,1.31273218950602e-05,0.000643238772857949,76177
"150","2020/08/10",0,0,956,52,49,0.0125497197316775,0,0.000643238772857949,76177
"151","2020/08/11",7,0,963,52,45,0.012641610984943,9.18912532654213e-05,0.000590729485277708,76177
"152","2020/08/12",0,0,963,52,41,0.012641610984943,0,0.000538220197697468,76177
"153","2020/08/13",14,1,977,53,52,0.0128253934914738,0.000183782506530843,0.00068262073854313,76177
"154","2020/08/14",4,0,981,53,56,0.012877902779054,5.25092875802408e-05,0.000735130026123371,76177
"155","2020/08/15",8,0,989,53,64,0.0129829213542145,0.000105018575160482,0.000840148601283852,76177
"156","2020/08/16",0,0,989,53,52,0.0129829213542145,0,0.00068262073854313,76177
"157","2020/08/17",0,0,989,53,50,0.0129829213542145,0,0.000656366094753009,76177
"158","2020/08/18",16,0,1005,53,66,0.0131929585045355,0.000210037150320963,0.000866403245073972,76177
"159","2020/08/19",0,0,1005,53,61,0.0131929585045355,0,0.000800766635598672,76177
"160","2020/08/20",19,0,1024,53,69,0.0134423776205416,0.000249419116006144,0.000905785210759153,76177
"161","2020/08/21",0,0,1024,53,68,0.0134423776205416,0,0.000892657888864093,76177
"162","2020/08/22",21,0,1045,53,89,0.0137180513803379,0.000275673759796264,0.00116833164866036,76177
"163","2020/08/23",0,0,1045,53,82,0.0137180513803379,0,0.00107644039539494,76177
"164","2020/08/24",0,0,1045,53,82,0.0137180513803379,0,0.00107644039539494,76177
"165","2020/08/25",15,0,1060,53,83,0.0139149612087638,0.000196909828425903,0.00108956771729,76177
"166","2020/08/26",0,0,1060,53,79,0.0139149612087638,0,0.00103705842970975,76177
"167","2020/08/27",38,0,1098,53,109,0.0144137994407761,0.000498838232012287,0.00143087808656156,76177
"168","2020/08/28",0,0,1098,53,109,0.0144137994407761,0,0.00143087808656156,76177
"169","2020/08/29",26,0,1124,53,135,0.0147551098100477,0.000341310369271565,0.00177218845583313,76177
"170","2020/08/30",0,0,1124,53,119,0.0147551098100477,0,0.00156215130551216,76177
"171","2020/08/31",0,0,1124,53,119,0.0147551098100477,0,0.00156215130551216,76177
"172","2020/09/01",52,0,1176,53,152,0.0154377305485908,0.00068262073854313,0.00199535292804915,76177
"173","2020/09/02",8,0,1184,53,160,0.0155427491237513,0.000105018575160482,0.00210037150320963,76177
"174","2020/09/03",15,0,1199,53,154,0.0157396589521772,0.000196909828425903,0.00202160757183927,76177
"175","2020/09/04",0,0,1199,53,154,0.0157396589521772,0,0.00202160757183927,76177
"176","2020/09/05",16,0,1215,53,170,0.0159496961024981,0.000210037150320963,0.00223164472216023,76177
"177","2020/09/06",0,0,1215,53,155,0.0159496961024981,0,0.00203473489373433,76177
"178","2020/09/07",0,0,1215,53,155,0.0159496961024981,0,0.00203473489373433,76177
"179","2020/09/08",46,0,1261,53,163,0.0165535529096709,0.000603856807172769,0.00213975346889481,76177
"180","2020/09/09",0,0,1261,53,163,0.0165535529096709,0,0.00213975346889481,76177
"181","2020/09/10",40,0,1301,53,177,0.0170786457854733,0.000525092875802408,0.00232353597542565,76177
"182","2020/09/11",0,0,1301,53,177,0.0170786457854733,0,0.00232353597542565,76177
"183","2020/09/12",43,0,1344,53,220,0.0176431206269609,0.000564474841487588,0.00288801081691324,76177
"184","2020/09/13",0,0,1344,53,168,0.0176431206269609,0,0.00220539007837011,76177
"185","2020/09/14",0,0,1344,53,160,0.0176431206269609,0,0.00210037150320963,76177
"186","2020/09/15",94,0,1438,53,239,0.0188770888850966,0.00123396825813566,0.00313742993291939,76177
"187","2020/09/16",0,0,1438,53,239,0.0188770888850966,0,0.00313742993291939,76177
"188","2020/09/17",0,0,1438,53,223,0.0188770888850966,0,0.00292739278259842,76177
"189","2020/09/18",45,0,1483,53,268,0.0194678183703743,0.000590729485277708,0.00351812226787613,76177
"190","2020/09/19",81,0,1564,53,349,0.0205311314438741,0.00106331307349988,0.00458143534137601,76177
"191","2020/09/20",0,0,1564,53,303,0.0205311314438741,0,0.00397757853420324,76177
"192","2020/09/21",0,0,1564,53,303,0.0205311314438741,0,0.00397757853420324,76177
"193","2020/09/22",117,0,1681,53,380,0.0220670281055962,0.00153589666172204,0.00498838232012287,76177
"194","2020/09/23",0,0,1681,53,380,0.0220670281055962,0,0.00498838232012287,76177
