"","date","cases","deaths","cum_cases","cum_deaths","cases_active","p_cases","p_cases_daily","p_cases_active","population"
"1","2020/03/04",1,0,1,0,1,2.23310613339348e-08,2.23310613339348e-08,2.23310613339348e-08,44780675
"2","2020/03/06",1,0,2,0,2,4.46621226678696e-08,2.23310613339348e-08,4.46621226678696e-08,44780675
"3","2020/03/07",6,0,8,0,8,1.78648490671478e-07,1.33986368003609e-07,1.78648490671478e-07,44780675
"4","2020/03/08",1,1,9,1,9,2.00979552005413e-07,2.23310613339348e-08,2.00979552005413e-07,44780675
"5","2020/03/09",3,0,12,1,12,2.67972736007217e-07,6.69931840018044e-08,2.67972736007217e-07,44780675
"6","2020/03/11",7,0,19,1,19,4.24290165344761e-07,1.56317429337543e-07,4.24290165344761e-07,44780675
"7","2020/03/13",12,0,31,1,31,6.92262901351978e-07,2.67972736007217e-07,6.92262901351978e-07,44780675
"8","2020/03/14",3,1,34,2,34,7.59256085353783e-07,6.69931840018044e-08,7.59256085353783e-07,44780675
"9","2020/03/15",11,0,45,2,45,1.00489776002707e-06,2.45641674673283e-07,1.00489776002707e-06,44780675
"10","2020/03/16",11,0,56,2,56,1.25053943470035e-06,2.45641674673283e-07,1.25053943470035e-06,44780675
"11","2020/03/17",9,0,65,2,65,1.45151898670576e-06,2.00979552005413e-07,1.45151898670576e-06,44780675
"12","2020/03/18",14,0,79,2,79,1.76415384538085e-06,3.12634858675087e-07,1.76415384538085e-06,44780675
"13","2020/03/19",18,0,97,2,96,2.16611294939167e-06,4.01959104010826e-07,2.14378188805774e-06,44780675
"14","2020/03/20",31,1,128,3,126,2.85837585074365e-06,6.92262901351978e-07,2.81371372807578e-06,44780675
"15","2020/03/21",30,0,158,3,150,3.5283076907617e-06,6.69931840018044e-07,3.34965920009022e-06,44780675
"16","2020/03/22",67,1,225,4,216,5.02448880013533e-06,1.49618110937363e-06,4.82350924812991e-06,44780675
"17","2020/03/23",41,0,266,4,254,5.94006231482665e-06,9.15573514691326e-07,5.67208957881944e-06,44780675
"18","2020/03/24",35,0,301,4,282,6.72164946151437e-06,7.81587146687717e-07,6.29735929616961e-06,44780675
"19","2020/03/25",86,2,387,6,356,8.64212073623276e-06,1.92047127471839e-06,7.94985783488078e-06,44780675
"20","2020/03/26",115,2,502,8,468,1.12101927896353e-05,2.5680720534025e-06,1.04509367042815e-05,44780675
"21","2020/03/27",87,4,589,12,544,1.31529951256876e-05,1.94280233605233e-06,1.21480973656605e-05,44780675
"22","2020/03/28",101,5,690,17,634,1.5408432320415e-05,2.25543719472741e-06,1.41578928857147e-05,44780675
"23","2020/03/29",55,2,745,19,680,1.66366406937814e-05,1.22820837336641e-06,1.51851217070757e-05,44780675
"24","2020/03/30",75,1,820,20,741,1.83114702938265e-05,1.67482960004511e-06,1.65473164484457e-05,44780675
"25","2020/03/31",146,4,966,24,869,2.1571805248581e-05,3.26033495475448e-06,1.94056922991893e-05,44780675
"26","2020/04/01",0,0,966,24,838,2.1571805248581e-05,0,1.87134293978373e-05,44780675
"27","2020/04/02",167,7,1133,31,975,2.53010924913481e-05,3.72928724276711e-06,2.17727848005864e-05,44780675
"28","2020/04/03",0,3,1133,34,908,2.53010924913481e-05,0,2.02766036912128e-05,44780675
"29","2020/04/04",132,3,1265,37,999,2.82487925874275e-05,2.94770009607939e-06,2.23087302726008e-05,44780675
"30","2020/04/05",186,6,1451,43,1150,3.24023699955394e-05,4.15357740811187e-06,2.5680720534025e-05,44780675
"31","2020/04/06",103,3,1554,46,1167,3.47024693129347e-05,2.30009931739528e-06,2.60603485767019e-05,44780675
"32","2020/04/07",74,7,1628,53,1126,3.63549678516458e-05,1.65249853871117e-06,2.51447750620106e-05,44780675
"33","2020/04/08",87,7,1715,60,1126,3.82977701876982e-05,1.94280233605233e-06,2.51447750620106e-05,44780675
"34","2020/04/09",80,5,1795,65,1105,4.00842550944129e-05,1.78648490671478e-06,2.46758227739979e-05,44780675
"35","2020/04/10",99,14,1894,79,1149,4.22950301664725e-05,2.21077507205954e-06,2.56583894726911e-05,44780675
"36","2020/04/11",81,3,1975,82,1155,4.41038461345212e-05,1.80881596804872e-06,2.57923758406947e-05,44780675
"37","2020/04/12",162,7,2137,89,1171,4.77214780706186e-05,3.61763193609743e-06,2.61496728220376e-05,44780675
"38","2020/04/13",66,6,2203,95,1237,4.91953281186583e-05,1.4738500480397e-06,2.76235228700773e-05,44780675
"39","2020/04/14",69,3,2272,98,1139,5.07361713506998e-05,1.5408432320415e-06,2.54350788593517e-05,44780675
"40","2020/04/15",160,7,2432,105,1299,5.43091411641294e-05,3.57296981342957e-06,2.90080486727813e-05,44780675
"41","2020/04/16",0,4,2432,109,1167,5.43091411641294e-05,0,2.60603485767019e-05,44780675
"42","2020/04/17",128,6,2560,115,1109,5.7167517014873e-05,2.85837585074365e-06,2.47651470193337e-05,44780675
"43","2020/04/18",98,7,2658,122,1104,5.93559610255987e-05,2.18844401072561e-06,2.4653491712664e-05,44780675
"44","2020/04/19",170,10,2828,132,1200,6.31522414523676e-05,3.79628042676891e-06,2.67972736007217e-05,44780675
"45","2020/04/20",102,2,2930,134,1215,6.54300097084289e-05,2.27776825606135e-06,2.71322395207308e-05,44780675
"46","2020/04/21",90,8,3020,142,1225,6.7439805228483e-05,2.00979552005413e-06,2.73555501340701e-05,44780675
"47","2020/04/22",112,9,3132,151,1238,6.99408840978837e-05,2.5010788694007e-06,2.76458539314113e-05,44780675
"48","2020/04/23",144,8,3276,159,1301,7.31565569299704e-05,3.21567283208661e-06,2.90527107954492e-05,44780675
"49","2020/04/24",147,6,3423,165,1286,7.64392229460588e-05,3.28266601608841e-06,2.87177448754401e-05,44780675
"50","2020/04/25",0,2,3423,167,1220,7.64392229460588e-05,0,2.72438948274004e-05,44780675
"51","2020/04/26",344,18,3767,185,1495,8.41211080449323e-05,7.68188509887357e-06,3.33849366942325e-05,44780675
"52","2020/04/27",0,1,3767,186,1335,8.41211080449323e-05,0,2.98119668808029e-05,44780675
"53","2020/04/28",223,11,3990,197,1558,8.91009347223998e-05,4.97982667746746e-06,3.47917935582704e-05,44780675
"54","2020/04/29",124,10,4114,207,1554,9.18699863278077e-05,2.76905160540791e-06,3.47024693129347e-05,44780675
"55","2020/04/30",158,7,4272,214,1614,9.53982940185694e-05,3.5283076907617e-06,3.60423329929707e-05,44780675
"56","2020/05/01",143,4,4415,218,1587,9.85916357893221e-05,3.19334177075267e-06,3.54393943369545e-05,44780675
"57","2020/05/02",104,7,4519,225,1589,0.000100914066168051,2.32243037872922e-06,3.54840564596224e-05,44780675
"58","2020/05/03",149,12,4668,237,1648,0.000104241394306808,3.32732813875628e-06,3.68015890783245e-05,44780675
"59","2020/05/04",102,9,4770,246,1638,0.000106519162562869,2.27776825606135e-06,3.65782784649852e-05,44780675
"60","2020/05/05",104,14,4874,260,1598,0.000108841592941598,2.32243037872922e-06,3.56850360116278e-05,44780675
"61","2020/05/06",133,4,5007,264,1584,0.000111811624099011,2.97003115741333e-06,3.53724011529527e-05,44780675
"62","2020/05/07",188,9,5195,273,1772,0.000116009863629791,4.19823953077974e-06,3.95706406837324e-05,44780675
"63","2020/05/08",163,9,5358,282,1591,0.000119649826627223,3.63996299743137e-06,3.55287185822902e-05,44780675
"64","2020/05/09",240,11,5598,293,1831,0.000125009281347367,5.35945472014435e-06,4.08881733024346e-05,44780675
"65","2020/05/10",165,7,5763,300,1773,0.000128693906467466,3.68462512009924e-06,3.95929717450664e-05,44780675
"66","2020/05/11",13,0,5776,300,1662,0.000128984210264807,2.90303797341152e-07,3.71142239369996e-05,44780675
"67","2020/05/12",245,5,6021,305,1749,0.000134455320291621,5.47111002681402e-06,3.90570262730519e-05,44780675
"68","2020/05/13",529,14,6550,319,2135,0.000146268451737273,1.18131314456515e-05,4.76768159479508e-05,44780675
"69","2020/05/14",316,10,6866,329,2347,0.000153325067118796,7.05661538152339e-06,5.24110009507449e-05,44780675
"70","2020/05/15",255,24,7121,353,2453,0.00015901948775895,5.69442064015337e-06,5.4778093452142e-05,44780675
"71","2020/05/16",345,3,7466,356,2696,0.000166723703919157,7.7042161602075e-06,6.02045413562882e-05,44780675
"72","2020/05/17",326,7,7792,363,2918,0.00017400362991402,7.27992599486274e-06,6.51620369724217e-05,44780675
"73","2020/05/18",0,3,7792,366,2785,0.00017400362991402,0,6.21920058150084e-05,44780675
"74","2020/05/19",566,16,8358,382,3163,0.000186643010629027,1.26393807150071e-05,7.06331469992357e-05,44780675
"75","2020/05/20",438,11,8796,393,3438,0.00019642401549329,9.78100486426343e-06,7.67741888660678e-05,44780675
"76","2020/05/21",474,10,9270,403,3672,0.000207008938565575,1.05849230722851e-05,8.19996572182085e-05,44780675
"77","2020/05/22",648,13,9918,416,4155,0.000221479466309965,1.44705277443897e-05,9.2785559842499e-05,44780675
"78","2020/05/23",718,17,10636,433,4860,0.00023751316834773,1.60337020377652e-05,0.000108528958082923,44780675
"79","2020/05/24",704,12,11340,445,5319,0.00025323423552682,1.57210671790901e-05,0.000118778915235199,44780675
"80","2020/05/25",723,7,12063,452,5513,0.000269379592871255,1.61453573444348e-05,0.000123111141133982,44780675
"81","2020/05/26",552,15,12615,467,5749,0.000281706338727587,1.2326745856332e-05,0.000128381271608791,44780675
"82","2020/05/27",600,17,13215,484,6094,0.000295104975527948,1.33986368003609e-05,0.000136085487768999,44780675
"83","2020/05/28",705,16,13920,500,6454,0.000310848373768372,1.5743398240424e-05,0.000144124669849215,44780675
"84","2020/05/29",769,8,14689,508,6897,0.000328020959934168,1.71725861657958e-05,0.000154017330020148,44780675
"85","2020/05/30",717,12,15406,520,7614,0.000344032330910599,1.60113709764312e-05,0.000170028700996579,44780675
"86","2020/05/31",795,8,16201,528,7843,0.000361785524671077,1.77531937604782e-05,0.000175142514042051,44780675
"87","2020/06/01",637,11,16838,539,8042,0.000376010410740794,1.42248860697165e-05,0.000179586395247504,44780675
"88","2020/06/02",564,17,17402,556,8132,0.000388605129333133,1.25947185923392e-05,0.000181596190767558,44780675
"89","2020/06/03",904,13,18306,569,8388,0.00040879240877901,2.0187279445877e-05,0.000187312942469045,44780675
"90","2020/06/04",949,14,19255,583,8619,0.000429984585984914,2.11921772059041e-05,0.000192471417637184,44780675
"91","2020/06/05",0,5,19255,588,7915,0.000429984585984914,0,0.000176750350458094,44780675
"92","2020/06/06",1769,44,21024,632,8961,0.000469488233484645,3.95036474997306e-05,0.00020010864061339,44780675
"93","2020/06/07",983,16,22007,648,9392,0.000491439666775903,2.19514332912579e-05,0.000209733328048315,44780675
"94","2020/06/08",774,16,22781,664,9566,0.000508723908248368,1.72842414724655e-05,0.00021361893272042,44780675
"95","2020/06/09",826,29,23607,693,9687,0.000527169364910198,1.84454566618301e-05,0.000216320991141826,44780675
"96","2020/06/10",1141,24,24748,717,10059,0.000552649105892218,2.54797409820196e-05,0.00022462814595805,44780675
"97","2020/06/11",1239,18,25987,735,10581,0.000580317290884963,2.76681849927452e-05,0.000236284959974364,44780675
"98","2020/06/12",1373,30,27360,765,11159,0.000610977838096456,3.06605472114925e-05,0.000249192313425378,44780675
"99","2020/06/13",1391,20,28751,785,11913,0.000642040344411959,3.10625063155033e-05,0.000266029933671165,44780675
"100","2020/06/14",1531,30,30282,815,12880,0.000676229199314213,3.41888549022542e-05,0.00028762406998108,44780675
"101","2020/06/15",1282,18,31564,833,13258,0.000704857619944317,2.86284206301044e-05,0.000296065211165307,44780675
"102","2020/06/16",1208,21,32772,854,13517,0.000731833542035711,2.69759220913932e-05,0.000301848956050796,44780675
"103","2020/06/17",1374,24,34146,878,14891,0.000762516420308537,3.06828782728264e-05,0.000332531834323623,44780675
"104","2020/06/18",1393,35,35539,913,14515,0.000793623588746708,3.11071684381712e-05,0.000324135355262063,44780675
"105","2020/06/19",0,16,35539,929,13532,0.000793623588746708,0,0.000302183921970806,44780675
"106","2020/06/20",4018,50,39557,979,16776,0.000883349793186458,8.972620443975e-05,0.00037462588493809,44780675
"107","2020/06/21",1634,13,41191,992,17584,0.000919838747406108,3.64889542196494e-05,0.000392669382495909,44780675
"108","2020/06/22",1581,19,42772,1011,18024,0.000955144155375059,3.53054079689509e-05,0.000402495049482841,44780675
"109","2020/06/23",2146,32,44918,1043,18931,0.00100306661299768,4.7922457622624e-05,0.000422749322112719,44780675
"110","2020/06/24",0,6,44918,1049,17558,0.00100306661299768,0,0.000392088774901227,44780675
"111","2020/06/25",4920,36,49838,1085,21087,0.00111293543476064,0.000109868821762959,0.000470895090348683,44780675
"112","2020/06/26",2606,39,52444,1124,22162,0.00117113018059688,5.8194745836234e-05,0.000494900981282663,44780675
"113","2020/06/27",0,43,52444,1167,20880,0.00117113018059688,0,0.000466272560652558,44780675
"114","2020/06/28",5287,40,57731,1207,24959,0.00128919450186939,0.000118064321272513,0.000557360959833678,44780675
"115","2020/06/29",0,10,57731,1217,23585,0.00128919450186939,0,0.000526678081560852,44780675
"116","2020/06/30",4524,63,62255,1280,26716,0.00139022022334411,0.000101025721474721,0.000596596634597402,44780675
"117","2020/07/01",2262,27,64517,1307,28978,0.00144073308408147,5.05128607373605e-05,0.000647109495334762,44780675
"118","2020/07/02",2667,44,67184,1351,27627,0.00150029002465907,5.95569405776041e-05,0.000616940231472616,44780675
"119","2020/07/03",2744,34,69928,1385,28737,0.00156156645695939,6.1276432300317e-05,0.000641727709553284,44780675
"120","2020/07/04",2845,52,72773,1437,30001,0.00162509832645444,6.35318694950445e-05,0.000669954171079377,44780675
"121","2020/07/05",0,16,72773,1453,27855,0.00162509832645444,0,0.000622031713456753,44780675
"122","2020/07/06",2590,37,75363,1490,30445,0.00168293577530933,5.78374488548911e-05,0.000679869162311644,44780675
"123","2020/07/07",2439,33,77802,1523,27964,0.00173740123390279,5.44654585934669e-05,0.000624465799142152,44780675
"124","2020/07/08",2632,79,80434,1602,27990,0.00179617658733371,5.87753534309163e-05,0.000625046406736835,44780675
"125","2020/07/09",2979,52,83413,1654,30969,0.0018627008190475,6.65242317137917e-05,0.000691570638450626,44780675
"126","2020/07/10",3604,53,87017,1707,29286,0.001943181964095,8.0481145047501e-05,0.000653987462225614,44780675
"127","2020/07/11",3663,42,90680,1749,32949,0.00202498064176121,8.17986776662031e-05,0.000735786139891817,44780675
"128","2020/07/12",3367,61,94047,1810,31792,0.00210016932527256,7.51886835113584e-05,0.000709949101928455,44780675
"129","2020/07/13",3449,8,97496,1818,32979,0.00217718915581331,7.70198305407411e-05,0.000736456071731835,44780675
"130","2020/07/14",2657,85,100153,1903,32969,0.00223652278577757,5.93336299642647e-05,0.000736232761118496,44780675
"131","2020/07/15",3099,23,103252,1926,33324,0.00230572674485143,6.92039590738639e-05,0.000744160287892043,44780675
"132","2020/07/16",3645,124,106897,2050,34124,0.00238712346341363,8.13967185621923e-05,0.000762025136959191,44780675
"133","2020/07/17",4250,62,111147,2112,38374,0.00248203047408285,9.49070106692228e-05,0.000856932147628413,44780675
"134","2020/07/18",3623,21,114770,2133,39407,0.0025629359092957,8.09054352128457e-05,0.000880000133986368,44780675
"135","2020/07/19",4518,71,119288,2204,41486,0.00266382764440241,0.000100891735106717,0.000926426410499618,44780675
"136","2020/07/20",3223,42,122511,2246,42077,0.00273580065508168,7.19730106792718e-05,0.000939624067747974,44780675
"137","2020/07/21",4231,127,126742,2373,43329,0.00283028337558556,9.44827205038781e-05,0.00096758255653806,44780675
"138","2020/07/22",4019,0,130761,2373,43744,0.00292003191108665,8.97485355010839e-05,0.000976849946991643,44780675
"139","2020/07/23",5344,133,136105,2506,45425,0.00303936910285519,0.000119337191768547,0.00101438846109399,44780675
"140","2020/07/24",5782,111,141887,2617,47840,0.003168487299488,0.000129118196632811,0.00106831797421544,44780675
"141","2020/07/25",6127,105,148014,2722,50518,0.00330530971228102,0.000136822412793018,0.00112812055646772,44780675
"142","2020/07/26",5493,125,153507,2847,53354,0.00342797423218833,0.000122664519907304,0.00119145144641076,44780675
"143","2020/07/27",9006,92,162513,2939,59261,0.00362908777056174,0.000201113538373417,0.00132336102571031,44780675
"144","2020/07/28",0,17,162513,2956,55616,0.00362908777056174,0,0.00124196430714812,44780675
"145","2020/07/29",4890,126,167403,3082,56256,0.00373828666048468,0.000109198889922941,0.00125625618640184,44780675
"146","2020/07/30",5939,118,173342,3200,58572,0.00387091083374692,0.000132624173262239,0.00130797492445123,44780675
"147","2020/07/31",5641,111,178983,3311,59695,0.00399688035073165,0.000125969516984726,0.00133305270632924,44780675
"148","2020/08/01",6377,155,185360,3466,62849,0.00413928552885815,0.000142405178126502,0.00140348487377647,44780675
"149","2020/08/02",5929,92,191289,3558,64547,0.00427168639150705,0.000132400862648899,0.00144140301592149,44780675
"150","2020/08/03",5241,54,196530,3612,65769,0.0043887234839582,0.000117037092451152,0.00146869157287156,44780675
"151","2020/08/04",5376,55,201906,3667,65801,0.00450877526968944,0.000120051785731233,0.00146940616683424,44780675
"152","2020/08/05",4824,196,206730,3863,64843,0.00461650030956434,0.000107725039874901,0.00144801301007633,44780675
"153","2020/08/06",6792,146,213522,4009,65508,0.00476817287814442,0.000151672568580085,0.0014628631658634,44780675
"154","2020/08/07",7147,126,220669,4135,67162,0.00492777297349805,0.000159600095353632,0.00149979874130973,44780675
"155","2020/08/08",7513,156,228182,4291,65669,0.00509554623729991,0.000167773263801852,0.00146645846673816,44780675
"156","2020/08/09",7482,159,235664,4450,73151,0.00526262723820041,0.0001670810009005,0.00163353946763866,44780675
"157","2020/08/10",6134,106,241798,4556,74395,0.00539960596842276,0.000136978730222356,0.00166131930793808,44780675
"158","2020/08/11",4688,78,246486,4634,73144,0.00550429398395625,0.000104688015533486,0.00163338315020933,44780675
"159","2020/08/12",7369,151,253855,4785,74872,0.00566885157492601,0.000164557590969765,0.00167197122419437,44780675
"160","2020/08/13",7043,303,260898,5088,75538,0.00582612923990092,0.000157277664974903,0.00168684371104277,44780675
"161","2020/08/14",7663,158,268561,5246,77272,0.00599725216290286,0.000171122923001942,0.00172556577139581,44780675
"162","2020/08/15",7511,182,276072,5428,79542,0.00616498076458204,0.000167728601679184,0.00177625728062384,44780675
