"","date","cases","deaths","cum_cases","cum_deaths","p_cases","p_cases_daily","population"
"1","2019/12/31",0,0,0,0,0,0,10047719
"2","2020/01/01",0,0,0,0,0,0,10047719
"3","2020/01/02",0,0,0,0,0,0,10047719
"4","2020/01/03",0,0,0,0,0,0,10047719
"5","2020/01/04",0,0,0,0,0,0,10047719
"6","2020/01/05",0,0,0,0,0,0,10047719
"7","2020/01/06",0,0,0,0,0,0,10047719
"8","2020/01/07",0,0,0,0,0,0,10047719
"9","2020/01/08",0,0,0,0,0,0,10047719
"10","2020/01/09",0,0,0,0,0,0,10047719
"11","2020/01/10",0,0,0,0,0,0,10047719
"12","2020/01/11",0,0,0,0,0,0,10047719
"13","2020/01/12",0,0,0,0,0,0,10047719
"14","2020/01/13",0,0,0,0,0,0,10047719
"15","2020/01/14",0,0,0,0,0,0,10047719
"16","2020/01/15",0,0,0,0,0,0,10047719
"17","2020/01/16",0,0,0,0,0,0,10047719
"18","2020/01/17",0,0,0,0,0,0,10047719
"19","2020/01/18",0,0,0,0,0,0,10047719
"20","2020/01/19",0,0,0,0,0,0,10047719
"21","2020/01/20",0,0,0,0,0,0,10047719
"22","2020/01/21",0,0,0,0,0,0,10047719
"23","2020/01/22",0,0,0,0,0,0,10047719
"24","2020/01/23",0,0,0,0,0,0,10047719
"25","2020/01/24",0,0,0,0,0,0,10047719
"26","2020/01/25",0,0,0,0,0,0,10047719
"27","2020/01/26",0,0,0,0,0,0,10047719
"28","2020/01/27",0,0,0,0,0,0,10047719
"29","2020/01/28",0,0,0,0,0,0,10047719
"30","2020/01/29",0,0,0,0,0,0,10047719
"31","2020/01/30",0,0,0,0,0,0,10047719
"32","2020/01/31",0,0,0,0,0,0,10047719
"33","2020/02/01",0,0,0,0,0,0,10047719
"34","2020/02/02",0,0,0,0,0,0,10047719
"35","2020/02/03",0,0,0,0,0,0,10047719
"36","2020/02/04",0,0,0,0,0,0,10047719
"37","2020/02/05",0,0,0,0,0,0,10047719
"38","2020/02/06",0,0,0,0,0,0,10047719
"39","2020/02/07",0,0,0,0,0,0,10047719
"40","2020/02/08",0,0,0,0,0,0,10047719
"41","2020/02/09",0,0,0,0,0,0,10047719
"42","2020/02/10",0,0,0,0,0,0,10047719
"43","2020/02/11",0,0,0,0,0,0,10047719
"44","2020/02/12",0,0,0,0,0,0,10047719
"45","2020/02/13",0,0,0,0,0,0,10047719
"46","2020/02/14",0,0,0,0,0,0,10047719
"47","2020/02/15",0,0,0,0,0,0,10047719
"48","2020/02/16",0,0,0,0,0,0,10047719
"49","2020/02/17",0,0,0,0,0,0,10047719
"50","2020/02/18",0,0,0,0,0,0,10047719
"51","2020/02/19",0,0,0,0,0,0,10047719
"52","2020/02/20",0,0,0,0,0,0,10047719
"53","2020/02/21",0,0,0,0,0,0,10047719
"54","2020/02/22",0,0,0,0,0,0,10047719
"55","2020/02/23",0,0,0,0,0,0,10047719
"56","2020/02/24",0,0,0,0,0,0,10047719
"57","2020/02/25",0,0,0,0,0,0,10047719
"58","2020/02/26",0,0,0,0,0,0,10047719
"59","2020/02/27",0,0,0,0,0,0,10047719
"60","2020/02/28",0,0,0,0,0,0,10047719
"61","2020/02/29",1,0,1,0,9.95250762884591e-08,9.95250762884591e-08,10047719
"62","2020/03/01",0,0,1,0,9.95250762884591e-08,0,10047719
"63","2020/03/02",2,0,3,0,2.98575228865377e-07,1.99050152576918e-07,10047719
"64","2020/03/06",3,0,6,0,5.97150457730755e-07,2.98575228865377e-07,10047719
"65","2020/03/07",3,0,9,0,8.95725686596132e-07,2.98575228865377e-07,10047719
"66","2020/03/11",2,0,11,0,1.09477583917305e-06,1.99050152576918e-07,10047719
"67","2020/03/12",2,0,13,0,1.29382599174997e-06,1.99050152576918e-07,10047719
"68","2020/03/13",0,0,13,0,1.29382599174997e-06,0,10047719
"69","2020/03/15",6,0,19,0,1.89097644948072e-06,5.97150457730755e-07,10047719
"70","2020/03/16",0,0,19,0,1.89097644948072e-06,0,10047719
"71","2020/03/17",0,0,19,0,1.89097644948072e-06,0,10047719
"72","2020/03/18",9,0,28,0,2.78670213607685e-06,8.95725686596132e-07,10047719
"73","2020/03/19",6,0,34,0,3.38385259380761e-06,5.97150457730755e-07,10047719
"74","2020/03/20",10,0,44,0,4.3791033566922e-06,9.95250762884591e-07,10047719
"75","2020/03/21",0,1,44,1,4.3791033566922e-06,0,10047719
"76","2020/03/22",9,0,53,1,5.27482904328833e-06,8.95725686596132e-07,10047719
"77","2020/03/23",12,0,65,1,6.46912995874984e-06,1.19430091546151e-06,10047719
"78","2020/03/24",7,0,72,1,7.16580549276906e-06,6.96675534019214e-07,10047719
"79","2020/03/25",15,0,87,1,8.65868163709594e-06,1.49287614432689e-06,10047719
"80","2020/03/26",6,1,93,2,9.2558320948267e-06,5.97150457730755e-07,10047719
"81","2020/03/27",29,1,122,3,1.2142059307192e-05,2.88622721236531e-06,10047719
"82","2020/03/28",43,0,165,3,1.64216375875958e-05,4.27957828040374e-06,10047719
"83","2020/03/29",17,1,182,4,1.81135638844996e-05,1.6919262969038e-06,10047719
"84","2020/03/30",27,0,209,4,2.0800740944288e-05,2.6871770597884e-06,10047719
"85","2020/03/31",64,0,273,4,2.71703458267493e-05,6.36960488246138e-06,10047719
"86","2020/04/01",25,1,298,5,2.96584727339608e-05,2.48812690721148e-06,10047719
"87","2020/04/02",61,0,359,5,3.57295023875568e-05,6.07102965359601e-06,10047719
"88","2020/04/03",41,0,400,5,3.98100305153836e-05,4.08052812782682e-06,10047719
"89","2020/04/04",43,0,443,5,4.40896087957874e-05,4.27957828040374e-06,10047719
"90","2020/04/05",78,0,521,5,5.18525647462872e-05,7.76295595049981e-06,10047719
"91","2020/04/06",63,2,584,7,5.81226445524601e-05,6.27007980617292e-06,10047719
"92","2020/04/07",57,0,641,7,6.37955739009023e-05,5.67292934844217e-06,10047719
"93","2020/04/08",76,1,717,8,7.13594796988252e-05,7.56390579792289e-06,10047719
"94","2020/04/09",105,0,822,8,8.18096127091134e-05,1.04501330102882e-05,10047719
"95","2020/04/10",104,1,926,9,9.21602206431131e-05,1.03506079339997e-05,10047719
"96","2020/04/11",65,1,991,10,9.8629350601863e-05,6.46912995874984e-06,10047719
"97","2020/04/12",67,1,1058,11,0.00010529753071319,6.66818011132676e-06,10047719
"98","2020/04/13",40,0,1098,11,0.000109278533764728,3.98100305153836e-06,10047719
"99","2020/04/14",50,1,1148,12,0.000114254787579151,4.97625381442296e-06,10047719
"100","2020/04/15",49,1,1197,13,0.000119131516317286,4.8767287381345e-06,10047719
"101","2020/04/16",56,0,1253,13,0.000124704920589439,5.57340427215371e-06,10047719
"102","2020/04/17",30,2,1283,15,0.000127690672878093,2.98575228865377e-06,10047719
"103","2020/04/18",57,0,1340,15,0.000133363602226535,5.67292934844217e-06,10047719
"104","2020/04/19",33,3,1373,18,0.000136647929744054,3.28432751751915e-06,10047719
"105","2020/04/20",25,1,1398,19,0.000139136056651266,2.48812690721148e-06,10047719
"106","2020/04/21",38,0,1436,19,0.000142918009550227,3.78195289896145e-06,10047719
"107","2020/04/22",44,1,1480,20,0.000147297112906919,4.3791033566922e-06,10047719
"108","2020/04/23",38,0,1518,20,0.000151079065805881,3.78195289896145e-06,10047719
"109","2020/04/24",30,0,1548,20,0.000154064818094535,2.98575228865377e-06,10047719
"110","2020/04/25",44,1,1592,21,0.000158443921451227,4.3791033566922e-06,10047719
"111","2020/04/26",25,0,1617,21,0.000160932048358438,2.48812690721148e-06,10047719
"112","2020/04/27",28,0,1645,21,0.000163718750494515,2.78670213607685e-06,10047719
"113","2020/04/28",33,1,1678,22,0.000167003078012034,3.28432751751915e-06,10047719
"114","2020/04/29",39,0,1717,22,0.000170884555987284,3.8814779752499e-06,10047719
"115","2020/04/30",49,1,1766,23,0.000175761284725419,4.8767287381345e-06,10047719
"116","2020/05/01",38,1,1804,24,0.00017954323762438,3.78195289896145e-06,10047719
"117","2020/05/02",50,1,1854,25,0.000184519491438803,4.97625381442296e-06,10047719
"118","2020/05/03",40,0,1894,25,0.000188500494490342,3.98100305153836e-06,10047719
"119","2020/05/04",38,0,1932,25,0.000192282447389303,3.78195289896145e-06,10047719
"120","2020/05/05",52,1,1984,26,0.000197457751356303,5.17530396699987e-06,10047719
"121","2020/05/06",76,0,2060,26,0.000205021657154226,7.56390579792289e-06,10047719
"122","2020/05/07",67,2,2127,28,0.000211689837265553,6.66818011132676e-06,10047719
"123","2020/05/08",77,0,2204,28,0.000219353268139764,7.66343087421135e-06,10047719
"124","2020/05/09",75,0,2279,28,0.000226817648861398,7.46438072163443e-06,10047719
"125","2020/05/10",143,3,2422,31,0.000241049734770648,1.42320859092497e-05,10047719
"126","2020/05/11",97,1,2519,32,0.000250703667170628,9.65393239998053e-06,10047719
"127","2020/05/12",70,0,2589,32,0.000257670422510821,6.96675534019214e-06,10047719
"128","2020/05/13",104,1,2693,33,0.00026802103044482,1.03506079339997e-05,10047719
"129","2020/05/14",65,2,2758,35,0.00027449016040357,6.46912995874984e-06,10047719
"130","2020/05/15",121,0,2879,35,0.000286532694634474,1.20425342309036e-05,10047719
"131","2020/05/16",101,1,2980,36,0.000296584727339608,1.00520327051344e-05,10047719
"132","2020/05/17",158,0,3138,36,0.000312309689393185,1.57249620535765e-05,10047719
"133","2020/05/18",136,3,3274,39,0.000325845099768415,1.35354103752304e-05,10047719
"134","2020/05/19",13,1,3287,40,0.000327138925760165,1.29382599174997e-06,10047719
"135","2020/05/20",231,1,3518,41,0.000350129218382799,2.29902926226341e-05,10047719
"136","2020/05/21",113,2,3631,43,0.000361375552003395,1.12463336205959e-05,10047719
"137","2020/05/22",118,1,3749,44,0.000373119511005433,1.17439590020382e-05,10047719
"138","2020/05/23",106,2,3855,46,0.00038366916909201,1.05496580865767e-05,10047719
"139","2020/05/24",127,3,3982,49,0.000396308853780644,1.26396846886343e-05,10047719
"140","2020/05/25",140,0,4122,49,0.000410242364461028,1.39335106803843e-05,10047719
"141","2020/05/26",149,2,4271,51,0.000425071600828009,1.48292363669804e-05,10047719
"142","2020/05/27",132,1,4403,52,0.000438208910898085,1.31373100700766e-05,10047719
"143","2020/05/28",165,2,4568,54,0.000454630548485681,1.64216375875958e-05,10047719
"144","2020/05/29",191,2,4759,56,0.000473639838056777,1.90092895710957e-05,10047719
"145","2020/05/30",230,2,4989,58,0.000496530605603122,2.28907675463456e-05,10047719
"146","2020/05/31",257,3,5246,61,0.000522108550209256,2.5577944606134e-05,10047719
"147","2020/06/01",248,2,5494,63,0.000546790769128794,2.46822189195379e-05,10047719
"148","2020/06/02",168,5,5662,68,0.000563510981945255,1.67202128164611e-05,10047719
"149","2020/06/03",273,3,5935,71,0.000590681327772005,2.71703458267493e-05,10047719
"150","2020/06/04",325,5,6260,76,0.000623026977565754,3.23456497937492e-05,10047719
"151","2020/06/05",262,2,6522,78,0.00064910254755333,2.60755699875763e-05,10047719
"152","2020/06/06",338,4,6860,82,0.000682742023338829,3.36394757854992e-05,10047719
"153","2020/06/07",379,2,7239,84,0.000720462027252155,3.7720003913326e-05,10047719
"154","2020/06/08",314,4,7553,88,0.000751712901206732,3.12508739545762e-05,10047719
"155","2020/06/09",323,5,7876,93,0.000783859500847904,3.21465996411723e-05,10047719
"156","2020/06/10",315,5,8191,98,0.000815209899878769,3.13503990308646e-05,10047719
"157","2020/06/11",339,4,8530,102,0.000848948900740556,3.37390008617876e-05,10047719
"158","2020/06/12",352,6,8882,108,0.000883981727594094,3.50328268535376e-05,10047719
"159","2020/06/13",336,5,9218,113,0.000917422153227016,3.34404256329223e-05,10047719
"160","2020/06/14",352,2,9570,115,0.000952454980080554,3.50328268535376e-05,10047719
"161","2020/06/15",387,4,9957,119,0.000990971184604187,3.85162045236337e-05,10047719
"162","2020/06/16",367,3,10324,122,0.00102749688760205,3.65257029978645e-05,10047719
"163","2020/06/17",338,4,10662,126,0.00106113636338755,3.36394757854992e-05,10047719
"164","2020/06/18",329,7,10991,133,0.00109388011348645,3.2743750098903e-05,10047719
"165","2020/06/19",338,6,11329,139,0.00112751958927195,3.36394757854992e-05,10047719
"166","2020/06/20",0,0,11329,139,0.00112751958927195,0,10047719
"167","2020/06/21",909,9,12238,148,0.00121798788361816,9.04682943462093e-05,10047719
"168","2020/06/22",491,6,12729,154,0.0012668546960758,4.88668124576334e-05,10047719
