"","date","cases","deaths","cum_cases","cum_deaths","cases_active","p_cases","p_cases_daily","p_cases_active","population"
"1","2020/03/06",1,0,1,0,1,1.31045454426322e-06,1.31045454426322e-06,1.31045454426322e-06,763094
"2","2020/03/13",0,0,1,0,1,1.31045454426322e-06,0,1.31045454426322e-06,763094
"3","2020/03/15",0,0,1,0,1,1.31045454426322e-06,0,1.31045454426322e-06,763094
"4","2020/03/17",0,0,1,0,1,1.31045454426322e-06,0,1.31045454426322e-06,763094
"5","2020/03/18",0,0,1,0,1,1.31045454426322e-06,0,1.31045454426322e-06,763094
"6","2020/03/19",0,0,1,0,1,1.31045454426322e-06,0,1.31045454426322e-06,763094
"7","2020/03/20",0,0,1,0,1,1.31045454426322e-06,0,1.31045454426322e-06,763094
"8","2020/03/21",1,0,2,0,2,2.62090908852645e-06,1.31045454426322e-06,2.62090908852645e-06,763094
"9","2020/03/22",0,0,2,0,2,2.62090908852645e-06,0,2.62090908852645e-06,763094
"10","2020/03/23",0,0,2,0,2,2.62090908852645e-06,0,2.62090908852645e-06,763094
"11","2020/03/24",0,0,2,0,2,2.62090908852645e-06,0,2.62090908852645e-06,763094
"12","2020/03/25",0,0,2,0,2,2.62090908852645e-06,0,2.62090908852645e-06,763094
"13","2020/03/26",1,0,3,0,2,3.93136363278967e-06,1.31045454426322e-06,2.62090908852645e-06,763094
"14","2020/03/27",0,0,3,0,2,3.93136363278967e-06,0,2.62090908852645e-06,763094
"15","2020/03/28",0,0,3,0,2,3.93136363278967e-06,0,2.62090908852645e-06,763094
"16","2020/03/29",1,0,4,0,3,5.24181817705289e-06,1.31045454426322e-06,3.93136363278967e-06,763094
"17","2020/03/30",0,0,4,0,3,5.24181817705289e-06,0,3.93136363278967e-06,763094
"18","2020/03/31",0,0,4,0,3,5.24181817705289e-06,0,3.93136363278967e-06,763094
"19","2020/04/01",0,0,4,0,3,5.24181817705289e-06,0,3.93136363278967e-06,763094
"20","2020/04/02",1,0,5,0,3,6.55227272131612e-06,1.31045454426322e-06,3.93136363278967e-06,763094
"21","2020/04/03",0,0,5,0,3,6.55227272131612e-06,0,3.93136363278967e-06,763094
"22","2020/04/04",0,0,5,0,3,6.55227272131612e-06,0,3.93136363278967e-06,763094
"23","2020/04/05",0,0,5,0,3,6.55227272131612e-06,0,3.93136363278967e-06,763094
"24","2020/04/06",0,0,5,0,3,6.55227272131612e-06,0,3.93136363278967e-06,763094
"25","2020/04/07",0,0,5,0,2,6.55227272131612e-06,0,2.62090908852645e-06,763094
"26","2020/04/08",0,0,5,0,2,6.55227272131612e-06,0,2.62090908852645e-06,763094
"27","2020/04/09",0,0,5,0,2,6.55227272131612e-06,0,2.62090908852645e-06,763094
"28","2020/04/10",0,0,5,0,1,6.55227272131612e-06,0,1.31045454426322e-06,763094
"29","2020/04/11",0,0,5,0,1,6.55227272131612e-06,0,1.31045454426322e-06,763094
"30","2020/04/12",0,0,5,0,1,6.55227272131612e-06,0,1.31045454426322e-06,763094
"31","2020/04/13",0,0,5,0,1,6.55227272131612e-06,0,1.31045454426322e-06,763094
"32","2020/04/14",0,0,5,0,0,6.55227272131612e-06,0,0,763094
"33","2020/04/15",0,0,5,0,0,6.55227272131612e-06,0,0,763094
"34","2020/04/16",0,0,5,0,0,6.55227272131612e-06,0,0,763094
"35","2020/04/17",0,0,5,0,0,6.55227272131612e-06,0,0,763094
"36","2020/04/18",0,0,5,0,0,6.55227272131612e-06,0,0,763094
"37","2020/04/19",0,0,5,0,0,6.55227272131612e-06,0,0,763094
"38","2020/04/20",0,0,5,0,0,6.55227272131612e-06,0,0,763094
"39","2020/04/21",1,0,6,0,1,7.86272726557934e-06,1.31045454426322e-06,1.31045454426322e-06,763094
"40","2020/04/22",0,0,6,0,1,7.86272726557934e-06,0,1.31045454426322e-06,763094
"41","2020/04/23",1,0,7,0,2,9.17318180984256e-06,1.31045454426322e-06,2.62090908852645e-06,763094
"42","2020/04/24",0,0,7,0,2,9.17318180984256e-06,0,2.62090908852645e-06,763094
"43","2020/04/25",0,0,7,0,2,9.17318180984256e-06,0,2.62090908852645e-06,763094
"44","2020/04/26",0,0,7,0,2,9.17318180984256e-06,0,2.62090908852645e-06,763094
"45","2020/04/27",0,0,7,0,2,9.17318180984256e-06,0,2.62090908852645e-06,763094
"46","2020/04/28",0,0,7,0,2,9.17318180984256e-06,0,2.62090908852645e-06,763094
"47","2020/04/29",0,0,7,0,2,9.17318180984256e-06,0,2.62090908852645e-06,763094
"48","2020/04/30",0,0,7,0,2,9.17318180984256e-06,0,2.62090908852645e-06,763094
"49","2020/05/01",0,0,7,0,2,9.17318180984256e-06,0,2.62090908852645e-06,763094
"50","2020/05/02",0,0,7,0,2,9.17318180984256e-06,0,2.62090908852645e-06,763094
"51","2020/05/03",0,0,7,0,1,9.17318180984256e-06,0,1.31045454426322e-06,763094
"52","2020/05/04",0,0,7,0,1,9.17318180984256e-06,0,1.31045454426322e-06,763094
"53","2020/05/05",0,0,7,0,0,9.17318180984256e-06,0,0,763094
"54","2020/05/06",0,0,7,0,0,9.17318180984256e-06,0,0,763094
"55","2020/05/07",0,0,7,0,0,9.17318180984256e-06,0,0,763094
"56","2020/05/08",0,0,7,0,0,9.17318180984256e-06,0,0,763094
"57","2020/05/09",0,0,7,0,0,9.17318180984256e-06,0,0,763094
"58","2020/05/10",0,0,7,0,0,9.17318180984256e-06,0,0,763094
"59","2020/05/11",2,0,9,0,2,1.1794090898369e-05,2.62090908852645e-06,2.62090908852645e-06,763094
"60","2020/05/12",2,0,11,0,4,1.44149999868955e-05,2.62090908852645e-06,5.24181817705289e-06,763094
"61","2020/05/13",0,0,11,0,4,1.44149999868955e-05,0,5.24181817705289e-06,763094
"62","2020/05/14",4,0,15,0,8,1.96568181639483e-05,5.24181817705289e-06,1.04836363541058e-05,763094
"63","2020/05/15",5,0,20,0,13,2.62090908852645e-05,6.55227272131612e-06,1.70359090754219e-05,763094
"64","2020/05/16",1,0,21,0,14,2.75195454295277e-05,1.31045454426322e-06,1.83463636196851e-05,763094
"65","2020/05/17",0,0,21,0,14,2.75195454295277e-05,0,1.83463636196851e-05,763094
"66","2020/05/18",0,0,21,0,14,2.75195454295277e-05,0,1.83463636196851e-05,763094
"67","2020/05/19",0,0,21,0,14,2.75195454295277e-05,0,1.83463636196851e-05,763094
"68","2020/05/20",0,0,21,0,14,2.75195454295277e-05,0,1.83463636196851e-05,763094
"69","2020/05/21",0,0,21,0,14,2.75195454295277e-05,0,1.83463636196851e-05,763094
"70","2020/05/22",0,0,21,0,14,2.75195454295277e-05,0,1.83463636196851e-05,763094
"71","2020/05/23",3,0,24,0,15,3.14509090623174e-05,3.93136363278967e-06,1.96568181639483e-05,763094
"72","2020/05/24",0,0,24,0,13,3.14509090623174e-05,0,1.70359090754219e-05,763094
"73","2020/05/25",3,0,27,0,16,3.5382272695107e-05,3.93136363278967e-06,2.09672727082116e-05,763094
"74","2020/05/26",0,0,27,0,12,3.5382272695107e-05,0,1.57254545311587e-05,763094
"75","2020/05/27",0,0,27,0,7,3.5382272695107e-05,0,9.17318180984256e-06,763094
"76","2020/05/28",1,0,28,0,7,3.66927272393702e-05,1.31045454426322e-06,9.17318180984256e-06,763094
"77","2020/05/29",3,0,31,0,10,4.06240908721599e-05,3.93136363278967e-06,1.31045454426322e-05,763094
"78","2020/05/30",2,0,33,0,12,4.32449999606864e-05,2.62090908852645e-06,1.57254545311587e-05,763094
"79","2020/05/31",10,0,43,0,22,5.63495454033186e-05,1.31045454426322e-05,2.88299999737909e-05,763094
"80","2020/06/01",0,0,43,0,22,5.63495454033186e-05,0,2.88299999737909e-05,763094
"81","2020/06/02",4,0,47,0,26,6.15913635803715e-05,5.24181817705289e-06,3.40718181508438e-05,763094
"82","2020/06/03",0,0,47,0,26,6.15913635803715e-05,0,3.40718181508438e-05,763094
"83","2020/06/04",0,0,47,0,23,6.15913635803715e-05,0,3.01404545180541e-05,763094
"84","2020/06/05",1,0,48,0,24,6.29018181246347e-05,1.31045454426322e-06,3.14509090623174e-05,763094
"85","2020/06/06",0,0,48,0,21,6.29018181246347e-05,0,2.75195454295277e-05,763094
"86","2020/06/07",0,0,48,0,21,6.29018181246347e-05,0,2.75195454295277e-05,763094
"87","2020/06/08",11,0,59,0,32,7.73168181115302e-05,1.44149999868955e-05,4.19345454164231e-05,763094
"88","2020/06/09",0,0,59,0,31,7.73168181115302e-05,0,4.06240908721599e-05,763094
"89","2020/06/10",0,0,59,0,28,7.73168181115302e-05,0,3.66927272393702e-05,763094
"90","2020/06/11",3,0,62,0,29,8.12481817443198e-05,3.93136363278967e-06,3.80031817836335e-05,763094
"91","2020/06/12",0,0,62,0,19,8.12481817443198e-05,0,2.48986363410012e-05,763094
"92","2020/06/13",0,0,62,0,19,8.12481817443198e-05,0,2.48986363410012e-05,763094
"93","2020/06/14",4,0,66,0,19,8.64899999213727e-05,5.24181817705289e-06,2.48986363410012e-05,763094
"94","2020/06/15",0,0,66,0,19,8.64899999213727e-05,0,2.48986363410012e-05,763094
"95","2020/06/16",1,0,67,0,20,8.78004544656359e-05,1.31045454426322e-06,2.62090908852645e-05,763094
"96","2020/06/17",0,0,67,0,19,8.78004544656359e-05,0,2.48986363410012e-05,763094
"97","2020/06/18",0,0,67,0,19,8.78004544656359e-05,0,2.48986363410012e-05,763094
"98","2020/06/19",0,0,67,0,19,8.78004544656359e-05,0,2.48986363410012e-05,763094
"99","2020/06/20",1,0,68,0,9,8.91109090098992e-05,1.31045454426322e-06,1.1794090898369e-05,763094
"100","2020/06/21",0,0,68,0,9,8.91109090098992e-05,0,1.1794090898369e-05,763094
"101","2020/06/22",0,0,68,0,9,8.91109090098992e-05,0,1.1794090898369e-05,763094
"102","2020/06/23",1,0,69,0,7,9.04213635541624e-05,1.31045454426322e-06,9.17318180984256e-06,763094
"103","2020/06/24",1,0,70,0,8,9.17318180984256e-05,1.31045454426322e-06,1.04836363541058e-05,763094
"104","2020/06/25",0,0,70,0,8,9.17318180984256e-05,0,1.04836363541058e-05,763094
"105","2020/06/26",0,0,70,0,4,9.17318180984256e-05,0,5.24181817705289e-06,763094
"106","2020/06/27",5,0,75,0,9,9.82840908197417e-05,6.55227272131612e-06,1.1794090898369e-05,763094
"107","2020/06/28",1,0,76,0,9,9.9594545364005e-05,1.31045454426322e-06,1.1794090898369e-05,763094
"108","2020/06/29",0,0,76,0,9,9.9594545364005e-05,0,1.1794090898369e-05,763094
"109","2020/06/30",1,0,77,0,10,0.000100904999908268,1.31045454426322e-06,1.31045454426322e-05,763094
"110","2020/07/01",0,0,77,0,10,0.000100904999908268,0,1.31045454426322e-05,763094
"111","2020/07/02",0,0,77,0,9,0.000100904999908268,0,1.1794090898369e-05,763094
"112","2020/07/03",0,0,77,0,9,0.000100904999908268,0,1.1794090898369e-05,763094
"113","2020/07/04",1,0,78,0,10,0.000102215454452531,1.31045454426322e-06,1.31045454426322e-05,763094
"114","2020/07/05",0,0,78,0,9,0.000102215454452531,0,1.1794090898369e-05,763094
"115","2020/07/06",2,0,80,0,10,0.000104836363541058,2.62090908852645e-06,1.31045454426322e-05,763094
"116","2020/07/07",0,0,80,0,10,0.000104836363541058,0,1.31045454426322e-05,763094
"117","2020/07/08",0,0,80,0,10,0.000104836363541058,0,1.31045454426322e-05,763094
"118","2020/07/09",0,0,80,0,5,0.000104836363541058,0,6.55227272131612e-06,763094
"119","2020/07/10",0,0,80,0,4,0.000104836363541058,0,5.24181817705289e-06,763094
"120","2020/07/11",2,0,82,0,6,0.000107457272629584,2.62090908852645e-06,7.86272726557934e-06,763094
"121","2020/07/12",0,0,82,0,5,0.000107457272629584,0,6.55227272131612e-06,763094
"122","2020/07/13",2,0,84,0,7,0.000110078181718111,2.62090908852645e-06,9.17318180984256e-06,763094
"123","2020/07/14",0,0,84,0,7,0.000110078181718111,0,9.17318180984256e-06,763094
"124","2020/07/15",0,0,84,0,7,0.000110078181718111,0,9.17318180984256e-06,763094
"125","2020/07/16",0,0,84,0,6,0.000110078181718111,0,7.86272726557934e-06,763094
"126","2020/07/17",2,0,86,0,8,0.000112699090806637,2.62090908852645e-06,1.04836363541058e-05,763094
"127","2020/07/18",1,0,87,0,7,0.0001140095453509,1.31045454426322e-06,9.17318180984256e-06,763094
"128","2020/07/19",0,0,87,0,7,0.0001140095453509,0,9.17318180984256e-06,763094
"129","2020/07/20",2,0,89,0,9,0.000116630454439427,2.62090908852645e-06,1.1794090898369e-05,763094
"130","2020/07/21",1,0,90,0,10,0.00011794090898369,1.31045454426322e-06,1.31045454426322e-05,763094
"131","2020/07/22",2,0,92,0,12,0.000120561818072217,2.62090908852645e-06,1.57254545311587e-05,763094
"132","2020/07/23",0,0,92,0,10,0.000120561818072217,0,1.31045454426322e-05,763094
"133","2020/07/24",0,0,92,0,10,0.000120561818072217,0,1.31045454426322e-05,763094
"134","2020/07/25",0,0,92,0,8,0.000120561818072217,0,1.04836363541058e-05,763094
"135","2020/07/26",1,0,93,0,9,0.00012187227261648,1.31045454426322e-06,1.1794090898369e-05,763094
"136","2020/07/27",2,0,95,0,11,0.000124493181705006,2.62090908852645e-06,1.44149999868955e-05,763094
"137","2020/07/28",4,0,99,0,15,0.000129734999882059,5.24181817705289e-06,1.96568181639483e-05,763094
"138","2020/07/29",0,0,99,0,13,0.000129734999882059,0,1.70359090754219e-05,763094
"139","2020/07/30",2,0,101,0,14,0.000132355908970586,2.62090908852645e-06,1.83463636196851e-05,763094
"140","2020/07/31",0,0,101,0,14,0.000132355908970586,0,1.83463636196851e-05,763094
"141","2020/08/01",0,0,101,0,12,0.000132355908970586,0,1.57254545311587e-05,763094
"142","2020/08/02",1,0,102,0,12,0.000133666363514849,1.31045454426322e-06,1.57254545311587e-05,763094
"143","2020/08/03",1,0,103,0,11,0.000134976818059112,1.31045454426322e-06,1.44149999868955e-05,763094
"144","2020/08/04",0,0,103,0,11,0.000134976818059112,0,1.44149999868955e-05,763094
"145","2020/08/05",2,0,105,0,13,0.000137597727147638,2.62090908852645e-06,1.70359090754219e-05,763094
"146","2020/08/06",0,0,105,0,13,0.000137597727147638,0,1.70359090754219e-05,763094
"147","2020/08/07",3,0,108,0,15,0.000141529090780428,3.93136363278967e-06,1.96568181639483e-05,763094
"148","2020/08/08",0,0,108,0,13,0.000141529090780428,0,1.70359090754219e-05,763094
"149","2020/08/09",0,0,108,0,9,0.000141529090780428,0,1.1794090898369e-05,763094
"150","2020/08/10",2,0,110,0,11,0.000144149999868955,2.62090908852645e-06,1.44149999868955e-05,763094
"151","2020/08/11",3,0,113,0,12,0.000148081363501744,3.93136363278967e-06,1.57254545311587e-05,763094
"152","2020/08/12",0,0,113,0,12,0.000148081363501744,0,1.57254545311587e-05,763094
"153","2020/08/13",15,0,128,0,27,0.000167738181665693,1.96568181639483e-05,3.5382272695107e-05,763094
"154","2020/08/14",3,0,131,0,29,0.000171669545298482,3.93136363278967e-06,3.80031817836335e-05,763094
"155","2020/08/15",2,0,133,0,30,0.000174290454387009,2.62090908852645e-06,3.93136363278967e-05,763094
"156","2020/08/16",0,0,133,0,30,0.000174290454387009,0,3.93136363278967e-05,763094
"157","2020/08/17",8,0,141,0,36,0.000184774090741114,1.04836363541058e-05,4.7176363593476e-05,763094
"158","2020/08/18",5,0,146,0,41,0.000191326363462431,6.55227272131612e-06,5.37286363147921e-05,763094
"159","2020/08/19",1,0,147,0,39,0.000192636818006694,1.31045454426322e-06,5.11077272262657e-05,763094
"160","2020/08/20",3,0,150,0,42,0.000196568181639483,3.93136363278967e-06,5.50390908590554e-05,763094
"161","2020/08/21",3,0,153,0,45,0.000200499545272273,3.93136363278967e-06,5.8970454491845e-05,763094
"162","2020/08/22",0,0,153,0,43,0.000200499545272273,0,5.63495454033186e-05,763094
"163","2020/08/23",2,0,155,0,42,0.0002031204543608,2.62090908852645e-06,5.50390908590554e-05,763094
"164","2020/08/24",0,0,155,0,42,0.0002031204543608,0,5.50390908590554e-05,763094
"165","2020/08/25",1,0,156,0,28,0.000204430908905063,1.31045454426322e-06,3.66927272393702e-05,763094
"166","2020/08/26",17,0,173,0,42,0.000226708636157538,2.22777272524748e-05,5.50390908590554e-05,763094
"167","2020/08/27",10,0,183,0,50,0.00023981318160017,1.31045454426322e-05,6.55227272131612e-05,763094
"168","2020/08/28",1,0,184,0,51,0.000241123636144433,1.31045454426322e-06,6.68331817574244e-05,763094
"169","2020/08/29",11,0,195,0,54,0.000255538636131329,1.44149999868955e-05,7.0764545390214e-05,763094
