"","date","cases","deaths","cum_cases","cum_deaths","p_cases","p_cases_daily","population"
"1",NA,0,0,0,0,0,0,9452409
"2",NA,0,0,0,0,0,0,9452409
"3",NA,0,0,0,0,0,0,9452409
"4",NA,0,0,0,0,0,0,9452409
"5",NA,0,0,0,0,0,0,9452409
"6",NA,0,0,0,0,0,0,9452409
"7",NA,0,0,0,0,0,0,9452409
"8",NA,0,0,0,0,0,0,9452409
"9",NA,0,0,0,0,0,0,9452409
"10",NA,0,0,0,0,0,0,9452409
"11",NA,0,0,0,0,0,0,9452409
"12",NA,0,0,0,0,0,0,9452409
"13",NA,0,0,0,0,0,0,9452409
"14",NA,0,0,0,0,0,0,9452409
"15",NA,0,0,0,0,0,0,9452409
"16",NA,0,0,0,0,0,0,9452409
"17",NA,0,0,0,0,0,0,9452409
"18",NA,0,0,0,0,0,0,9452409
"19",NA,0,0,0,0,0,0,9452409
"20",NA,0,0,0,0,0,0,9452409
"21",NA,0,0,0,0,0,0,9452409
"22",NA,0,0,0,0,0,0,9452409
"23",NA,0,0,0,0,0,0,9452409
"24",NA,0,0,0,0,0,0,9452409
"25",NA,0,0,0,0,0,0,9452409
"26",NA,0,0,0,0,0,0,9452409
"27",NA,0,0,0,0,0,0,9452409
"28",NA,0,0,0,0,0,0,9452409
"29",NA,0,0,0,0,0,0,9452409
"30",NA,0,0,0,0,0,0,9452409
"31",NA,0,0,0,0,0,0,9452409
"32",NA,0,0,0,0,0,0,9452409
"33",NA,0,0,0,0,0,0,9452409
"34",NA,0,0,0,0,0,0,9452409
"35",NA,0,0,0,0,0,0,9452409
"36",NA,0,0,0,0,0,0,9452409
"37",NA,0,0,0,0,0,0,9452409
"38",NA,0,0,0,0,0,0,9452409
"39",NA,0,0,0,0,0,0,9452409
"40",NA,0,0,0,0,0,0,9452409
"41",NA,0,0,0,0,0,0,9452409
"42",NA,0,0,0,0,0,0,9452409
"43",NA,0,0,0,0,0,0,9452409
"44",NA,0,0,0,0,0,0,9452409
"45",NA,0,0,0,0,0,0,9452409
"46",NA,0,0,0,0,0,0,9452409
"47",NA,0,0,0,0,0,0,9452409
"48",NA,0,0,0,0,0,0,9452409
"49",NA,0,0,0,0,0,0,9452409
"50",NA,0,0,0,0,0,0,9452409
"51",NA,0,0,0,0,0,0,9452409
"52",NA,0,0,0,0,0,0,9452409
"53",NA,0,0,0,0,0,0,9452409
"54",NA,0,0,0,0,0,0,9452409
"55",NA,0,0,0,0,0,0,9452409
"56",NA,0,0,0,0,0,0,9452409
"57",NA,0,0,0,0,0,0,9452409
"58",NA,0,0,0,0,0,0,9452409
"59",NA,0,0,0,0,0,0,9452409
"60",NA,1,0,1,0,1.0579313696646e-07,1.0579313696646e-07,9452409
"61",NA,0,0,1,0,1.0579313696646e-07,0,9452409
"62",NA,0,0,1,0,1.0579313696646e-07,0,9452409
"63",NA,0,0,1,0,1.0579313696646e-07,0,9452409
"64",NA,3,0,4,0,4.2317254786584e-07,3.1737941089938e-07,9452409
"65",NA,2,0,6,0,6.3475882179876e-07,2.1158627393292e-07,9452409
"66",NA,3,0,9,0,9.52138232698141e-07,3.1737941089938e-07,9452409
"67",NA,3,0,12,0,1.26951764359752e-06,3.1737941089938e-07,9452409
"68",NA,9,0,21,0,2.22165587629566e-06,9.52138232698141e-07,9452409
"69",NA,6,0,27,0,2.85641469809442e-06,6.3475882179876e-07,9452409
"70",NA,9,0,36,0,3.80855293079256e-06,9.52138232698141e-07,9452409
"71",NA,0,0,36,0,3.80855293079256e-06,0,9452409
"72",NA,10,0,46,0,4.86648430045716e-06,1.0579313696646e-06,9452409
"73",NA,11,0,57,0,6.03020880708823e-06,1.16372450663106e-06,9452409
"74",NA,0,0,57,0,6.03020880708823e-06,0,9452409
"75",NA,19,0,76,0,8.04027840945097e-06,2.01006960236274e-06,9452409
"76",NA,0,0,76,0,8.04027840945097e-06,0,9452409
"77",NA,5,0,81,0,8.56924409428327e-06,5.289656848323e-07,9452409
"78",NA,0,0,81,0,8.56924409428327e-06,0,9452409
"79",NA,5,0,86,0,9.09820977911557e-06,5.289656848323e-07,9452409
"80",NA,0,0,86,0,9.09820977911557e-06,0,9452409
"81",NA,8,0,94,0,9.94455487484725e-06,8.46345095731681e-07,9452409
"82",NA,0,0,94,0,9.94455487484725e-06,0,9452409
"83",NA,0,0,94,0,9.94455487484725e-06,0,9452409
"84",NA,11,0,105,0,1.11082793814783e-05,1.16372450663106e-06,9452409
"85",NA,47,0,152,0,1.60805568189019e-05,4.97227743742362e-06,9452409
"86",NA,0,0,152,0,1.60805568189019e-05,0,9452409
"87",NA,102,4,254,4,2.68714567894809e-05,1.07908999705789e-05,9452409
"88",NA,97,0,351,4,3.71333910752275e-05,1.02619342857466e-05,9452409
"89",NA,43,1,394,5,4.16824959647853e-05,4.54910488955778e-06,9452409
"90",NA,170,3,564,8,5.96673292490835e-05,1.79848332842982e-05,9452409
"91",NA,136,5,700,13,7.40551958765221e-05,1.43878666274386e-05,9452409
"92",NA,161,0,861,13,9.10878909281221e-05,1.70326950516001e-05,9452409
"93",NA,205,0,1066,13,0.000112775484006246,2.16875930781243e-05,9452409
"94",NA,420,3,1486,16,0.00015720860153216,4.44331175259132e-05,9452409
"95",NA,495,3,1981,19,0.000209576204330557,5.23676027983977e-05,9452409
"96",NA,245,4,2226,23,0.00023549552288734,2.59193185567827e-05,9452409
"97",NA,352,3,2578,26,0.000272734707099534,3.72391842121939e-05,9452409
"98",NA,341,3,2919,29,0.000308810166805097,3.60754597055629e-05,9452409
"99",NA,362,4,3281,33,0.000347107282386956,3.82971155818586e-05,9452409
"100",NA,447,3,3728,36,0.000394396814610963,4.72895322240077e-05,9452409
"101",NA,476,4,4204,40,0.000444754347806998,5.0357533196035e-05,9452409
"102",NA,575,2,4779,42,0.000505585401562713,6.08310537557145e-05,9452409
"103",NA,0,3,4779,45,0.000505585401562713,0,9452409
"104",NA,0,2,4779,47,0.000505585401562713,0,9452409
"105",NA,1485,4,6264,51,0.000662688209957906,0.000157102808395193,9452409
"106",NA,459,4,6723,55,0.000711247259825511,4.85590498676052e-05,9452409
"107",NA,558,3,7281,58,0.000770279830252796,5.90325704272847e-05,9452409
"108",NA,741,2,8022,60,0.000848672544744943,7.83927144921469e-05,9452409
"109",NA,751,3,8773,63,0.000928123190606754,7.94506458618115e-05,9452409
"110",NA,817,4,9590,67,0.00101455618350835,8.64329929015979e-05,9452409
"111",NA,873,5,10463,72,0.00110691359208007,9.23574085717197e-05,9452409
"112",NA,826,3,11289,75,0.00119429872321437,8.7385131134296e-05,9452409
"113",NA,919,4,12208,79,0.00129152261608654,9.72238928721768e-05,9452409
"114",NA,973,5,13181,84,0.00139445933835491,0.000102936722268366,9452409
"115",NA,846,5,14027,89,0.00148396033222854,8.95009938736252e-05,9452409
"116",NA,890,4,14917,93,0.00157811622412869,9.41558919001495e-05,9452409
"117",NA,911,4,15828,97,0.00167449377190513,9.63775477764451e-05,9452409
"118",NA,877,2,16705,99,0.00176727435302472,9.27805811195855e-05,9452409
"119",NA,784,4,17489,103,0.00185021617240642,8.29418193817047e-05,9452409
"120",NA,861,4,18350,107,0.00194130406333454,9.10878909281221e-05,9452409
"121",NA,905,5,19255,112,0.00203704685228919,9.57427889546464e-05,9452409
"122",NA,913,4,20168,116,0.00213363598633957,9.65891340503781e-05,9452409
"123",NA,933,5,21101,121,0.00223234098312927,9.87049967897073e-05,9452409
"124",NA,951,5,22052,126,0.00233295025638438,0.000100609273255104,9452409
"125",NA,921,5,22973,131,0.00243038573553049,9.74354791461097e-05,9452409
"126",NA,933,4,23906,135,0.00252909073232019,9.87049967897073e-05,9452409
"127",NA,967,7,24873,142,0.00263139269576676,0.000102301963446567,9452409
"128",NA,952,4,25825,146,0.00273210776215883,0.00010071506639207,9452409
"129",NA,947,5,26772,151,0.00283229386286607,0.000100186100707238,9452409
"130",NA,958,5,27730,156,0.00293364368807994,0.000101349825213869,9452409
"131",NA,951,4,28681,160,0.00303425296133504,0.000100609273255104,9452409
"132",NA,969,5,29650,165,0.00313676651105554,0.0001025135497205,9452409
"133",NA,922,6,30572,171,0.00323430778333862,9.75412722830762e-05,9452409
"134",NA,936,4,31508,175,0.00333333015953922,9.90223762006066e-05,9452409
"135",NA,918,4,32426,179,0.00343044825927443,9.71180997352104e-05,9452409
"136",NA,945,6,33371,185,0.00353042277370774,9.99745144333048e-05,9452409
"137",NA,932,5,34303,190,0.00362902197736048,9.85992036527408e-05,9452409
"138",NA,941,4,35244,194,0.00372857331924592,9.95513418854389e-05,9452409
"139",NA,954,5,36198,199,0.00382949997191192,0.000100926652666003,9452409
"140",NA,946,5,37144,204,0.00392958027948219,0.000100080307570271,9452409
"141",NA,915,4,38059,208,0.0040263809998065,9.6800720324311e-05,9452409
"142",NA,897,6,38956,214,0.00412127744366542,9.48964438589147e-05,9452409
"143",NA,902,5,39858,219,0.00421670285320917,9.5425409543747e-05,9452409
"144",NA,906,5,40764,224,0.00431255143530078,9.58485820916128e-05,9452409
"145",NA,894,5,41658,229,0.00440713049974879,9.45790644480153e-05,9452409
"146",NA,898,6,42556,235,0.00450213273674468,9.50022369958812e-05,9452409
"147",NA,847,5,43403,240,0.00459173952375527,8.96067870105917e-05,9452409
"148",NA,852,3,44255,243,0.00468187527645069,9.0135752695424e-05,9452409
"149",NA,861,5,45116,248,0.00477296316737881,9.10878909281221e-05,9452409
"150",NA,865,5,45981,253,0.0048644742308548,9.1511063475988e-05,9452409
"151",NA,887,6,46868,259,0.00495831274334405,9.38385124892501e-05,9452409
"152",NA,883,4,47751,263,0.00505172808328544,9.34153399413843e-05,9452409
"153",NA,879,6,48630,269,0.00514472025067895,9.29921673935184e-05,9452409
"154",NA,823,7,49453,276,0.00523178800240235,8.70677517233966e-05,9452409
"155",NA,812,6,50265,282,0.00531769202961912,8.59040272167656e-05,9452409
"156",NA,801,6,51066,288,0.00540243233232925,8.47403027101345e-05,9452409
"157",NA,750,5,51816,293,0.0054817771850541,7.93448527248451e-05,9452409
"158",NA,704,5,52520,298,0.00555625555347848,7.44783684243879e-05,9452409
"159",NA,721,5,53241,303,0.0056325324052313,7.62768517528177e-05,9452409
"160",NA,732,5,53973,308,0.00570997298149075,7.74405762594488e-05,9452409
"161",NA,707,4,54680,312,0.00578476872932604,7.47957478352873e-05,9452409
"162",NA,689,6,55369,318,0.00585766020069593,7.2891471369891e-05,9452409
"163",NA,663,6,56032,324,0.00592780105050469,7.0140849808763e-05,9452409
"164",NA,625,7,56657,331,0.00599392176110873,6.61207106040376e-05,9452409
"165",NA,676,2,57333,333,0.00606543792169806,7.1516160589327e-05,9452409
"166",NA,603,10,57936,343,0.00612923118328883,6.37932615907754e-05,9452409
"167",NA,569,3,58505,346,0.00618942747822275,6.01962949339158e-05,9452409
"168",NA,518,5,59023,351,0.00624422832317137,5.48008449486263e-05,9452409
"169",NA,464,6,59487,357,0.00629331633872381,4.90880155524375e-05,9452409
"170",NA,458,5,59945,362,0.00634176959545445,4.84532567306387e-05,9452409
"171",NA,437,5,60382,367,0.00638800119630879,4.62316008543431e-05,9452409
"172",NA,331,6,60713,373,0.00642301872464469,3.50175283358983e-05,9452409
"173",NA,382,4,61095,377,0.00646343170296588,4.04129783211878e-05,9452409
"174",NA,380,6,61475,383,0.00650363309501313,4.02013920472548e-05,9452409
"175",NA,315,4,61790,387,0.00653695793315757,3.33248381444349e-05,9452409
"176",NA,328,5,62118,392,0.00657165808208257,3.47001489249989e-05,9452409
"177",NA,306,6,62424,398,0.0066040307819943,3.23726999117368e-05,9452409
"178",NA,274,7,62698,405,0.00663301810152311,2.89873195288101e-05,9452409
"179",NA,299,7,62997,412,0.00666465024947609,3.16321479529716e-05,9452409
"180",NA,273,6,63270,418,0.00669353177586793,2.88815263918436e-05,9452409
"181",NA,284,5,63554,423,0.0067235770267664,3.00452508984747e-05,9452409
"182",NA,250,6,63804,429,0.00675002531100802,2.6448284241615e-05,9452409
"183",NA,199,7,64003,436,0.00677107814526434,2.10528342563256e-05,9452409
"184",NA,221,7,64224,443,0.00679445842853393,2.33802832695877e-05,9452409
"185",NA,187,6,64411,449,0.00681424174514666,1.9783316612728e-05,9452409
"186",NA,193,5,64604,454,0.00683465982058119,2.04180754345268e-05,9452409
"187",NA,163,5,64767,459,0.00685190410190672,1.7244281325533e-05,9452409
