"","date","cases","deaths","cum_cases","cum_deaths","p_cases","p_cases_daily","p_cases_active","population"
"1",NA,0,0,0,0,0,0,0,37411038
"2",NA,0,0,0,0,0,0,0,37411038
"3",NA,0,0,0,0,0,0,0,37411038
"4",NA,0,0,0,0,0,0,0,37411038
"5",NA,0,0,0,0,0,0,0,37411038
"6",NA,0,0,0,0,0,0,0,37411038
"7",NA,0,0,0,0,0,0,0,37411038
"8",NA,0,0,0,0,0,0,0,37411038
"9",NA,0,0,0,0,0,0,0,37411038
"10",NA,0,0,0,0,0,0,0,37411038
"11",NA,0,0,0,0,0,0,0,37411038
"12",NA,0,0,0,0,0,0,0,37411038
"13",NA,0,0,0,0,0,0,0,37411038
"14",NA,0,0,0,0,0,0,0,37411038
"15",NA,0,0,0,0,0,0,0,37411038
"16",NA,0,0,0,0,0,0,0,37411038
"17",NA,0,0,0,0,0,0,0,37411038
"18",NA,0,0,0,0,0,0,0,37411038
"19",NA,0,0,0,0,0,0,0,37411038
"20",NA,0,0,0,0,0,0,0,37411038
"21",NA,0,0,0,0,0,0,0,37411038
"22",NA,0,0,0,0,0,0,0,37411038
"23",NA,0,0,0,0,0,0,0,37411038
"24",NA,0,0,0,0,0,0,0,37411038
"25",NA,0,0,0,0,0,0,0,37411038
"26",NA,0,0,0,0,0,0,0,37411038
"27",NA,1,0,1,0,2.67300789676031e-08,2.67300789676031e-08,2.67300789676031e-08,37411038
"28",NA,0,0,1,0,2.67300789676031e-08,0,2.67300789676031e-08,37411038
"29",NA,1,0,2,0,5.34601579352062e-08,2.67300789676031e-08,5.34601579352062e-08,37411038
"30",NA,1,0,3,0,8.01902369028093e-08,2.67300789676031e-08,8.01902369028093e-08,37411038
"31",NA,0,0,3,0,8.01902369028093e-08,0,8.01902369028093e-08,37411038
"32",NA,0,0,3,0,8.01902369028093e-08,0,8.01902369028093e-08,37411038
"33",NA,1,0,4,0,1.06920315870412e-07,2.67300789676031e-08,1.06920315870412e-07,37411038
"34",NA,0,0,4,0,1.06920315870412e-07,0,1.06920315870412e-07,37411038
"35",NA,0,0,4,0,1.06920315870412e-07,0,1.06920315870412e-07,37411038
"36",NA,0,0,4,0,1.06920315870412e-07,0,1.06920315870412e-07,37411038
"37",NA,1,0,5,0,1.33650394838015e-07,2.67300789676031e-08,1.33650394838015e-07,37411038
"38",NA,0,0,5,0,1.33650394838015e-07,0,1.33650394838015e-07,37411038
"39",NA,2,0,7,0,1.87110552773222e-07,5.34601579352062e-08,1.60380473805619e-07,37411038
"40",NA,0,0,7,0,1.87110552773222e-07,0,1.60380473805619e-07,37411038
"41",NA,0,0,7,0,1.87110552773222e-07,0,1.33650394838015e-07,37411038
"42",NA,0,0,7,0,1.87110552773222e-07,0,1.06920315870412e-07,37411038
"43",NA,0,0,7,0,1.87110552773222e-07,0,1.06920315870412e-07,37411038
"44",NA,0,0,7,0,1.87110552773222e-07,0,1.06920315870412e-07,37411038
"45",NA,0,0,7,0,1.87110552773222e-07,0,8.01902369028093e-08,37411038
"46",NA,0,0,7,0,1.87110552773222e-07,0,8.01902369028093e-08,37411038
"47",NA,1,0,8,0,2.13840631740825e-07,2.67300789676031e-08,1.06920315870412e-07,37411038
"48",NA,0,0,8,0,2.13840631740825e-07,0,1.06920315870412e-07,37411038
"49",NA,0,0,8,0,2.13840631740825e-07,0,8.01902369028093e-08,37411038
"50",NA,0,0,8,0,2.13840631740825e-07,0,8.01902369028093e-08,37411038
"51",NA,0,0,8,0,2.13840631740825e-07,0,2.67300789676031e-08,37411038
"52",NA,0,0,8,0,2.13840631740825e-07,0,2.67300789676031e-08,37411038
"53",NA,1,0,9,0,2.40570710708428e-07,2.67300789676031e-08,5.34601579352062e-08,37411038
"54",NA,0,0,9,0,2.40570710708428e-07,0,5.34601579352062e-08,37411038
"55",NA,0,0,9,0,2.40570710708428e-07,0,5.34601579352062e-08,37411038
"56",NA,0,0,9,0,2.40570710708428e-07,0,5.34601579352062e-08,37411038
"57",NA,2,0,11,0,2.94030868643634e-07,5.34601579352062e-08,1.06920315870412e-07,37411038
"58",NA,0,0,11,0,2.94030868643634e-07,0,1.06920315870412e-07,37411038
"59",NA,1,0,12,0,3.20760947611237e-07,2.67300789676031e-08,1.06920315870412e-07,37411038
"60",NA,2,0,14,0,3.74221105546443e-07,5.34601579352062e-08,1.60380473805619e-07,37411038
"61",NA,2,0,16,0,4.27681263481649e-07,5.34601579352062e-08,2.13840631740825e-07,37411038
"62",NA,4,0,20,0,5.34601579352062e-07,1.06920315870412e-07,3.20760947611237e-07,37411038
"63",NA,4,0,24,0,6.41521895222474e-07,1.06920315870412e-07,4.27681263481649e-07,37411038
"64",NA,3,0,27,0,7.21712132125283e-07,8.01902369028093e-08,5.07871500384459e-07,37411038
"65",NA,3,0,30,0,8.01902369028093e-07,8.01902369028093e-08,5.61331658319665e-07,37411038
"66",NA,3,0,33,0,8.82092605930902e-07,8.01902369028093e-08,6.41521895222474e-07,37411038
"67",NA,12,0,45,0,1.20285355354214e-06,3.20760947611237e-07,9.62282842833711e-07,37411038
"68",NA,6,0,51,0,1.36323402734776e-06,1.60380473805619e-07,1.12266331663933e-06,37411038
"69",NA,6,0,57,0,1.52361450115338e-06,1.60380473805619e-07,1.22958363250974e-06,37411038
"70",NA,5,0,62,0,1.65726489599139e-06,1.33650394838015e-07,1.36323402734776e-06,37411038
"71",NA,15,1,77,1,2.05821608050544e-06,4.00951184514046e-07,1.7374551328942e-06,37411038
"72",NA,16,0,93,1,2.48589734398709e-06,4.27681263481649e-07,2.11167623844064e-06,37411038
"73",NA,10,0,103,1,2.75319813366312e-06,2.67300789676031e-07,2.32551687018147e-06,37411038
"74",NA,35,0,138,1,3.68875089752923e-06,9.35552763866108e-07,3.15414931817716e-06,37411038
"75",NA,38,0,176,1,4.70449389829814e-06,1.01574300076892e-06,4.06297200307567e-06,37411038
"76",NA,68,0,244,1,6.52213926809515e-06,1.81764536979701e-06,5.80042713596987e-06,37411038
"77",NA,60,0,304,1,8.12594400615134e-06,1.60380473805619e-06,7.32404163712325e-06,37411038
"78",NA,120,3,424,4,1.13335534822637e-05,3.20760947611237e-06,1.04514608763328e-05,37411038
"79",NA,145,4,569,8,1.52094149325662e-05,3.87586145030245e-06,1.4006561379024e-05,37411038
"80",NA,121,1,690,9,1.84437544876461e-05,3.23433955507997e-06,1.70805204602984e-05,37411038
"81",NA,156,1,846,10,2.26136468065922e-05,4.16989231894608e-06,2.10900323054388e-05,37411038
"82",NA,125,2,971,12,2.59549066775426e-05,3.34125987095039e-06,2.42976417815512e-05,37411038
"83",NA,331,6,1302,18,3.48025628158192e-05,8.84765613827662e-06,3.27443467353138e-05,37411038
"84",NA,128,2,1430,20,3.82240129236724e-05,3.4214501078532e-06,3.57381155796853e-05,37411038
"85",NA,216,4,1646,24,4.39977099806747e-05,5.77369705700227e-06,4.12445118470116e-05,37411038
"86",NA,313,3,1959,27,5.23642246975345e-05,8.36651471685977e-06,4.86754738000052e-05,37411038
"87",NA,1426,8,3385,35,9.04813173053365e-05,3.8117092607802e-05,8.57768234070383e-05,37411038
"88",NA,633,4,4018,39,0.000107401457291829,1.69201399864928e-05,0.000100879318023734,37411038
"89",NA,657,14,4675,53,0.000124963119173544,1.75616618817152e-05,0.000116837175167393,37411038
"90",NA,711,7,5386,60,0.00014396820531951,1.90050861459658e-05,0.000132634651837247,37411038
"91",NA,869,1,6255,61,0.000167196643942357,2.32284386228471e-05,0.000151987229009791,37411038
"92",NA,1169,28,7424,89,0.000198444106255485,3.1247462313128e-05,0.000180000351767839,37411038
"93",NA,1112,7,8536,96,0.00022816795406746,2.97238478119746e-05,0.000205554307260868,37411038
"94",NA,1059,13,9595,109,0.000256475107694152,2.83071536266917e-05,0.000230520201016609,37411038
"95",NA,1673,29,11268,138,0.000301194529806952,4.47194221128e-05,0.000266391966991132,37411038
"96",NA,1251,49,12519,187,0.000334633858595423,3.34393287884715e-05,0.000296409845671751,37411038
"97",NA,1363,44,13882,231,0.000371066956228266,3.6433097632843e-05,0.000327069246247591,37411038
"98",NA,1614,49,15496,280,0.000414209303681977,4.31423474537114e-05,0.000361845078984443,37411038
"99",NA,1157,43,16653,323,0.000445136005047494,3.09267013655168e-05,0.000354654687742158,37411038
"100",NA,1230,57,17883,380,0.000478014002177646,3.28779971301518e-05,0.000370612544885817,37411038
"101",NA,1391,55,19274,435,0.000515195542021582,3.71815398439359e-05,0.000390232422848038,37411038
"102",NA,1474,74,20748,509,0.000554595678419829,3.9400136398247e-05,0.000410627473100319,37411038
"103",NA,1385,60,22133,569,0.000591616837789959,3.70211593701303e-05,0.000424420193847602,37411038
"104",NA,1168,84,23301,653,0.00062283757002412,3.12207322341604e-05,0.000424393463768634,37411038
"105",NA,1064,64,24365,717,0.000651278374045649,2.84408040215297e-05,0.000423110419978189,37411038
"106",NA,1298,63,25663,780,0.000685974016545598,3.46956424999488e-05,0.000429498908851446,37411038
"107",NA,1383,123,27046,903,0.000722941715757793,3.69676992121951e-05,0.000421747185950842,37411038
"108",NA,1318,107,28364,1010,0.000758171959837094,3.52302440793009e-05,0.000423538101241671,37411038
"109",NA,1717,183,30081,1193,0.000804067505424469,4.58955455873745e-05,0.000433000549196202,37411038
"110",NA,1791,116,31872,1309,0.000851941076855446,4.78735714309771e-05,0.000437731773173468,37411038
"111",NA,1469,158,33341,1467,0.000891207562858855,3.92664860034089e-05,0.00044607155781136,37411038
"112",NA,1436,113,34777,1580,0.000929591956256333,3.8384393397478e-05,0.000451577954078687,37411038
"113",NA,2046,110,36823,1690,0.000984281697824049,5.46897415677159e-05,0.000469086155802467,37411038
"114",NA,1590,144,38413,1834,0.00102678252338254,4.25008255584889e-05,0.000472186844962709,37411038
"115",NA,1766,140,40179,1974,0.00107398784283932,4.72053194567871e-05,0.000482371005049365,37411038
"116",NA,1920,172,42099,2146,0.00112530959445712,5.13217516177979e-05,0.000502472024433003,37411038
"117",NA,1778,156,43877,2302,0.00117283567486152,4.75260804043983e-05,0.000521557300815872,37411038
"118",NA,1464,163,45341,2465,0.00121196851047009,3.91328356085709e-05,0.000525994493924494,37411038
"119",NA,1543,95,46884,2560,0.0012532130223171,4.12445118470116e-05,0.00053027130655931,37411038
"120",NA,1605,147,48489,2707,0.00129611479906011,4.2901776743003e-05,0.000537942839223012,37411038
"121",NA,1526,152,50015,2859,0.00133690489956467,4.07901005045623e-05,0.0005328373941402,37411038
"122",NA,1572,137,51587,2996,0.00137892458370174,4.20196841370721e-05,0.000526983506846295,37411038
"123",NA,1649,188,53236,3184,0.00142300248391932,4.40779002175775e-05,0.000531794921060464,37411038
"124",NA,1825,207,55061,3391,0.00147178487803519,4.87823941158756e-05,0.000542192921778861,37411038
"125",NA,1653,175,56714,3566,0.00151596969856864,4.41848205334479e-05,0.000531688000744593,37411038
"126",NA,2760,116,59474,3682,0.00158974471651923,7.37750179505845e-05,0.000562962193136689,37411038
"127",NA,1298,172,60772,3854,0.00162444035901918,3.46956424999488e-05,0.00055045251617985,37411038
"128",NA,1274,189,62046,4043,0.0016584944796239,3.40541206047263e-05,0.000533184885166779,37411038
"129",NA,1450,189,63496,4232,0.00169725309412693,3.87586145030245e-05,0.000524417419265405,37411038
"130",NA,1426,176,64922,4408,0.00173537018673473,3.8117092607802e-05,0.000523401676264636,37411038
"131",NA,1512,161,66434,4569,0.00177578606613374,4.04158793990159e-05,0.00052257304381664,37411038
"132",NA,1268,124,67702,4693,0.00180967980626466,3.38937401309207e-05,0.000513565007204558,37411038
"133",NA,1146,178,68848,4871,0.00184031247676154,3.06326704968731e-05,0.000503407577196869,37411038
"134",NA,1133,122,69981,4993,0.00187059765623183,3.02851794702943e-05,0.000491673072530091,37411038
"135",NA,1176,176,71157,5169,0.00190203222909773,3.14345728659012e-05,0.000479029745178415,37411038
"136",NA,1121,135,72278,5304,0.00193199664762042,2.99644185226831e-05,0.000460211769585222,37411038
"137",NA,1123,168,73401,5472,0.00196201452630103,3.00178786806183e-05,0.000446044827732393,37411038
"138",NA,1201,90,74602,5562,0.00199411735114113,3.21028248400913e-05,0.0004043726346219,37411038
"139",NA,1251,117,75853,5679,0.0020275566799296,3.34393287884715e-05,0.000403116320910422,37411038
"140",NA,1138,103,76991,5782,0.00205797550979473,3.04188298651323e-05,0.000399481030170828,37411038
"141",NA,1070,60,78061,5842,0.00208657669429006,2.86011844953353e-05,0.000389323600163139,37411038
"142",NA,1040,70,79101,5912,0.00211437597641637,2.77992821263072e-05,0.000379005789681644,37411038
"143",NA,990,118,80091,6030,0.0021408387545943,2.64627781779271e-05,0.000365052688460555,37411038
"144",NA,1222,122,81313,6152,0.00217350291109271,3.2664156498411e-05,0.000363823104828046,37411038
"145",NA,1156,98,82469,6250,0.00220440288237926,3.08999712865492e-05,0.000364090405617722,37411038
"146",NA,1141,105,83610,6355,0.00223490190248129,3.04990201020351e-05,0.000364304246249463,37411038
"147",NA,1078,69,84688,6424,0.00226371692760837,2.88150251270761e-05,0.000361684698510637,37411038
"148",NA,1012,121,85700,6545,0.00229076776752359,2.70508399152143e-05,0.000358771119903169,37411038
"149",NA,936,94,86636,6639,0.00231578712143726,2.50193539136765e-05,0.000353772595136227,37411038
"150",NA,872,126,87508,6765,0.00233909575029701,2.33086288597499e-05,0.000344978399155885,37411038
"151",NA,993,112,88501,6877,0.00236563871871184,2.65429684148299e-05,0.000338082038782244,37411038
"152",NA,906,102,89407,6979,0.00238985617025649,2.42174515446484e-05,0.00033188066046176,37411038
"153",NA,772,94,90179,7073,0.00241049179121948,2.06356209629896e-05,0.000323915096929414,37411038
"154",NA,757,222,90936,7295,0.00243072646099795,2.02346697784755e-05,0.000316350484581583,37411038
"155",NA,758,31,91694,7326,0.0024509878608554,2.02613998574431e-05,0.000310149106261099,37411038
"156",NA,705,69,92399,7395,0.00246983256652756,1.88447056721602e-05,0.000296329655434848,37411038
"157",NA,675,103,93074,7498,0.00248787536983069,1.80428033031321e-05,0.000283472487451431,37411038
"158",NA,641,139,93715,7637,0.00250500935044892,1.71339806182336e-05,0.000270107447967629,37411038
"159",NA,609,66,94324,7703,0.00252128796854019,1.62786180912703e-05,0.000257571040931823,37411038
"160",NA,722,70,95046,7773,0.0025405870855548,1.92991170146094e-05,0.000249819318031218,37411038
"161",NA,642,27,95688,7800,0.002557747796252,1.71607106972012e-05,0.000241960674814743,37411038
"162",NA,545,35,96233,7835,0.00257231568928935,1.45678930373437e-05,0.000233219938992337,37411038
"163",NA,409,62,96642,7897,0.0025832482915871,1.09326022977497e-05,0.000217609572875257,37411038
"164",NA,472,63,97114,7960,0.00259586488885981,1.26165972727087e-05,0.000206008718603317,37411038
"165",NA,405,34,97519,7994,0.00260669057084169,1.08256819818793e-05,0.000196198779622207,37411038
"166",NA,413,55,97932,8049,0.00261773009345531,1.10395226136201e-05,0.000187003632457351,37411038
"167",NA,467,58,98399,8107,0.00263021304033318,1.24829468778706e-05,0.000179225179477779,37411038
"168",NA,377,39,98776,8146,0.00264029028010396,1.00772397707864e-05,0.000170457713576405,37411038
"169",NA,360,29,99136,8175,0.0026499131085323,9.62282842833711e-06,0.00016203773870161,37411038
"170",NA,320,38,99456,8213,0.00265846673380193,8.55362526963299e-06,0.000153457383353009,37411038
"171",NA,386,41,99842,8254,0.00266878454428343,1.03178104814948e-05,0.000147496575743234,37411038
"172",NA,367,46,100209,8300,0.00267859448326454,9.80993898111033e-06,0.000138007397709735,37411038
"173",NA,409,46,100618,8346,0.00268952708556229,1.09326022977497e-05,0.000131779289310283,37411038
"174",NA,390,64,101008,8410,0.00269995181635965,1.04247307973652e-05,0.000127636127070305,37411038
"175",NA,318,20,101326,8430,0.00270845198147135,8.50016511169778e-06,0.000125203689884253,37411038
"176",NA,311,6,101637,8436,0.00271676503603028,8.31305455892456e-06,0.000120900147170469,37411038
"177",NA,326,18,101963,8454,0.00272547904177371,8.71400574343861e-06,0.000118788470932028,37411038
"178",NA,279,30,102242,8484,0.00273293673380568,7.45769203196126e-06,0.000115206640350369,37411038
"179",NA,369,20,102611,8504,0.00274280013294472,9.86339913904554e-06,0.000112587092611544,37411038
"180",NA,172,4,102783,8508,0.00274739770652715,4.59757358242773e-06,0.000107107426423186,37411038
"181",NA,238,8,103021,8516,0.00275375946532144,6.36175879428954e-06,0.000103846356789138,37411038
"182",NA,218,6,103239,8522,0.00275958662253638,5.82715721493747e-06,0.000101119888734442,37411038
"183",NA,668,44,103907,8566,0.00277744231528673,1.78556927503589e-05,0.000108657771003307,37411038
"184",NA,286,25,104193,8591,0.00278508711787147,7.64480258473448e-06,0.000106492634606931,37411038
"185",NA,0,0,104193,8591,0.00278508711787147,0,9.5560032309181e-05,37411038
"186",NA,567,51,104760,8642,0.0028002430726461,1.5155954774631e-05,0.000100291256286447,37411038
"187",NA,319,21,105079,8663,0.00280876996783677,8.52689519066539e-06,0.000100317986365414,37411038
"188",NA,226,11,105305,8674,0.00281481096568344,6.0409978466783e-06,9.80459296531681e-05,37411038
"189",NA,219,10,105524,8684,0.00282066485297735,5.85388729390508e-06,9.51858112036346e-05,37411038
"190",NA,399,9,105923,8693,0.00283133015448542,1.06653015080736e-05,9.8393420679747e-05,37411038
"191",NA,232,18,106155,8711,0.00283753153280591,6.20137832048392e-06,9.47313998611854e-05,37411038
"192",NA,267,26,106422,8737,0.00284466846389026,7.13693108435003e-06,9.72707573631076e-05,37411038
"193",NA,371,12,106793,8749,0.00285458532318724,9.91685929698075e-06,0.000100825857865799,37411038
"194",NA,321,10,107114,8759,0.00286316567853584,8.58035534860059e-06,0.000103579055999462,37411038
"195",NA,221,14,107335,8773,0.00286907302598768,5.90734745184028e-06,9.16307107009434e-05,37411038
"196",NA,244,10,107579,8783,0.00287559516525577,6.52213926809515e-06,9.05080473843041e-05,37411038
"197",NA,565,7,108144,8790,0.00289069765987247,1.51024946166957e-05,0.000105610542001,37411038
