"","date","cases","deaths","cum_cases","cum_deaths","cases_active","p_cases","p_cases_daily","p_cases_active","population"
"1","2020/03/07",1,0,1,0,1,1.9865138356815e-08,1.9865138356815e-08,1.9865138356815e-08,50339443
"2","2020/03/10",2,0,3,0,3,5.95954150704449e-08,3.97302767136299e-08,5.95954150704449e-08,50339443
"3","2020/03/12",6,0,9,0,9,1.78786245211335e-07,1.1919083014089e-07,1.78786245211335e-07,50339443
"4","2020/03/14",7,0,16,0,16,3.17842213709039e-07,1.39055968497705e-07,3.17842213709039e-07,50339443
"5","2020/03/15",18,0,34,0,34,6.75414704131708e-07,3.57572490422669e-07,6.75414704131708e-07,50339443
"6","2020/03/16",11,0,45,0,45,8.93931226056673e-07,2.18516521924964e-07,8.93931226056673e-07,50339443
"7","2020/03/17",12,0,57,0,57,1.13231288633845e-06,2.38381660281779e-07,1.13231288633845e-06,50339443
"8","2020/03/18",8,0,65,0,65,1.29123399319297e-06,1.5892110685452e-07,1.29123399319297e-06,50339443
"9","2020/03/19",37,0,102,0,102,2.02624411239513e-06,7.35010119202153e-07,2.02624411239513e-06,50339443
"10","2020/03/20",26,0,128,0,128,2.54273770967231e-06,5.16493597277189e-07,2.54273770967231e-06,50339443
"11","2020/03/21",30,0,158,0,158,3.13869186037676e-06,5.95954150704449e-07,3.13869186037676e-06,50339443
"12","2020/03/22",52,1,210,1,210,4.17167905493114e-06,1.03298719455438e-06,4.17167905493114e-06,50339443
"13","2020/03/23",25,1,235,2,234,4.66830751385151e-06,4.96628458920374e-07,4.6484423754947e-06,50339443
"14","2020/03/24",71,1,306,3,303,6.07873233718538e-06,1.41042482333386e-06,6.01913692211493e-06,50339443
"15","2020/03/25",72,0,378,3,369,7.50902229887605e-06,1.43028996169068e-06,7.33023605366472e-06,50339443
"16","2020/03/26",92,1,470,4,454,9.33661502770303e-06,1.82759272882698e-06,9.01877281399399e-06,50339443
"17","2020/03/27",21,2,491,6,457,9.75378293319614e-06,4.17167905493114e-07,9.07836822906443e-06,50339443
"18","2020/03/28",48,0,539,6,494,1.07073095743233e-05,9.53526641127118e-07,9.81337834826659e-06,50339443
"19","2020/03/29",69,0,608,6,551,1.20780041209435e-05,1.37069454662023e-06,1.0945691234605e-05,50339443
"20","2020/03/30",94,4,702,10,637,1.39453271264841e-05,1.86732300554061e-06,1.26540931332911e-05,50339443
"21","2020/03/31",96,4,798,14,696,1.58523804087383e-05,1.90705328225424e-06,1.38261362963432e-05,50339443
"22","2020/04/01",108,2,906,16,778,1.79978153512743e-05,2.14543494253601e-06,1.5455077641602e-05,50339443
"23","2020/04/02",159,1,1065,17,907,2.11563723500079e-05,3.15855699873358e-06,1.80176804896312e-05,50339443
"24","2020/04/03",96,2,1161,19,951,2.30634256322622e-05,1.90705328225424e-06,1.8891746577331e-05,50339443
"25","2020/04/04",106,6,1267,25,1032,2.51691302980845e-05,2.10570466582239e-06,2.0500822784233e-05,50339443
"26","2020/04/05",139,7,1406,32,1100,2.79303845296818e-05,2.76125423159728e-06,2.18516521924964e-05,50339443
"27","2020/04/06",79,3,1485,35,1107,2.94997304598702e-05,1.56934593018838e-06,2.19907081609942e-05,50339443
"28","2020/04/07",94,11,1579,46,1109,3.13670534654108e-05,1.86732300554061e-06,2.20304384377078e-05,50339443
"29","2020/04/08",201,4,1780,50,1289,3.53599462751306e-05,3.99289280971981e-06,2.56061633419345e-05,50339443
"30","2020/04/09",274,5,2054,55,1515,4.08029941848979e-05,5.4430479097673e-06,3.00956846105747e-05,50339443
"31","2020/04/10",169,14,2223,69,1615,4.41602025671996e-05,3.35720838230173e-06,3.20821984462561e-05,50339443
"32","2020/04/11",250,11,2473,80,1771,4.91264871564034e-05,4.96628458920374e-06,3.51811600299193e-05,50339443
"33","2020/04/12",236,20,2709,100,1911,5.38146598086117e-05,4.68817265220833e-06,3.79622793998734e-05,50339443
"34","2020/04/13",67,9,2776,109,1870,5.51456240785183e-05,1.3309642699066e-06,3.7147808727244e-05,50339443
"35","2020/04/14",76,3,2852,112,1787,5.66553745936362e-05,1.50975051511794e-06,3.54990022436283e-05,50339443
"36","2020/04/15",127,15,2979,127,1818,5.91782471649517e-05,2.5228725713155e-06,3.61148215326896e-05,50339443
"37","2020/04/16",126,4,3105,131,1838,6.16812545979104e-05,2.50300743295868e-06,3.65121242998259e-05,50339443
"38","2020/04/17",128,13,3233,144,1827,6.42239923075827e-05,2.54273770967231e-06,3.62936077779009e-05,50339443
"39","2020/04/18",206,9,3439,153,1954,6.83162108090866e-05,4.09221850150388e-06,3.88164803492164e-05,50339443
"40","2020/04/19",182,13,3621,166,2042,7.19316659900269e-05,3.61545518094032e-06,4.05646125246161e-05,50339443
"41","2020/04/20",171,13,3792,179,2012,7.53286046490423e-05,3.39693865901536e-06,3.99686583739117e-05,50339443
"42","2020/04/21",185,10,3977,189,1923,7.90036552450531e-05,3.67505059601077e-06,3.82006610601552e-05,50339443
"43","2020/04/22",172,7,4149,196,1926,8.24204590424252e-05,3.41680379737217e-06,3.82602564752256e-05,50339443
"44","2020/04/23",207,10,4356,206,1883,8.65325426822859e-05,4.1120836398607e-06,3.74060555258826e-05,50339443
"45","2020/04/24",205,9,4561,215,1852,9.0604896045433e-05,4.07235336314707e-06,3.67902362368213e-05,50339443
"46","2020/04/25",320,10,4881,225,2105,9.69617403196138e-05,6.35684427418078e-06,4.18161162410955e-05,50339443
"47","2020/04/26",261,8,5142,233,2290,0.000102146541430742,5.1848011111287e-06,4.54911668371062e-05,50339443
"48","2020/04/27",237,10,5379,243,2400,0.000106854579221308,4.70803779056514e-06,4.76763320563559e-05,50339443
"49","2020/04/28",218,10,5597,253,2492,0.000111185179383093,4.33060016178566e-06,4.95039247851829e-05,50339443
"50","2020/04/29",352,16,5949,269,2716,0.000118177708084692,6.99252870159886e-06,5.39537157771094e-05,50339443
"51","2020/04/30",262,9,6211,278,2772,0.000123382374334178,5.20466624948552e-06,5.5066163525091e-05,50339443
"52","2020/05/01",296,15,6507,293,2886,0.000129262455287795,5.88008095361723e-06,5.7330789297768e-05,50339443
"53","2020/05/02",499,21,7006,314,3214,0.000139175159327846,9.91270404005066e-06,6.38465546788033e-05,50339443
"54","2020/05/03",279,10,7285,324,3308,0.000144717532929397,5.54237360155137e-06,6.57138776843439e-05,50339443
"55","2020/05/04",383,16,7668,340,3519,0.000152325880920057,7.60834799066013e-06,6.99054218776318e-05,50339443
"56","2020/05/05",305,18,7973,358,3617,0.000158384748118886,6.05886719882856e-06,7.18522054365997e-05,50339443
"57","2020/05/06",640,20,8613,378,4052,0.000171098436667247,1.27136885483616e-05,8.04935406218142e-05,50339443
"58","2020/05/07",346,19,8959,397,4078,0.000177971774538705,6.87333787145797e-06,8.10100342190914e-05,50339443
"59","2020/05/08",497,10,9456,407,4314,0.000187844748302042,9.87297376333703e-06,8.56982068712997e-05,50339443
"60","2020/05/09",595,21,10051,428,4672,0.000199664505624347,1.18197573223049e-05,9.28099264030395e-05,50339443
"61","2020/05/10",444,17,10495,445,4898,0.000208484627054773,8.82012143042584e-06,9.72994476716796e-05,50339443
"62","2020/05/11",568,18,11063,463,5114,0.000219768025641444,1.12833985866709e-05,0.000101590317556752,50339443
"63","2020/05/12",550,16,11613,479,5402,0.000230693851737692,1.09258260962482e-05,0.000107311477403514,50339443
"64","2020/05/13",659,14,12272,493,5765,0.000243784977914833,1.30911261771411e-05,0.000114522522627038,50339443
"65","2020/05/14",658,16,12930,509,5924,0.000256856238953617,1.30712610387842e-05,0.000117681079625772,50339443
"66","2020/05/15",680,16,13610,525,6325,0.000270364533036252,1.35082940826342e-05,0.000125647000106855,50339443
"67","2020/05/16",606,21,14216,546,6548,0.000282402806880481,1.20382738442299e-05,0.000130076925960424,50339443
"68","2020/05/17",723,16,14939,562,6966,0.000296765301912459,1.43624950319772e-05,0.000138380553793573,50339443
"69","2020/05/18",635,12,15574,574,6961,0.000309379664769036,1.26143628565775e-05,0.000138281228101789,50339443
"70","2020/05/19",721,18,16295,592,7336,0.0003237024295243,1.43227647552636e-05,0.000145730654985594,50339443
"71","2020/05/20",640,21,16935,613,7479,0.000336416118072661,1.27136885483616e-05,0.000148571369770619,50339443
"72","2020/05/21",752,17,17687,630,7636,0.000351354702116986,1.49385840443248e-05,0.000151690196492639,50339443
"73","2020/05/22",643,22,18330,652,7835,0.000364127986080418,1.2773283963432e-05,0.000155643359025645,50339443
"74","2020/05/23",801,30,19131,682,8068,0.000380039961904227,1.59119758238088e-05,0.000160271936262783,50339443
"75","2020/05/24",1046,23,20177,705,8564,0.000400818896625455,2.07789347212284e-05,0.000170125044887763,50339443
"76","2020/05/25",998,22,21175,727,8903,0.000420644304705557,1.98254080801013e-05,0.000176859326790724,50339443
"77","2020/05/26",806,23,21981,750,9051,0.000436655606221149,1.60113015155929e-05,0.000179799367267532,50339443
"78","2020/05/27",1022,26,23003,776,9393,0.000456957777621814,2.03021714006649e-05,0.000186593244585563,50339443
"79","2020/05/28",1101,27,24104,803,9888,0.000478829294952668,2.18715173308533e-05,0.000196426488072186,50339443
"80","2020/05/29",1262,19,25366,822,10427,0.000503899099558968,2.50698046063005e-05,0.00020713379764651,50339443
"81","2020/05/30",1322,31,26688,853,11114,0.000530160812466677,2.62617129077094e-05,0.000220781147697641,50339443
"82","2020/05/31",1548,37,28236,890,11941,0.000560912046643027,3.07512341763495e-05,0.000237209617118727,50339443
"83","2020/06/01",1147,49,29383,939,12448,0.000583697360338294,2.27853136952667e-05,0.000247281242265633,50339443
"84","2020/06/02",1110,30,30493,969,12806,0.000605747663914358,2.20503035760646e-05,0.000254392961797372,50339443
"85","2020/06/03",1340,40,31833,1009,13503,0.00063236694931249,2.6619285398132e-05,0.000268238963232072,50339443
"86","2020/06/04",1521,36,33354,1045,14223,0.000662581824753206,3.02148754407155e-05,0.000282541862848979,50339443
"87","2020/06/05",1766,42,35120,1087,14943,0.000697663659091341,3.50818343381352e-05,0.000296844762465886,50339443
"88","2020/06/06",1515,58,36635,1145,15460,0.000727759343701916,3.00956846105747e-05,0.000307115038996359,50339443
"89","2020/06/07",1392,60,38027,1205,16046,0.000755411616294602,2.76522725926864e-05,0.000318756010073453,50339443
"90","2020/06/08",1209,54,39236,1259,16233,0.000779428568567991,2.40169522733893e-05,0.000322470790946177,50339443
"91","2020/06/09",1483,49,40719,1308,16615,0.000808888568751148,2.94600001831566e-05,0.00033005927379848,50339443
"92","2020/06/10",1359,64,42078,1372,16712,0.00083588529177806,2.69967230269115e-05,0.000331986192219091,50339443
"93","2020/06/11",1604,61,43682,1433,16994,0.000867748973702391,3.18636819243312e-05,0.000337588161235713,50339443
"94","2020/06/12",0,0,43682,1433,15446,0.000867748973702391,0,0.000306836927059364,50339443
"95","2020/06/13",3176,112,46858,1545,17475,0.000930840653123635,6.30916794212443e-05,0.000347143292785341,50339443
"96","2020/06/14",1888,47,48746,1592,18253,0.000968346034341302,3.75053812176666e-05,0.000362598370426943,50339443
"97","2020/06/15",2193,75,50939,1667,19106,0.0010119102827578,4.35642484164952e-05,0.000379543333445307,50339443
"98","2020/06/16",2124,59,53063,1726,19709,0.00105410383662767,4.2193553869875e-05,0.000391522011874466,50339443
"99","2020/06/17",1868,75,54931,1801,19811,0.0010912119150782,3.71080784505303e-05,0.000393548255986861,50339443
"100","2020/06/18",2115,63,57046,1864,20411,0.00113322668270287,4.20147676246636e-05,0.00040546733900095,50339443
"101","2020/06/19",3171,86,60217,1950,22190,0.00119621903643233,6.29923537294602e-05,0.000440807420137724,50339443
"102","2020/06/20",3059,95,63276,2045,24040,0.00125698649466582,6.07674582334969e-05,0.000477557926097831,50339443
"103","2020/06/21",2357,81,65633,2126,24914,0.00130380862577284,4.68221311070128e-05,0.000494920057021688,50339443
"104","2020/06/22",3019,111,68652,2237,26574,0.00136378147847206,5.99728526992243e-05,0.000527896186694001,50339443
"105","2020/06/23",2531,73,71183,2310,27501,0.00141406014365316,5.02786651810986e-05,0.000546311169950768,50339443
"106","2020/06/24",2389,94,73572,2404,29890,0.00146151795918759,4.74578155344309e-05,0.000593768985485199,50339443
"107","2020/06/25",3541,87,77113,2491,30255,0.00153186041410907,7.03424549214817e-05,0.000601019760985436,50339443
"108","2020/06/26",3486,163,80599,2654,31853,0.00160111028642093,6.92498723118569e-05,0.000632764252079627,50339443
"109","2020/06/27",3843,157,84442,2811,33503,0.00167745201312617,7.63417267052399e-05,0.000665541730368371,50339443
"110","2020/06/28",4149,128,88591,2939,35528,0.00175987247216859,8.24204590424252e-05,0.000705768635540922,50339443
"111","2020/06/29",3178,167,91769,3106,36838,0.00182300388186655,6.31314096979579e-05,0.000731791966788349,50339443
"112","2020/06/30",3274,117,95043,3223,37997,0.00188804234484676,6.50384629802122e-05,0.000754815662143898,50339443
"113","2020/07/01",2803,111,97846,3334,37629,0.00194372432766092,5.56819828141523e-05,0.00074750529122859,50339443
"114","2020/07/02",4163,136,102009,3470,38733,0.00202642289864034,8.26985709794206e-05,0.000769436403974514,50339443
"115","2020/07/03",4101,171,106110,3641,40477,0.00210788983104163,8.14669324012981e-05,0.000804081205268799,50339443
"116","2020/07/04",3395,136,109505,3777,40853,0.00217533197576302,6.74421447213868e-05,0.000811550497290961,50339443
"117","2020/07/05",3884,165,113389,3942,42206,0.00225248817314089,7.71561973778693e-05,0.000838428029487732,50339443
"118","2020/07/06",3721,122,117110,4064,43538,0.0023264063529666,7.39181798257084e-05,0.000864888393779009,50339443
"119","2020/07/07",3171,146,120281,4210,43168,0.00238939870669606,6.29923537294602e-05,0.000857538292586988,50339443
"120","2020/07/08",4213,149,124494,4359,43895,0.00247309053459332,8.36918278972614e-05,0.000871980248172392,50339443
"121","2020/07/09",4144,168,128638,4527,44196,0.00255541166794396,8.23211333506412e-05,0.000877959654817794,50339443
"122","2020/07/10",5335,187,133973,4714,45382,0.00266139218107757,0.000105980513133608,0.000901519708908976,50339443
"123","2020/07/11",6803,211,140776,4925,49007,0.00279653471731898,0.000135142536241412,0.00097353083545243,50339443
"124","2020/07/12",4586,194,145362,5119,50319,0.00288763624182334,9.11015245043534e-05,0.000999593896976572,50339443
"125","2020/07/13",5083,188,150445,5307,52599,0.00298861074009103,0.00010097449826769,0.00104488641243011,50339443
"126","2020/07/14",3782,148,154227,5455,52218,0.0030637406933565,7.51299532654742e-05,0.00103731779471616,50339443
"127","2020/07/15",5671,170,159898,5625,53788,0.003176395892978,0.000112655199621498,0.00106850606193636,50339443
"128","2020/07/16",5271,189,165169,5814,55664,0.00328110503725677,0.000104709144278772,0.00110577306149375,50339443
"129","2020/07/17",8037,215,173206,6029,59817,0.00344076115423049,0.000159656116973722,0.0011882729810896,50339443
"130","2020/07/18",8934,259,182140,6288,65030,0.00361823630031028,0.000177475146079785,0.00129182994734368,50339443
"131","2020/07/19",8560,228,190700,6516,70419,0.00378828188464461,0.000170045584334336,0.00139888317794855,50339443
"132","2020/07/20",6578,220,197278,6736,72784,0.00391895476475574,0.000130672880111129,0.00144586423016242,50339443
"133","2020/07/21",6727,193,204005,6929,75367,0.00405258755048203,0.000133632785726294,0.00149717588253807,50339443
"134","2020/07/22",7033,237,211038,7166,77065,0.00419229906854551,0.00013971151806348,0.00153090688746794,50339443
"135","2020/07/23",7390,207,218428,7373,77652,0.00433910244100238,0.000146803372456863,0.00154256772368339,50339443
"136","2020/07/24",7945,315,226373,7688,81011,0.00449693096524727,0.000157828524244895,0.00160929472342394,50339443
"137","2020/07/25",7168,287,233541,7975,83096,0.00463932427698892,0.00014239331174165,0.0016507135368979,50339443
"138","2020/07/26",7254,294,240795,8269,86568,0.00478342599062926,0.000144101713640336,0.00171968529727276,50339443
"139","2020/07/27",8181,256,248976,8525,89078,0.00494594268752636,0.000162516696897103,0.00176954679454836,50339443
"140","2020/07/28",8125,252,257101,8777,91932,0.00510734693667548,0.000161404249149122,0.00182624189941871,50339443
