"","date","cases","deaths","cum_cases","cum_deaths","p_cases","p_cases_daily","p_cases_active","population"
"1",NA,0,0,0,0,0,0,0,46937060
"2",NA,0,0,0,0,0,0,0,46937060
"3",NA,0,0,0,0,0,0,0,46937060
"4",NA,0,0,0,0,0,0,0,46937060
"5",NA,0,0,0,0,0,0,0,46937060
"6",NA,0,0,0,0,0,0,0,46937060
"7",NA,0,0,0,0,0,0,0,46937060
"8",NA,0,0,0,0,0,0,0,46937060
"9",NA,0,0,0,0,0,0,0,46937060
"10",NA,0,0,0,0,0,0,0,46937060
"11",NA,0,0,0,0,0,0,0,46937060
"12",NA,0,0,0,0,0,0,0,46937060
"13",NA,0,0,0,0,0,0,0,46937060
"14",NA,0,0,0,0,0,0,0,46937060
"15",NA,0,0,0,0,0,0,0,46937060
"16",NA,0,0,0,0,0,0,0,46937060
"17",NA,0,0,0,0,0,0,0,46937060
"18",NA,0,0,0,0,0,0,0,46937060
"19",NA,0,0,0,0,0,0,0,46937060
"20",NA,0,0,0,0,0,0,0,46937060
"21",NA,0,0,0,0,0,0,0,46937060
"22",NA,0,0,0,0,0,0,0,46937060
"23",NA,0,0,0,0,0,0,0,46937060
"24",NA,0,0,0,0,0,0,0,46937060
"25",NA,0,0,0,0,0,0,0,46937060
"26",NA,0,0,0,0,0,0,0,46937060
"27",NA,0,0,0,0,0,0,0,46937060
"28",NA,0,0,0,0,0,0,0,46937060
"29",NA,0,0,0,0,0,0,0,46937060
"30",NA,0,0,0,0,0,0,0,46937060
"31",NA,0,0,0,0,0,0,0,46937060
"32",NA,0,0,0,0,0,0,0,46937060
"33",NA,1,0,1,0,2.13051264821444e-08,2.13051264821444e-08,2.13051264821444e-08,46937060
"34",NA,0,0,1,0,2.13051264821444e-08,0,2.13051264821444e-08,46937060
"35",NA,0,0,1,0,2.13051264821444e-08,0,2.13051264821444e-08,46937060
"36",NA,0,0,1,0,2.13051264821444e-08,0,2.13051264821444e-08,46937060
"37",NA,0,0,1,0,2.13051264821444e-08,0,2.13051264821444e-08,46937060
"38",NA,0,0,1,0,2.13051264821444e-08,0,2.13051264821444e-08,46937060
"39",NA,0,0,1,0,2.13051264821444e-08,0,2.13051264821444e-08,46937060
"40",NA,0,0,1,0,2.13051264821444e-08,0,2.13051264821444e-08,46937060
"41",NA,0,0,1,0,2.13051264821444e-08,0,2.13051264821444e-08,46937060
"42",NA,1,0,2,0,4.26102529642888e-08,2.13051264821444e-08,4.26102529642888e-08,46937060
"43",NA,0,0,2,0,4.26102529642888e-08,0,4.26102529642888e-08,46937060
"44",NA,0,0,2,0,4.26102529642888e-08,0,4.26102529642888e-08,46937060
"45",NA,0,0,2,0,4.26102529642888e-08,0,2.13051264821444e-08,46937060
"46",NA,0,0,2,0,4.26102529642888e-08,0,2.13051264821444e-08,46937060
"47",NA,0,0,2,0,4.26102529642888e-08,0,2.13051264821444e-08,46937060
"48",NA,0,0,2,0,4.26102529642888e-08,0,2.13051264821444e-08,46937060
"49",NA,0,0,2,0,4.26102529642888e-08,0,2.13051264821444e-08,46937060
"50",NA,0,0,2,0,4.26102529642888e-08,0,2.13051264821444e-08,46937060
"51",NA,0,0,2,0,4.26102529642888e-08,0,2.13051264821444e-08,46937060
"52",NA,0,0,2,0,4.26102529642888e-08,0,2.13051264821444e-08,46937060
"53",NA,0,0,2,0,4.26102529642888e-08,0,2.13051264821444e-08,46937060
"54",NA,0,0,2,0,4.26102529642888e-08,0,0,46937060
"55",NA,0,0,2,0,4.26102529642888e-08,0,0,46937060
"56",NA,0,0,2,0,4.26102529642888e-08,0,0,46937060
"57",NA,1,0,3,0,6.39153794464332e-08,2.13051264821444e-08,2.13051264821444e-08,46937060
"58",NA,6,0,9,0,1.91746138339299e-07,1.27830758892866e-07,1.49135885375011e-07,46937060
"59",NA,8,0,17,0,3.62187150196455e-07,1.70441011857155e-07,3.19576897232166e-07,46937060
"60",NA,18,0,35,0,7.45679426875054e-07,3.83492276678599e-07,7.03069173910765e-07,46937060
"61",NA,19,0,54,0,1.1504768300358e-06,4.04797403160743e-07,1.10786657707151e-06,46937060
"62",NA,28,0,82,0,1.74702037153584e-06,5.96543541500043e-07,1.70441011857155e-06,46937060
"63",NA,54,0,136,0,2.89749720157164e-06,1.1504768300358e-06,2.85488694860735e-06,46937060
"64",NA,56,0,192,0,4.09058428457172e-06,1.19308708300009e-06,4.04797403160743e-06,46937060
"65",NA,75,0,267,0,5.68846877073255e-06,1.59788448616083e-06,5.64585851776826e-06,46937060
"66",NA,81,1,348,1,7.41418401578625e-06,1.7257152450537e-06,7.37157376282196e-06,46937060
"67",NA,183,2,531,3,1.13130221620187e-05,3.89883814623242e-06,1.12704119090544e-05,46937060
"68",NA,233,2,764,5,1.62771166323583e-05,4.96409447033964e-06,1.6234506379394e-05,46937060
"69",NA,330,0,1094,5,2.3307808371466e-05,7.03069173910765e-06,2.32438929920195e-05,46937060
"70",NA,433,0,1527,5,3.25329281382345e-05,9.22511976676852e-06,3.23411819998952e-05,46937060
"71",NA,772,23,2299,28,4.89804857824499e-05,1.64475576442155e-05,4.86182986322535e-05,46937060
"72",NA,975,7,3274,35,6.97529841025407e-05,2.07724983200908e-05,6.90073046756657e-05,46937060
"73",NA,1153,12,4427,47,9.43177949364532e-05,2.45648108339125e-05,9.31673181064174e-05,46937060
"74",NA,1531,37,5958,84,0.000126935943580616,3.26181486441631e-05,0.00012518892320908,46937060
"75",NA,1683,37,7641,121,0.000162792471450065,3.5856527869449e-05,0.000159894974248494,46937060
"76",NA,2144,15,9785,136,0.000208470662627783,4.56781911777176e-05,0.000204380078343211,46937060
"77",NA,1706,152,11491,288,0.000244817208406321,3.63465457785383e-05,0.000239128739635589,46937060
"78",NA,2503,21,13994,309,0.000298143939991129,5.33267315848074e-05,0.000290729755975342,46937060
"79",NA,3694,182,17688,491,0.00037684507721617,7.87011372250414e-05,0.000365532055054151,46937060
"80",NA,4047,107,21735,598,0.000463066924089408,8.62218468732383e-05,0.00044678980745705,46937060
"81",NA,4569,169,26304,767,0.000560410046986326,9.73431228969177e-05,0.00053710223861486,46937060
"82",NA,5446,235,31750,1002,0.000676437765808084,0.000116027718821758,0.00064390483766985,46937060
"83",NA,4866,324,36616,1326,0.000780108511270199,0.000103670745462115,0.000731128025487749,46937060
"84",NA,4646,394,41262,1720,0.000879092128906242,9.89836176360428e-05,0.000809339144803701,46937060
"85",NA,7691,462,48953,2182,0.00104294985668041,0.000163857727774172,0.000948632061743961,46937060
"86",NA,8553,514,57506,2696,0.0012251726034822,0.000182222746801781,0.00109823665990158,46937060
"87",NA,8954,738,66460,3434,0.00141593870600332,0.000190766102521121,0.00125314623455325,46937060
"88",NA,9181,655,75641,4089,0.00161154107223588,0.000195602366232568,0.0014030704096081,46937060
"89",NA,8244,769,83885,4858,0.00178718053495468,0.000175639462718798,0.00154236332654836,46937060
"90",NA,6424,832,90309,5690,0.00192404466747598,0.000136864132521296,0.00162590072748485,46937060
"91",NA,5813,838,96122,6528,0.00204789136771668,0.000123846700240705,0.00167104629050051,46937060
"92",NA,8145,812,104267,7340,0.00222142162291375,0.000173530255197066,0.00175835469882434,46937060
"93",NA,7413,849,111680,8189,0.00237935652552588,0.000157934902612136,0.00181894647853956,46937060
"94",NA,7583,864,119263,9053,0.00254091329963999,0.000161556774114101,0.0018644755338319,46937060
"95",NA,7272,950,126535,10003,0.00269584417941814,0.000154930879778154,0.00191573566814794,46937060
"96",NA,6663,932,133198,10935,0.00283780023716867,0.000141956057750528,0.00195870810826243,46937060
"97",NA,5533,809,138731,11744,0.00295568150199437,0.000117881264825705,0.00191273164531396,46937060
"98",NA,3667,674,142398,12418,0.0030338074008044,7.81258988100235e-05,0.0018086347973222,46937060
"99",NA,5209,637,147607,13055,0.00314478580464989,0.00011097840384549,0.00172884709864657,46937060
"100",NA,5583,743,153190,13798,0.0032637323257997,0.000118946521149812,0.00165219125356382,46937060
"101",NA,5745,757,158935,14555,0.00338613027743962,0.00012239795163992,0.00159894974248494,46937060
"102",NA,4537,683,163472,15238,0.00348279163628911,9.66613588494891e-05,0.00155874696881313,46937060
"103",NA,4550,605,168022,15843,0.00357972996178286,9.6938325493757e-05,0.00153183859406618,46937060
"104",NA,3899,510,171921,16353,0.00366279864993675,8.3068688153881e-05,0.001441377027023,46937060
"105",NA,3030,619,174951,16972,0.00372735318317764,6.45545332408975e-05,0.00134799665765176,46937060
"106",NA,3116,517,178067,17489,0.003793739957296,6.63867741183619e-05,0.00125282665765602,46937060
"107",NA,4424,787,182491,18276,0.00388799383685301,9.42538795570068e-05,0.00119214965743487,46937060
"108",NA,3820,617,186311,18893,0.0039693794200148,8.13855831617916e-05,0.00113157918284613,46937060
"109",NA,3818,585,190129,19478,0.00405072239292363,8.13429729088273e-05,0.00109504089092926,46937060
"110",NA,3836,565,193965,20043,0.00413244885810914,8.17264651855059e-05,0.00109864145730474,46937060
"111",NA,-713,410,193252,20453,0.00411725830292737,-1.51905551817689e-05,0.000972472498277481,46937060
"112",NA,2218,399,195470,20852,0.00416451307346476,4.72547705373963e-05,0.000900780747665065,46937060
"113",NA,2951,430,198421,21282,0.00422738450171357,6.28714282488081e-05,0.000841254224273953,46937060
"114",NA,2312,435,200733,21717,0.00427664195414029,4.92574524267178e-05,0.000793850317851182,46937060
"115",NA,2916,440,203649,22157,0.00433876770296222,6.2125748821933e-05,0.000759037741179358,46937060
"116",NA,2114,367,205763,22524,0.00438380674034548,4.50390373832532e-05,0.00072100809040873,46937060
"117",NA,2506,378,208269,22902,0.00443719738730973,5.33906469642538e-05,0.000709844204132087,46937060
"118",NA,1641,288,209910,23190,0.00447215909986693,3.49617125571989e-05,0.000678419142570924,46937060
"119",NA,1660,0,211570,23190,0.00450752560982729,3.53665099603597e-05,0.000619531772974277,46937060
"120",NA,1525,632,213095,23822,0.00454001592771256,3.24903178852702e-05,0.000570636507697755,46937060
"121",NA,847,453,213942,24275,0.00455806136984293,1.80454421303763e-05,0.000507338976919304,46937060
"122",NA,1241,268,215183,24543,0.00458450103180728,2.64396619643412e-05,0.00045205217369814,46937060
"123",NA,1387,281,216570,24824,0.00461405124223801,2.95502104307343e-05,0.000496792939310643,46937060
"124",NA,1234,276,217804,25100,0.00464034176831698,2.62905260789662e-05,0.000475828694852213,46937060
"125",NA,935,164,218739,25264,0.00466026206157778,1.9920293260805e-05,0.00043287755986421,46937060
"126",NA,466,164,219205,25428,0.00467019025051846,9.92818894067928e-06,0.000393548296378171,46937060
"127",NA,1039,185,220244,25613,0.00469232627693341,2.2136026414948e-05,0.000353558573971186,46937060
"128",NA,880,244,221124,25857,0.0047110747882377,1.87485113042871e-05,0.00032726804789222,46937060
"129",NA,921,213,222045,26070,0.00473069680972775,1.9622021490055e-05,0.000293499422418021,46937060
"130",NA,1173,181,223218,26251,0.00475568772309131,2.49909133635554e-05,0.000283528623224378,46937060
"131",NA,743,227,223961,26478,0.00477151743206754,1.58297089762333e-05,0.000263991822240251,46937060
"132",NA,3416,143,227377,26621,0.00484429574413054,7.27783120630052e-05,0.000304279816417986,46937060
"133",NA,393,123,227770,26744,0.00485266865883803,8.37291470748274e-06,0.000294607288995093,46937060
"134",NA,482,176,228252,26920,0.00486293772980242,1.02690709643936e-05,0.000278436697995145,46937060
"135",NA,439,184,228691,27104,0.00487229068032808,9.35295052566139e-06,0.000258239438090072,46937060
"136",NA,849,217,229540,27321,0.00489037873271142,1.80880523833406e-05,0.000250036964394447,46937060
"137",NA,643,138,230183,27459,0.00490407792903944,1.36991963280188e-05,0.00024381586746166,46937060
"138",NA,515,104,230698,27563,0.00491505006917775,1.09721401383044e-05,0.000244859818659285,46937060
"139",NA,652,87,231350,27650,0.0049289410116441,1.38909424663581e-05,0.000236614734710696,46937060
"140",NA,256,59,231606,27709,0.00493439512402353,5.45411237942896e-06,0.000223320335785837,46937060
"141",NA,431,69,232037,27778,0.00494357763353734,9.18250951380423e-06,0.000212880823809587,46937060
"142",NA,518,110,232555,27888,0.00495461368905509,1.10360555177508e-05,0.000198925965963782,46937060
"143",NA,482,52,233037,27940,0.00496488276001948,1.02690709643936e-05,0.000193365327951942,46937060
"144",NA,1787,688,234824,28628,0.00500295502104307,3.8072261023592e-05,0.000158659276912529,46937060
"145",NA,466,50,235290,28678,0.00501288320998375,9.92818894067928e-06,0.000160214551145726,46937060
"146",NA,482,74,235772,28752,0.00502315228094815,1.02690709643936e-05,0.000160214551145726,46937060
"147",NA,-372,-1918,235400,26834,0.00501522677389679,-7.92550705135771e-06,0.000142936093568707,46937060
"148",NA,859,283,236259,27117,0.00503352787754495,1.8301103648162e-05,0.000143149144833528,46937060
"149",NA,510,1,236769,27118,0.00504439349205084,1.08656145058936e-05,0.000140315563011403,46937060
"150",NA,1137,1,237906,27119,0.00506861742086104,2.42239288101982e-05,0.000153567351683297,46937060
"151",NA,658,2,238564,27121,0.00508263619408629,1.4018773225251e-05,0.00015369518244219,46937060
"152",NA,664,4,239228,27125,0.00509678279807044,1.41466039841439e-05,0.000162387674046905,46937060
"153",NA,201,2,239429,27127,0.00510106512849335,4.28233042291102e-06,0.000157487494956011,46937060
"154",NA,209,0,239638,27127,0.00510551789992812,4.45277143476818e-06,0.000150904210873029,46937060
"155",NA,294,0,239932,27127,0.00511178160711387,6.26370718575045e-06,0.000146898847094386,46937060
"156",NA,394,1,240326,27128,0.00512017582694783,8.39421983396489e-06,0.000117220805904758,46937060
"157",NA,334,5,240660,27133,0.00512729173919287,7.11591224503623e-06,0.000114408529209115,46937060
"158",NA,318,1,240978,27134,0.00513406676941419,6.77503022132191e-06,0.000110914488466044,46937060
"159",NA,332,1,241310,27135,0.00514114007140626,7.07330199207194e-06,0.000125913297509473,46937060
"160",NA,240,1,241550,27136,0.00514625330176198,5.11323035571465e-06,0.000112725424217026,46937060
"161",NA,167,0,241717,27136,0.00514981125788449,3.55795612251811e-06,0.00010541776583365,46937060
"162",NA,249,0,241966,27136,0.00515511623437855,5.30497649405395e-06,8.64988135175062e-05,46937060
"163",NA,314,0,242280,27136,0.00516180604409394,6.68980971539334e-06,7.91698500076485e-05,46937060
"164",NA,427,0,242707,27136,0.00517090333310182,9.09728900787565e-06,7.41205350313803e-05,46937060
"165",NA,502,0,243209,27136,0.00518159850659585,1.06951734940365e-05,8.05333781025058e-05,46937060
"166",NA,396,0,243605,27136,0.00519003533668278,8.43683008692918e-06,8.45174367546668e-05,46937060
"167",NA,323,0,243928,27136,0.00519691689253652,6.88155585373264e-06,8.5135285422649e-05,46937060
"168",NA,181,0,244109,27136,0.00520077312042978,3.85622789326813e-06,8.05972934819522e-05,46937060
"169",NA,219,0,244328,27136,0.00520543894312937,4.66582269958962e-06,7.81472039365056e-05,46937060
"170",NA,355,0,244683,27136,0.00521300226303054,7.56331990116126e-06,7.8935493616345e-05,46937060
"171",NA,585,0,245268,27136,0.00522546576202259,1.24634989920545e-05,8.43256906163275e-05,46937060
"172",NA,307,1179,245575,28315,0.00523200643585261,6.54067383001833e-06,8.57531340906312e-05,46937060
"173",NA,363,7,245938,28322,0.00523974019676563,7.73376091301841e-06,8.99289388811315e-05,46937060
"174",NA,334,1,246272,28323,0.00524685610901066,7.11591224503623e-06,9.17398746321137e-05,46937060
"175",NA,232,1,246504,28324,0.00525179889835452,4.9427893438575e-06,8.99928542605779e-05,46937060
"176",NA,248,1,246752,28325,0.00525708256972209,5.28367136757181e-06,8.6179236620274e-05,46937060
"177",NA,334,2,247086,28327,0.00526419848196713,7.11591224503623e-06,8.25999753712738e-05,46937060
"178",NA,400,3,247486,28330,0.00527272053255999,8.52205059285775e-06,8.26851958772024e-05,46937060
"179",NA,419,8,247905,28338,0.005281647380556,8.9268479960185e-06,8.47304880194882e-05,46937060
"180",NA,564,3,248469,28341,0.00529366347189193,1.20160913359294e-05,9.28903514621495e-05,46937060
"181",NA,301,2,248770,28343,0.00530007631496306,6.41284307112546e-06,9.46373718336854e-05,46937060
"182",NA,200,3,248970,28346,0.00530433734025949,4.26102529642888e-06,9.1335077228953e-05,46937060
"183",NA,301,9,249271,28355,0.00531075018333061,6.41284307112546e-06,8.5284421308024e-05,46937060
"184",NA,388,8,249659,28363,0.00531901657240569,8.26638907507202e-06,8.70101365530777e-05,46937060
"185",NA,444,5,250103,28368,0.00532847604856376,9.45947615807211e-06,8.87358517981314e-05,46937060
"186",NA,442,17,250545,28385,0.00533789291446887,9.41686590510782e-06,9.1036805458203e-05,46937060
"187",NA,0,0,250545,28385,0.00533789291446887,0,8.60940161143455e-05,46937060
"188",NA,0,0,250545,28385,0.00533789291446887,0,8.08103447467737e-05,46937060
"189",NA,1244,3,251789,28388,0.00536439649181265,2.65035773437876e-05,0.000100198009845525,46937060
"190",NA,341,4,252130,28392,0.00537166153994306,7.26504813041124e-06,9.89410073830785e-05,46937060
"191",NA,383,4,252513,28396,0.00537982140338573,8.1598634426613e-06,9.81740228297213e-05,46937060
"192",NA,543,5,253056,28401,0.00539139008706553,1.15686836798044e-05,9.77266151735963e-05,46937060
"193",NA,852,2,253908,28403,0.00540954205482832,1.8151967762787e-05,0.000109465739865258,46937060
"194",NA,0,0,253908,28403,0.00540954205482832,0,0.000105204714568829,46937060
"195",NA,0,0,253908,28403,0.00540954205482832,0,9.87918714977035e-05,46937060
"196",NA,2045,3,255953,28406,0.0054531110384843,4.35689836559853e-05,0.000134094466078617,46937060
