"","date","cases","deaths","cum_cases","cum_deaths","p_cases","p_cases_daily","p_cases_active","population"
"1","2019/12/31",0,0,0,0,0,0,0,5517919
"2","2020/01/01",0,0,0,0,0,0,0,5517919
"3","2020/01/02",0,0,0,0,0,0,0,5517919
"4","2020/01/03",0,0,0,0,0,0,0,5517919
"5","2020/01/04",0,0,0,0,0,0,0,5517919
"6","2020/01/05",0,0,0,0,0,0,0,5517919
"7","2020/01/06",0,0,0,0,0,0,0,5517919
"8","2020/01/07",0,0,0,0,0,0,0,5517919
"9","2020/01/08",0,0,0,0,0,0,0,5517919
"10","2020/01/09",0,0,0,0,0,0,0,5517919
"11","2020/01/10",0,0,0,0,0,0,0,5517919
"12","2020/01/11",0,0,0,0,0,0,0,5517919
"13","2020/01/12",0,0,0,0,0,0,0,5517919
"14","2020/01/13",0,0,0,0,0,0,0,5517919
"15","2020/01/14",0,0,0,0,0,0,0,5517919
"16","2020/01/15",0,0,0,0,0,0,0,5517919
"17","2020/01/16",0,0,0,0,0,0,0,5517919
"18","2020/01/17",0,0,0,0,0,0,0,5517919
"19","2020/01/18",0,0,0,0,0,0,0,5517919
"20","2020/01/19",0,0,0,0,0,0,0,5517919
"21","2020/01/20",0,0,0,0,0,0,0,5517919
"22","2020/01/21",0,0,0,0,0,0,0,5517919
"23","2020/01/22",0,0,0,0,0,0,0,5517919
"24","2020/01/23",0,0,0,0,0,0,0,5517919
"25","2020/01/24",0,0,0,0,0,0,0,5517919
"26","2020/01/25",0,0,0,0,0,0,0,5517919
"27","2020/01/26",0,0,0,0,0,0,0,5517919
"28","2020/01/27",0,0,0,0,0,0,0,5517919
"29","2020/01/28",0,0,0,0,0,0,0,5517919
"30","2020/01/29",0,0,0,0,0,0,0,5517919
"31","2020/01/30",1,0,1,0,1.81227741835282e-07,1.81227741835282e-07,1.81227741835282e-07,5517919
"32","2020/01/31",0,0,1,0,1.81227741835282e-07,0,1.81227741835282e-07,5517919
"33","2020/02/01",0,0,1,0,1.81227741835282e-07,0,1.81227741835282e-07,5517919
"34","2020/02/02",0,0,1,0,1.81227741835282e-07,0,1.81227741835282e-07,5517919
"35","2020/02/03",0,0,1,0,1.81227741835282e-07,0,1.81227741835282e-07,5517919
"36","2020/02/04",0,0,1,0,1.81227741835282e-07,0,1.81227741835282e-07,5517919
"37","2020/02/05",0,0,1,0,1.81227741835282e-07,0,1.81227741835282e-07,5517919
"38","2020/02/06",0,0,1,0,1.81227741835282e-07,0,1.81227741835282e-07,5517919
"39","2020/02/07",0,0,1,0,1.81227741835282e-07,0,1.81227741835282e-07,5517919
"40","2020/02/08",0,0,1,0,1.81227741835282e-07,0,1.81227741835282e-07,5517919
"41","2020/02/09",0,0,1,0,1.81227741835282e-07,0,1.81227741835282e-07,5517919
"42","2020/02/10",0,0,1,0,1.81227741835282e-07,0,1.81227741835282e-07,5517919
"43","2020/02/11",0,0,1,0,1.81227741835282e-07,0,0,5517919
"44","2020/02/12",0,0,1,0,1.81227741835282e-07,0,0,5517919
"45","2020/02/13",0,0,1,0,1.81227741835282e-07,0,0,5517919
"46","2020/02/14",0,0,1,0,1.81227741835282e-07,0,0,5517919
"47","2020/02/15",0,0,1,0,1.81227741835282e-07,0,0,5517919
"48","2020/02/16",0,0,1,0,1.81227741835282e-07,0,0,5517919
"49","2020/02/17",0,0,1,0,1.81227741835282e-07,0,0,5517919
"50","2020/02/18",0,0,1,0,1.81227741835282e-07,0,0,5517919
"51","2020/02/19",0,0,1,0,1.81227741835282e-07,0,0,5517919
"52","2020/02/20",0,0,1,0,1.81227741835282e-07,0,0,5517919
"53","2020/02/21",0,0,1,0,1.81227741835282e-07,0,0,5517919
"54","2020/02/22",0,0,1,0,1.81227741835282e-07,0,0,5517919
"55","2020/02/23",0,0,1,0,1.81227741835282e-07,0,0,5517919
"56","2020/02/24",0,0,1,0,1.81227741835282e-07,0,0,5517919
"57","2020/02/25",0,0,1,0,1.81227741835282e-07,0,0,5517919
"58","2020/02/26",0,0,1,0,1.81227741835282e-07,0,0,5517919
"59","2020/02/27",1,0,2,0,3.62455483670565e-07,1.81227741835282e-07,1.81227741835282e-07,5517919
"60","2020/02/28",0,0,2,0,3.62455483670565e-07,0,1.81227741835282e-07,5517919
"61","2020/02/29",1,0,3,0,5.43683225505847e-07,1.81227741835282e-07,3.62455483670565e-07,5517919
"62","2020/03/01",0,0,3,0,5.43683225505847e-07,0,3.62455483670565e-07,5517919
"63","2020/03/02",3,0,6,0,1.08736645101169e-06,5.43683225505847e-07,9.06138709176412e-07,5517919
"64","2020/03/04",1,0,7,0,1.26859419284698e-06,1.81227741835282e-07,1.08736645101169e-06,5517919
"65","2020/03/06",5,0,12,0,2.17473290202339e-06,9.06138709176412e-07,1.99350516018811e-06,5517919
"66","2020/03/07",7,0,19,0,3.44332709487037e-06,1.26859419284698e-06,3.26209935303508e-06,5517919
"67","2020/03/09",11,0,30,0,5.43683225505847e-06,1.99350516018811e-06,5.25560451322319e-06,5517919
"68","2020/03/10",10,0,40,0,7.2491096734113e-06,1.81227741835282e-06,7.06788193157602e-06,5517919
"69","2020/03/12",19,0,59,0,1.06924367682817e-05,3.44332709487037e-06,1.05112090264464e-05,5517919
"70","2020/03/13",96,0,155,0,2.80902999844688e-05,1.73978632161871e-05,2.79090722426335e-05,5517919
"71","2020/03/14",28,0,183,0,3.31646767558567e-05,5.07437677138791e-06,3.28022212721861e-05,5517919
"72","2020/03/15",27,0,210,0,3.80578257854093e-05,4.89314902955263e-06,3.76953703017388e-05,5517919
"73","2020/03/16",57,0,267,0,4.83878070700204e-05,1.03299812846111e-05,4.78441238445146e-05,5517919
"74","2020/03/17",5,0,272,0,4.92939457791968e-05,9.06138709176412e-07,4.8750262553691e-05,5517919
"75","2020/03/18",47,0,319,0,5.78116496454551e-05,8.51770386625828e-06,5.67242831944434e-05,5517919
"76","2020/03/19",50,0,369,0,6.68730367372192e-05,9.06138709176412e-06,6.56044425443723e-05,5517919
"77","2020/03/20",31,0,400,0,7.2491096734113e-05,5.61805999689376e-06,7.03163638320896e-05,5517919
"78","2020/03/21",50,0,450,0,8.15524838258771e-05,9.06138709176412e-06,7.81091567310067e-05,5517919
"79","2020/03/22",71,1,521,1,9.44196534961822e-05,1.28671696703051e-05,8.89828212411237e-05,5517919
"80","2020/03/23",105,0,626,1,0.000113448566388887,1.90289128927047e-05,0.000106199456715476,5517919
"81","2020/03/24",74,0,700,1,0.000126859419284698,1.34108528958109e-05,0.000116166982516416,5517919
"82","2020/03/25",92,0,792,1,0.000143532371533544,1.6672952248846e-05,0.000115442071549075,5517919
"83","2020/03/26",88,2,880,3,0.000159480412815049,1.59480412815049e-05,0.000126315736059192,5517919
"84","2020/03/27",78,1,958,4,0.000173616176678201,1.4135763863152e-05,0.000135558350892791,5517919
"85","2020/03/28",67,3,1025,7,0.000185758435381165,1.21422587029639e-05,0.000137370628311144,5517919
"86","2020/03/29",193,2,1218,9,0.000220735389555374,3.49769541742095e-05,0.000171441443776177,5517919
"87","2020/03/30",0,2,1218,11,0.000220735389555374,0,0.000162923739909919,5517919
"88","2020/03/31",95,2,1313,13,0.000237952025029726,1.72166354743518e-05,0.000171078988292507,5517919
"89","2020/04/01",71,4,1384,17,0.000250819194700031,1.28671696703051e-05,0.000178328097965918,5517919
"90","2020/04/02",62,0,1446,17,0.000262055314693818,1.12361199937875e-05,0.000180502830867941,5517919
"91","2020/04/03",72,2,1518,19,0.000275103712105959,1.30483974121403e-05,0.000180684058609777,5517919
"92","2020/04/04",97,1,1615,20,0.000292682803063981,1.75790909580224e-05,0.000179234236675094,5517919
"93","2020/04/05",267,5,1882,25,0.000341070610134002,4.83878070700204e-05,0.000214211190849304,5517919
"94","2020/04/06",45,2,1927,27,0.000349225858516589,8.15524838258771e-06,0.000205693486983046,5517919
"95","2020/04/07",249,0,2176,27,0.000394351566233575,4.51257077169853e-05,0.000234871153418526,5517919
"96","2020/04/08",132,7,2308,34,0.000418273628155832,2.39220619222573e-05,0.000244657451477631,5517919
"97","2020/04/09",179,6,2487,40,0.000450713393944348,3.24397657885156e-05,0.000264954958563183,5517919
"98","2020/04/10",118,2,2605,42,0.000472098267480911,2.13848735365633e-05,0.000251362877925537,5517919
"99","2020/04/11",164,6,2769,48,0.000501819617141897,2.97213496609863e-05,0.000281084227586523,5517919
"100","2020/04/12",136,1,2905,49,0.000526466590031496,2.46469728895984e-05,0.00028851456500177,5517919
"101","2020/04/13",69,7,2974,56,0.00053897130421813,1.25047141866345e-05,0.000288152109518099,5517919
"102","2020/04/14",90,3,3064,59,0.000555281800983306,1.63104967651754e-05,0.000293226486289487,5517919
"103","2020/04/15",97,5,3161,64,0.000572860891941328,1.75790909580224e-05,0.000297757179835369,5517919
"104","2020/04/16",76,8,3237,72,0.000586634200320809,1.37733083794815e-05,0.000293951397256828,5517919
"105","2020/04/17",132,3,3369,75,0.000610556262243067,2.39220619222573e-05,0.000269485652109065,5517919
"106","2020/04/18",120,7,3489,82,0.000632303591263301,2.17473290202339e-05,0.000283077732746711,5517919
"107","2020/04/19",192,8,3681,90,0.000667099317695675,3.47957264323742e-05,0.0002727477514621,5517919
"108","2020/04/20",102,4,3783,94,0.000685584547362874,1.84852296671988e-05,0.000267310919207042,5517919
"109","2020/04/21",85,4,3868,98,0.000700988905418873,1.5404358055999e-05,0.000250275511474525,5517919
"110","2020/04/22",146,43,4014,141,0.000727448155726824,2.64592503079512e-05,0.000255349888245913,5517919
"111","2020/04/23",115,8,4129,149,0.000748289346037881,2.08411903110575e-05,0.000246469728895984,5517919
"112","2020/04/24",155,23,4284,172,0.00077637964602235,2.80902999844688e-05,0.000249913055990855,5517919
"113","2020/04/25",111,5,4395,177,0.000796495925366066,2.01162793437164e-05,0.000257524621147936,5517919
"114","2020/04/26",80,9,4475,186,0.000810994144712889,1.44982193468226e-05,0.000255712343729584,5517919
"115","2020/04/27",101,4,4576,190,0.000829298146638253,1.83040019253635e-05,0.000256437254696925,5517919
"116","2020/04/28",119,3,4695,193,0.000850864247916651,2.15661012783986e-05,0.000264230047595842,5517919
"117","2020/04/29",45,6,4740,199,0.000859019496299239,8.15524838258771e-06,0.000248463234056172,5517919
"118","2020/04/30",166,7,4906,206,0.000889103301443896,3.00838051446569e-05,0.000256799710180595,5517919
"119","2020/05/01",89,5,4995,211,0.000905232570467236,1.61292690233401e-05,0.000238133252771561,5517919
"120","2020/05/02",56,7,5051,218,0.000915381324010012,1.01487535427758e-05,0.000229796776647138,5517919
"121","2020/05/03",128,2,5179,220,0.000938578474964928,2.31971509549162e-05,0.000237589569546055,5517919
"122","2020/05/04",75,10,5254,230,0.000952170555602574,1.35920806376462e-05,0.00022472239987575,5517919
"123","2020/05/05",73,10,5327,240,0.00096540018075655,1.32296251539756e-05,0.000217110834718668,5517919
"124","2020/05/06",85,6,5412,246,0.000980804538812549,1.5404358055999e-05,0.000204424892790199,5517919
"125","2020/05/07",161,6,5573,252,0.00100998220524803,2.91776664354805e-05,0.000213486279881963,5517919
"126","2020/05/08",100,3,5673,255,0.00102810497943156,1.81227741835282e-05,0.000217110834718668,5517919
"127","2020/05/09",65,5,5738,260,0.00103988478265085,1.17798032192934e-05,0.000210586636012598,5517919
"128","2020/05/10",142,5,5880,265,0.00106561912199146,2.57343393406101e-05,0.00021475487407481,5517919
"129","2020/05/11",82,2,5962,267,0.00108047979682195,1.48606748304932e-05,0.000221460300522715,5517919
"130","2020/05/12",22,4,5984,271,0.00108446680714233,3.98701032037621e-06,0.000195363505698435,5517919
"131","2020/05/13",19,4,6003,275,0.0010879101342372,3.44332709487037e-06,0.000182677563769965,5517919
"132","2020/05/14",51,9,6054,284,0.0010971527490708,9.24261483359941e-06,0.000181771425060788,5517919
"133","2020/05/15",91,3,6145,287,0.00111364447357781,1.64917245070107e-05,0.000175065998612883,5517919
"134","2020/05/16",83,6,6228,293,0.00112868637615014,1.50419025723284e-05,0.000176515820547565,5517919
"135","2020/05/17",58,4,6286,297,0.00113919758517659,1.05112090264464e-05,0.000173797404420036,5517919
"136","2020/05/18",61,1,6347,298,0.00115025247742854,1.10548922519522e-05,0.000169447938615989,5517919
"137","2020/05/19",33,2,6380,300,0.0011562329929091,5.98051548056432e-06,0.000146250787661073,5517919
"138","2020/05/20",19,1,6399,301,0.00115967632000397,3.44332709487037e-06,0.000131571340572415,5517919
"139","2020/05/21",44,3,6443,304,0.00116765034064472,7.97402064075243e-06,0.000127765557993874,5517919
"140","2020/05/22",50,2,6493,306,0.00117671172773649,9.06138709176412e-06,0.000111092605745028,5517919
"141","2020/05/23",44,0,6537,306,0.00118468574837724,7.97402064075243e-06,0.000104205951555287,5517919
"142","2020/05/24",31,0,6568,306,0.00119030380837414,5.61805999689376e-06,0.000105837001231805,5517919
"143","2020/05/25",11,1,6579,307,0.00119229731353432,1.99350516018811e-06,0.000104387179297123,5517919
"144","2020/05/26",20,1,6599,308,0.00119592186837103,3.62455483670565e-06,9.87691193002289e-05,5517919
"145","2020/05/27",29,4,6628,312,0.00120117747288425,5.25560451322319e-06,8.75329993064414e-05,5517919
"146","2020/05/28",64,1,6692,313,0.00121277604836171,1.15985754774581e-05,8.40896722115711e-05,5517919
"147","2020/05/29",51,0,6743,313,0.00122201866319531,9.24261483359941e-06,8.28210780187241e-05,5517919
"148","2020/05/30",33,1,6776,314,0.00122799917867587,5.98051548056432e-06,7.77467012473362e-05,5517919
"149","2020/05/31",50,2,6826,316,0.00123706056576764,9.06138709176412e-06,8.0827572858536e-05,5517919
"150","2020/06/01",33,4,6859,320,0.0012430410812482,5.98051548056432e-06,8.33647612442299e-05,5517919
"151","2020/06/02",26,0,6885,320,0.00124775300253592,4.71192128771734e-06,8.01026618911948e-05,5517919
"152","2020/06/03",2,0,6887,320,0.00124811545801959,3.62455483670565e-07,7.14037302831013e-05,5517919
"153","2020/06/04",24,1,6911,321,0.00125246492382364,4.34946580404678e-06,6.77791754463956e-05,5517919
"154","2020/06/05",0,1,6911,322,0.00125246492382364,0,6.21611154495019e-05,5517919
"155","2020/06/06",30,0,6941,322,0.0012579017560787,5.43683225505847e-06,6.56044425443723e-05,5517919
"156","2020/06/07",23,0,6964,322,0.00126206999414091,4.1682380622115e-06,6.61481257698781e-05,5517919
"157","2020/06/08",17,1,6981,323,0.00126515086575211,3.0808716111998e-06,6.39733928678547e-05,5517919
"158","2020/06/09",20,0,7001,323,0.00126877542058881,3.62455483670565e-06,5.59993722271023e-05,5517919
"159","2020/06/10",24,1,7025,324,0.00127312488639286,4.34946580404678e-06,5.11062231975497e-05,5517919
"160","2020/06/11",15,0,7040,324,0.00127584330252039,2.71841612752924e-06,4.78441238445146e-05,5517919
"161","2020/06/12",24,1,7064,325,0.00128019276832444,4.34946580404678e-06,4.31322025567972e-05,5517919
"162","2020/06/13",9,0,7073,325,0.00128182381800095,1.63104967651754e-06,3.87827367527505e-05,5517919
"163","2020/06/14",14,0,7087,325,0.00128436100638665,2.53718838569395e-06,3.66080038507271e-05,5517919
"164","2020/06/15",17,1,7104,326,0.00128744187799785,3.0808716111998e-06,3.93264199782563e-05,5517919
"165","2020/06/16",4,0,7108,326,0.00128816678896519,7.2491096734113e-07,3.57018651415506e-05,5517919
"166","2020/06/17",4,0,7112,326,0.00128889169993253,7.2491096734113e-07,3.64267761088918e-05,5517919
"167","2020/06/18",5,0,7117,326,0.00128979783864171,9.06138709176412e-07,3.18960825630097e-05,5517919
"168","2020/06/19",0,0,7117,326,0.00128979783864171,0,2.77278445007982e-05,5517919
"169","2020/06/20",16,0,7133,326,0.00129269748251107,2.89964386936452e-06,2.75466167589629e-05,5517919
"170","2020/06/21",9,0,7142,326,0.00129432853218759,1.63104967651754e-06,2.55531115987748e-05,5517919
"171","2020/06/22",1,0,7143,326,0.00129450975992942,1.81227741835282e-07,2.13848735365633e-05,5517919
"172","2020/06/23",1,1,7144,327,0.00129469098767126,1.81227741835282e-07,1.88476851508694e-05,5517919
"173","2020/06/24",11,0,7155,327,0.00129668449283145,1.99350516018811e-06,1.64917245070107e-05,5517919
"174","2020/06/25",12,0,7167,327,0.00129885922573347,2.17473290202339e-06,1.70354077325166e-05,5517919
"175","2020/06/26",5,0,7172,327,0.00129976536444265,9.06138709176412e-07,1.5404358055999e-05,5517919
"176","2020/06/27",19,1,7191,328,0.00130320869153752,3.44332709487037e-06,1.57668135396696e-05,5517919
"177","2020/06/28",0,0,7191,328,0.00130320869153752,0,1.50419025723284e-05,5517919
"178","2020/06/29",0,0,7191,328,0.00130320869153752,0,1.43169916049873e-05,5517919
"179","2020/06/30",18,0,7209,328,0.00130647079089055,3.26209935303508e-06,1.6672952248846e-05,5517919
"180","2020/07/01",5,0,7214,328,0.00130737692959973,9.06138709176412e-07,1.75790909580224e-05,5517919
"181","2020/07/02",22,0,7236,328,0.0013113639399201,3.98701032037621e-06,1.86664574090341e-05,5517919
"182","2020/07/03",5,0,7241,328,0.00131227007862928,9.06138709176412e-07,1.7941546441693e-05,5517919
"183","2020/07/04",1,1,7242,329,0.00131245130637112,1.81227741835282e-07,1.7941546441693e-05,5517919
"184","2020/07/05",6,0,7248,329,0.00131353867282213,1.08736645101169e-06,1.88476851508694e-05,5517919
"185","2020/07/06",5,0,7253,329,0.0013144448115313,9.06138709176412e-07,1.77603186998577e-05,5517919
"186","2020/07/07",4,0,7257,329,0.00131516972249864,7.2491096734113e-07,1.63104967651754e-05,5517919
"187","2020/07/08",5,0,7262,329,0.00131607586120782,9.06138709176412e-07,1.63104967651754e-05,5517919
"188","2020/07/09",3,0,7265,329,0.00131661954443333,5.43683225505847e-07,1.34108528958109e-05,5517919
"189","2020/07/10",8,0,7273,329,0.00131806936636801,1.44982193468226e-06,1.48606748304932e-05,5517919
"190","2020/07/11",6,0,7279,329,0.00131915673281902,1.08736645101169e-06,1.59480412815049e-05,5517919
"191","2020/07/12",0,0,7279,329,0.00131915673281902,0,1.26859419284698e-05,5517919
"192","2020/07/13",15,0,7294,329,0.00132187514894655,2.71841612752924e-06,1.44982193468226e-05,5517919
"193","2020/07/14",1,0,7295,329,0.00132205637668839,1.81227741835282e-07,1.06924367682817e-05,5517919
"194","2020/07/15",6,0,7301,329,0.0013231437431394,1.08736645101169e-06,1.08736645101169e-05,5517919
