"","date","cases","deaths","cum_cases","cum_deaths","cases_active","p_cases","p_cases_daily","p_cases_active","population"
"1","2020/03/13",1,0,1,0,1,4.60282668792559e-07,4.60282668792559e-07,4.60282668792559e-07,2172578
"2","2020/03/15",0,0,1,0,1,4.60282668792559e-07,0,4.60282668792559e-07,2172578
"3","2020/03/16",0,0,1,0,1,4.60282668792559e-07,0,4.60282668792559e-07,2172578
"4","2020/03/17",0,0,1,0,1,4.60282668792559e-07,0,4.60282668792559e-07,2172578
"5","2020/03/18",0,0,1,0,1,4.60282668792559e-07,0,4.60282668792559e-07,2172578
"6","2020/03/19",2,0,3,0,3,1.38084800637768e-06,9.20565337585118e-07,1.38084800637768e-06,2172578
"7","2020/03/20",0,0,3,0,3,1.38084800637768e-06,0,1.38084800637768e-06,2172578
"8","2020/03/21",0,1,3,1,3,1.38084800637768e-06,0,1.38084800637768e-06,2172578
"9","2020/03/22",0,0,3,1,3,1.38084800637768e-06,0,1.38084800637768e-06,2172578
"10","2020/03/23",3,0,6,1,6,2.76169601275535e-06,1.38084800637768e-06,2.76169601275535e-06,2172578
"11","2020/03/24",0,0,6,1,6,2.76169601275535e-06,0,2.76169601275535e-06,2172578
"12","2020/03/25",0,0,6,1,6,2.76169601275535e-06,0,2.76169601275535e-06,2172578
"13","2020/03/26",0,0,6,1,5,2.76169601275535e-06,0,2.30141334396279e-06,2172578
"14","2020/03/27",1,0,7,1,6,3.22197868154791e-06,4.60282668792559e-07,2.76169601275535e-06,2172578
"15","2020/03/28",0,0,7,1,6,3.22197868154791e-06,0,2.76169601275535e-06,2172578
"16","2020/03/29",0,0,7,1,6,3.22197868154791e-06,0,2.76169601275535e-06,2172578
"17","2020/03/30",0,0,7,1,6,3.22197868154791e-06,0,2.76169601275535e-06,2172578
"18","2020/03/31",0,0,7,1,4,3.22197868154791e-06,0,1.84113067517024e-06,2172578
"19","2020/04/01",9,0,16,1,13,7.36452270068094e-06,4.14254401913303e-06,5.98367469430327e-06,2172578
"20","2020/04/02",2,0,18,1,15,8.28508803826606e-06,9.20565337585118e-07,6.90424003188838e-06,2172578
"21","2020/04/03",0,0,18,1,15,8.28508803826606e-06,0,6.90424003188838e-06,2172578
"22","2020/04/04",3,0,21,1,15,9.66593604464374e-06,1.38084800637768e-06,6.90424003188838e-06,2172578
"23","2020/04/05",0,0,21,1,15,9.66593604464374e-06,0,6.90424003188838e-06,2172578
"24","2020/04/06",0,0,21,1,15,9.66593604464374e-06,0,6.90424003188838e-06,2172578
"25","2020/04/07",0,0,21,1,15,9.66593604464374e-06,0,6.90424003188838e-06,2172578
"26","2020/04/08",9,0,30,1,23,1.38084800637768e-05,4.14254401913303e-06,1.05865013822289e-05,2172578
"27","2020/04/09",3,0,33,1,26,1.51893280701544e-05,1.38084800637768e-06,1.19673493886065e-05,2172578
"28","2020/04/10",11,0,44,1,37,2.02524374268726e-05,5.06310935671815e-06,1.70304587453247e-05,2172578
"29","2020/04/11",2,0,46,1,39,2.11730027644577e-05,9.20565337585118e-07,1.79510240829098e-05,2172578
"30","2020/04/12",3,0,49,1,42,2.25538507708354e-05,1.38084800637768e-06,1.93318720892875e-05,2172578
"31","2020/04/13",8,0,57,1,41,2.62361121211759e-05,3.68226135034047e-06,1.88715894204949e-05,2172578
"32","2020/04/14",0,0,57,1,39,2.62361121211759e-05,0,1.79510240829098e-05,2172578
"33","2020/04/15",18,0,75,1,57,3.45212001594419e-05,8.28508803826606e-06,2.62361121211759e-05,2172578
"34","2020/04/16",12,0,87,1,66,4.00445921849526e-05,5.52339202551071e-06,3.03786561403089e-05,2172578
"35","2020/04/17",8,0,95,1,74,4.37268535352931e-05,3.68226135034047e-06,3.40609174906494e-05,2172578
"36","2020/04/18",13,0,108,1,87,4.97105282295964e-05,5.98367469430327e-06,4.00445921849526e-05,2172578
"37","2020/04/19",1,0,109,1,88,5.01708108983889e-05,4.60282668792559e-07,4.05048748537452e-05,2172578
"38","2020/04/20",0,0,109,1,79,5.01708108983889e-05,0,3.63623308346121e-05,2172578
"39","2020/04/21",11,0,120,1,87,5.52339202551071e-05,5.06310935671815e-06,4.00445921849526e-05,2172578
"40","2020/04/22",36,0,156,1,112,7.18040963316392e-05,1.65701760765321e-05,5.15516589047666e-05,2172578
"41","2020/04/23",10,0,166,1,120,7.64069230195648e-05,4.60282668792559e-06,5.52339202551071e-05,2172578
"42","2020/04/24",1,1,167,2,118,7.68672056883573e-05,4.60282668792559e-07,5.43133549175219e-05,2172578
"43","2020/04/25",5,1,172,3,115,7.91686190323201e-05,2.30141334396279e-06,5.29325069111443e-05,2172578
"44","2020/04/26",4,0,176,3,119,8.10097497074904e-05,1.84113067517024e-06,5.47736375863145e-05,2172578
"45","2020/04/27",0,0,176,3,101,8.10097497074904e-05,0,4.64885495480484e-05,2172578
"46","2020/04/28",35,0,211,3,124,9.71196431152299e-05,1.61098934077396e-05,5.70750509302773e-05,2172578
"47","2020/04/29",27,0,238,3,143,0.000109547275172629,1.24276320573991e-05,6.58204216373359e-05,2172578
"48","2020/04/30",38,0,276,3,168,0.000127038016586746,1.74907414141172e-05,7.73274883571499e-05,2172578
"49","2020/05/01",0,0,276,3,167,0.000127038016586746,0,7.68672056883573e-05,2172578
"50","2020/05/02",32,1,308,4,199,0.000141767061988108,1.47290454013619e-05,9.15962510897192e-05,2172578
"51","2020/05/03",27,1,335,5,215,0.000154194694045507,1.24276320573991e-05,9.89607737904002e-05,2172578
"52","2020/05/04",0,0,335,5,179,0.000154194694045507,0,8.2390597713868e-05,2172578
"53","2020/05/05",32,1,367,6,201,0.000168923739446869,1.47290454013619e-05,9.25168164273043e-05,2172578
"54","2020/05/06",30,0,397,6,230,0.000182732219510646,1.38084800637768e-05,0.000105865013822289,2172578
"55","2020/05/07",42,2,439,8,267,0.000202064091599933,1.93318720892875e-05,0.000122895472567613,2172578
"56","2020/05/08",65,0,504,8,328,0.00023198246507145,2.99183734715163e-05,0.000150972715363959,2172578
"57","2020/05/09",116,0,620,8,444,0.000285375254651386,5.33927895799368e-05,0.000204365504943896,2172578
"58","2020/05/10",41,0,661,8,450,0.000304246844071881,1.88715894204949e-05,0.000207127200956652,2172578
"59","2020/05/11",0,0,661,8,423,0.000304246844071881,0,0.000194699568899252,2172578
"60","2020/05/12",141,1,802,9,526,0.000369146700371632,6.48998562997508e-05,0.000242108683784886,2172578
"61","2020/05/13",61,0,863,9,587,0.000397223943167978,2.80772427963461e-05,0.000270185926581232,2172578
"62","2020/05/14",141,0,1004,9,696,0.000462123799467729,6.48998562997508e-05,0.000320356737479621,2172578
"63","2020/05/15",100,1,1104,10,769,0.000508152066346985,4.60282668792559e-05,0.000353957372301478,2172578
"64","2020/05/16",105,0,1209,10,874,0.000556481746570204,4.83296802232187e-05,0.000402287052524696,2172578
"65","2020/05/17",111,1,1320,11,953,0.000607573122806178,5.1091376235974e-05,0.000438649383359309,2172578
"66","2020/05/18",0,0,1320,11,923,0.000607573122806178,0,0.000424840903295532,2172578
"67","2020/05/19",112,0,1432,11,993,0.000659124781710944,5.15516589047666e-05,0.000457060690111011,2172578
"68","2020/05/20",70,1,1502,12,998,0.000691344568526423,3.22197868154791e-05,0.000459362103454974,2172578
"69","2020/05/21",65,0,1567,12,947,0.00072126294199794,2.99183734715163e-05,0.000435887687346553,2172578
"70","2020/05/22",0,0,1567,12,906,0.00072126294199794,0,0.000417016097926058,2172578
"71","2020/05/23",161,0,1728,12,1067,0.000795368451673542,7.4105509675602e-05,0.00049112160760166,2172578
"72","2020/05/24",206,0,1934,12,1132,0.000890186681444809,9.48182297712671e-05,0.000521039981073177,2172578
"73","2020/05/25",0,0,1934,12,1071,0.000890186681444809,0,0.000492962738276831,2172578
"74","2020/05/26",201,2,2135,14,1131,0.000982703497872113,9.25168164273043e-05,0.000520579698404384,2172578
"75","2020/05/27",103,0,2238,14,1134,0.00103011261275775,4.74091148856336e-05,0.000521960546410762,2172578
"76","2020/05/28",81,0,2319,14,1110,0.00106739550892994,3.72828961721973e-05,0.00051091376235974,2172578
"77","2020/05/29",112,0,2431,14,1111,0.00111894716783471,5.15516589047666e-05,0.000511374045028533,2172578
"78","2020/05/30",182,1,2613,15,1293,0.00120271861355496,8.37714457202457e-05,0.000595145490748779,2172578
"79","2020/05/31",42,2,2655,17,1223,0.00122205048564424,1.93318720892875e-05,0.000562925703933299,2172578
"80","2020/06/01",0,0,2655,17,1153,0.00122205048564424,0,0.00053070591711782,2172578
"81","2020/06/02",0,0,2655,17,1088,0.00122205048564424,0,0.000500787543646304,2172578
"82","2020/06/03",148,3,2803,20,1236,0.00129017232062554,6.81218349812987e-05,0.000568909378627603,2172578
"83","2020/06/04",99,0,2902,20,1174,0.00133574030483601,4.55679842104633e-05,0.000540371853162464,2172578
"84","2020/06/05",53,1,2955,21,1021,0.00136013528628201,2.43949814460056e-05,0.000469948604837203,2172578
"85","2020/06/06",146,0,3101,21,1167,0.00142733655592573,6.72012696437136e-05,0.000537149874480916,2172578
"86","2020/06/07",0,0,3101,21,966,0.00142733655592573,0,0.000444633058053612,2172578
"87","2020/06/08",0,0,3101,21,863,0.00142733655592573,0,0.000397223943167978,2172578
"88","2020/06/09",146,0,3247,21,928,0.00149453782556944,6.72012696437136e-05,0.000427142316639495,2172578
"89","2020/06/10",47,0,3294,21,863,0.00151617111100269,2.16332854332503e-05,0.000397223943167978,2172578
"90","2020/06/11",81,1,3375,22,762,0.00155345400717489,3.72828961721973e-05,0.00035073539361993,2172578
"91","2020/06/12",88,1,3463,23,808,0.00159395888202863,4.05048748537452e-05,0.000371908396384388,2172578
"92","2020/06/13",0,0,3463,23,808,0.00159395888202863,0,0.000371908396384388,2172578
"93","2020/06/14",0,0,3463,23,808,0.00159395888202863,0,0.000371908396384388,2172578
"94","2020/06/15",0,0,3463,23,660,0.00159395888202863,0,0.000303786561403089,2172578
"95","2020/06/16",570,4,4033,27,1131,0.00185632000324039,0.000262361121211759,0.000520579698404384,2172578
"96","2020/06/17",81,2,4114,29,1159,0.00189360289941259,3.72828961721973e-05,0.000533467613130576,2172578
"97","2020/06/18",115,1,4229,30,1128,0.00194653540632373,5.29325069111443e-05,0.000519198850398006,2172578
"98","2020/06/19",111,2,4340,32,1239,0.00199762678255971,5.1091376235974e-05,0.00057029022663398,2172578
"99","2020/06/20",88,2,4428,34,1327,0.00203813165741345,4.05048748537452e-05,0.000610795101487726,2172578
"100","2020/06/21",0,0,4428,34,1181,0.00203813165741345,0,0.000543593831844012,2172578
"101","2020/06/22",0,0,4428,34,1134,0.00203813165741345,0,0.000521960546410762,2172578
"102","2020/06/23",311,5,4739,39,1364,0.00218127956740794,0.000143147909994486,0.00062782556023305,2172578
"103","2020/06/24",134,0,4873,39,1410,0.00224295744502614,6.16778776182029e-05,0.000648998562997508,2172578
"104","2020/06/25",83,0,4956,39,1493,0.00228116090653592,3.82034615097824e-05,0.00068720202450729,2172578
"105","2020/06/26",131,1,5087,40,1624,0.00234145793614775,6.02970296118252e-05,0.000747499054119116,2172578
"106","2020/06/27",122,0,5209,40,1746,0.00239761242174044,5.61544855926922e-05,0.000803653539711808,2172578
"107","2020/06/28",0,0,5209,40,1176,0.00239761242174044,0,0.000541292418500049,2172578
"108","2020/06/29",0,0,5209,40,1095,0.00239761242174044,0,0.000504009522327852,2172578
"109","2020/06/30",185,2,5394,42,1165,0.00248276471546706,8.51522937266234e-05,0.000536229309143331,2172578
"110","2020/07/01",0,0,5394,42,1054,0.00248276471546706,0,0.000485137932907357,2172578
"111","2020/07/02",119,0,5513,42,1085,0.00253753835305338,5.47736375863145e-05,0.000499406695639926,2172578
"112","2020/07/03",0,0,5513,42,1085,0.00253753835305338,0,0.000499406695639926,2172578
"113","2020/07/04",107,2,5620,44,1192,0.00258678859861418,4.92502455608038e-05,0.00054865694120073,2172578
"114","2020/07/05",0,0,5620,44,881,0.00258678859861418,0,0.000405509031206244,2172578
"115","2020/07/06",0,0,5620,44,747,0.00258678859861418,0,0.000343831153588041,2172578
"116","2020/07/07",123,2,5743,46,787,0.00264340336687567,5.66147682614847e-05,0.000362242460339744,2172578
"117","2020/07/08",0,0,5743,46,656,0.00264340336687567,0,0.000301945430727919,2172578
"118","2020/07/09",128,0,5871,46,662,0.00270231954848111,5.89161816054475e-05,0.000304707126740674,2172578
"119","2020/07/10",0,0,5871,46,662,0.00270231954848111,0,0.000304707126740674,2172578
"120","2020/07/11",71,0,5942,46,733,0.00273499961796538,3.26800694842717e-05,0.000337387196224946,2172578
"121","2020/07/12",0,0,5942,46,548,0.00273499961796538,0,0.000252234902498322,2172578
"122","2020/07/13",0,0,5942,46,548,0.00273499961796538,0,0.000252234902498322,2172578
"123","2020/07/14",84,0,6026,46,513,0.00277366336214396,3.86637441785749e-05,0.000236125009090583,2172578
"124","2020/07/15",0,0,6026,46,513,0.00277366336214396,0,0.000236125009090583,2172578
"125","2020/07/16",95,0,6121,46,501,0.00281739021567925,4.37268535352931e-05,0.000230601617065072,2172578
"126","2020/07/17",0,0,6121,46,501,0.00281739021567925,0,0.000230601617065072,2172578
"127","2020/07/18",194,0,6315,46,695,0.00290668505342501,8.92948377457564e-05,0.000319896454810828,2172578
"128","2020/07/19",0,0,6315,46,572,0.00290668505342501,0,0.000263281686549344,2172578
"129","2020/07/20",0,0,6315,46,572,0.00290668505342501,0,0.000263281686549344,2172578
"130","2020/07/21",118,0,6433,46,562,0.00296099840834253,5.43133549175219e-05,0.000258678859861418,2172578
"131","2020/07/22",0,0,6433,46,562,0.00296099840834253,0,0.000258678859861418,2172578
"132","2020/07/23",155,1,6588,47,646,0.00303234222200538,7.13438136628466e-05,0.000297342604039993,2172578
"133","2020/07/24",0,0,6588,47,646,0.00303234222200538,0,0.000297342604039993,2172578
"134","2020/07/25",396,2,6984,49,1042,0.00321461415884723,0.000182271936841853,0.000479614540881846,2172578
"135","2020/07/26",0,0,6984,49,958,0.00321461415884723,0,0.000440950796703271,2172578
"136","2020/07/27",0,0,6984,49,958,0.00321461415884723,0,0.000440950796703271,2172578
"137","2020/07/28",205,0,7189,49,1068,0.00330897210594971,9.43579471024746e-05,0.000491581890270453,2172578
"138","2020/07/29",0,0,7189,49,1068,0.00330897210594971,0,0.000491581890270453,2172578
"139","2020/07/30",163,0,7352,49,1037,0.00338399818096289,7.50260750131871e-05,0.000477313127537884,2172578
"140","2020/07/31",0,0,7352,49,1037,0.00338399818096289,0,0.000477313127537884,2172578
"141","2020/08/01",0,0,7352,49,1037,0.00338399818096289,0,0.000477313127537884,2172578
"142","2020/08/02",179,1,7531,50,1098,0.00346638877867676,8.2390597713868e-05,0.00050539037033423,2172578
"143","2020/08/03",0,0,7531,50,1098,0.00346638877867676,0,0.00050539037033423,2172578
"144","2020/08/04",115,1,7646,51,1058,0.00351932128558791,5.29325069111443e-05,0.000486979063582527,2172578
"145","2020/08/05",0,0,7646,51,1058,0.00351932128558791,0,0.000486979063582527,2172578
"146","2020/08/06",141,0,7787,51,803,0.00358422114188766,6.48998562997508e-05,0.000369606983040425,2172578
"147","2020/08/07",0,0,7787,51,803,0.00358422114188766,0,0.000369606983040425,2172578
"148","2020/08/08",136,0,7923,51,939,0.00364681958484344,6.2598442955788e-05,0.000432205425996213,2172578
"149","2020/08/09",0,0,7923,51,734,0.00364681958484344,0,0.000337847478893738,2172578
"150","2020/08/10",0,0,7923,51,734,0.00364681958484344,0,0.000337847478893738,2172578
"151","2020/08/11",83,0,8006,51,654,0.00368502304635323,3.82034615097824e-05,0.000301024865390333,2172578
"152","2020/08/12",0,0,8006,51,654,0.00368502304635323,0,0.000301024865390333,2172578
"153","2020/08/13",71,0,8077,51,725,0.0037177031158375,3.26800694842717e-05,0.000333704934874605,2172578
"154","2020/08/14",0,0,8077,51,546,0.0037177031158375,0,0.000251314337160737,2172578
"155","2020/08/15",148,0,8225,51,694,0.0037858249508188,6.81218349812987e-05,0.000319436172142036,2172578
"156","2020/08/16",0,0,8225,51,579,0.0037858249508188,0,0.000266503665230892,2172578
"157","2020/08/17",0,0,8225,51,579,0.0037858249508188,0,0.000266503665230892,2172578
"158","2020/08/18",45,2,8270,53,483,0.00380653767091446,2.07127200956651e-05,0.000222316529026806,2172578
"159","2020/08/19",0,0,8270,53,483,0.00380653767091446,0,0.000222316529026806,2172578
"160","2020/08/20",49,0,8319,53,396,0.0038290915216853,2.25538507708354e-05,0.000182271936841853,2172578
"161","2020/08/21",0,0,8319,53,396,0.0038290915216853,0,0.000182271936841853,2172578
"162","2020/08/22",69,0,8388,53,465,0.00386085102583198,3.17595041466866e-05,0.00021403144098854,2172578
"163","2020/08/23",0,0,8388,53,382,0.00386085102583198,0,0.000175827979478757,2172578
