"","date","cases","deaths","cum_cases","cum_deaths","cases_active","p_cases","p_cases_daily","p_cases_active","population"
"1","2020/03/20",10,0,10,0,10,0.0002966830831306,0.0002966830831306,0.0002966830831306,33706
"2","2020/03/21",0,0,10,0,10,0.0002966830831306,0,0.0002966830831306,33706
"3","2020/03/22",0,0,10,0,10,0.0002966830831306,0,0.0002966830831306,33706
"4","2020/03/23",5,0,15,0,15,0.0004450246246959,0.0001483415415653,0.0004450246246959,33706
"5","2020/03/24",0,0,15,0,15,0.0004450246246959,0,0.0004450246246959,33706
"6","2020/03/25",0,0,15,0,15,0.0004450246246959,0,0.0004450246246959,33706
"7","2020/03/26",11,0,26,0,26,0.00077137601613956,0.00032635139144366,0.00077137601613956,33706
"8","2020/03/27",9,0,35,0,35,0.0010383907909571,0.00026701477481754,0.0010383907909571,33706
"9","2020/03/28",20,0,55,0,55,0.0016317569572183,0.0005933661662612,0.0016317569572183,33706
"10","2020/03/29",1,0,56,0,56,0.00166142526553136,2.966830831306e-05,0.00166142526553136,33706
"11","2020/03/30",9,0,65,0,65,0.0019284400403489,0.00026701477481754,0.0019284400403489,33706
"12","2020/03/31",4,0,69,0,69,0.00204711327360114,0.00011867323325224,0.00204711327360114,33706
"13","2020/04/01",0,0,69,0,59,0.00204711327360114,0,0.00175043019047054,33706
"14","2020/04/02",0,0,69,0,59,0.00204711327360114,0,0.00175043019047054,33706
"15","2020/04/03",19,0,88,0,78,0.00261081113154928,0.00056369785794814,0.00231412804841868,33706
"16","2020/04/04",7,0,95,0,80,0.0028184892897407,0.00020767815819142,0.0023734646650448,33706
"17","2020/04/05",3,0,98,0,83,0.00290749421467988,8.900492493918e-05,0.00246246958998398,33706
"18","2020/04/06",5,0,103,0,88,0.00305583575624518,0.0001483415415653,0.00261081113154928,33706
"19","2020/04/07",6,0,109,0,83,0.00323384560612354,0.00017800984987836,0.00246246958998398,33706
"20","2020/04/08",4,0,113,0,78,0.00335251883937578,0.00011867323325224,0.00231412804841868,33706
"21","2020/04/09",7,0,120,0,65,0.0035601969975672,0.00020767815819142,0.0019284400403489,33706
"22","2020/04/10",3,0,123,0,67,0.00364920192250638,8.900492493918e-05,0.00198777665697502,33706
"23","2020/04/11",4,0,127,0,62,0.00376787515575862,0.00011867323325224,0.00183943511540972,33706
"24","2020/04/12",2,0,129,0,60,0.00382721177238474,5.933661662612e-05,0.0017800984987836,33706
"25","2020/04/13",0,0,129,0,60,0.00382721177238474,0,0.0017800984987836,33706
"26","2020/04/14",0,0,129,0,60,0.00382721177238474,0,0.0017800984987836,33706
"27","2020/04/15",0,0,129,0,41,0.00382721177238474,0,0.00121640064083546,33706
"28","2020/04/16",2,0,131,0,36,0.00388654838901086,5.933661662612e-05,0.00106805909927016,33706
"29","2020/04/17",2,0,133,0,35,0.00394588500563698,5.933661662612e-05,0.0010383907909571,33706
"30","2020/04/18",0,0,133,0,30,0.00394588500563698,0,0.0008900492493918,33706
"31","2020/04/19",0,0,133,0,24,0.00394588500563698,0,0.00071203939951344,33706
"32","2020/04/20",0,0,133,0,20,0.00394588500563698,0,0.0005933661662612,33706
"33","2020/04/21",0,0,133,0,13,0.00394588500563698,0,0.00038568800806978,33706
"34","2020/04/22",0,0,133,0,10,0.00394588500563698,0,0.0002966830831306,33706
"35","2020/04/23",0,0,133,0,6,0.00394588500563698,0,0.00017800984987836,33706
"36","2020/04/24",0,0,133,0,4,0.00394588500563698,0,0.00011867323325224,33706
"37","2020/04/25",0,0,133,0,4,0.00394588500563698,0,0.00011867323325224,33706
"38","2020/04/26",3,0,136,0,7,0.00403488993057616,8.900492493918e-05,0.00020767815819142,33706
"39","2020/04/27",5,0,141,0,12,0.00418323147214146,0.0001483415415653,0.00035601969975672,33706
"40","2020/04/28",0,0,141,0,10,0.00418323147214146,0,0.0002966830831306,33706
"41","2020/04/29",0,0,141,0,8,0.00418323147214146,0,0.00023734646650448,33706
"42","2020/04/30",0,0,141,0,8,0.00418323147214146,0,0.00023734646650448,33706
"43","2020/05/01",3,0,144,0,11,0.00427223639708064,8.900492493918e-05,0.00032635139144366,33706
"44","2020/05/02",0,0,144,0,11,0.00427223639708064,0,0.00032635139144366,33706
"45","2020/05/03",0,0,144,0,11,0.00427223639708064,0,0.00032635139144366,33706
"46","2020/05/04",0,0,144,0,11,0.00427223639708064,0,0.00032635139144366,33706
"47","2020/05/05",0,0,144,0,11,0.00427223639708064,0,0.00032635139144366,33706
"48","2020/05/06",0,0,144,0,11,0.00427223639708064,0,0.00032635139144366,33706
"49","2020/05/07",0,0,144,0,11,0.00427223639708064,0,0.00032635139144366,33706
"50","2020/05/08",0,0,144,0,8,0.00427223639708064,0,0.00023734646650448,33706
"51","2020/05/09",2,0,146,0,5,0.00433157301370676,5.933661662612e-05,0.0001483415415653,33706
"52","2020/05/10",0,0,146,0,5,0.00433157301370676,0,0.0001483415415653,33706
"53","2020/05/11",0,0,146,0,5,0.00433157301370676,0,0.0001483415415653,33706
"54","2020/05/12",1,0,147,0,6,0.00436124132201982,2.966830831306e-05,0.00017800984987836,33706
"55","2020/05/13",0,0,147,0,3,0.00436124132201982,0,8.900492493918e-05,33706
"56","2020/05/14",0,0,147,0,3,0.00436124132201982,0,8.900492493918e-05,33706
"57","2020/05/15",0,0,147,0,3,0.00436124132201982,0,8.900492493918e-05,33706
"58","2020/05/16",0,0,147,0,3,0.00436124132201982,0,8.900492493918e-05,33706
"59","2020/05/17",0,0,147,0,3,0.00436124132201982,0,8.900492493918e-05,33706
"60","2020/05/18",0,0,147,0,3,0.00436124132201982,0,8.900492493918e-05,33706
"61","2020/05/19",0,0,147,0,3,0.00436124132201982,0,8.900492493918e-05,33706
"62","2020/05/20",0,0,147,0,3,0.00436124132201982,0,8.900492493918e-05,33706
"63","2020/05/21",2,0,149,0,3,0.00442057793864594,5.933661662612e-05,8.900492493918e-05,33706
"64","2020/05/22",2,0,151,0,5,0.00447991455527206,5.933661662612e-05,0.0001483415415653,33706
"65","2020/05/23",0,0,151,0,5,0.00447991455527206,0,0.0001483415415653,33706
"66","2020/05/24",0,0,151,0,4,0.00447991455527206,0,0.00011867323325224,33706
"67","2020/05/25",0,0,151,0,4,0.00447991455527206,0,0.00011867323325224,33706
"68","2020/05/26",4,0,155,0,8,0.0045985877885243,0.00011867323325224,0.00023734646650448,33706
"69","2020/05/27",0,0,155,0,8,0.0045985877885243,0,0.00023734646650448,33706
"70","2020/05/28",2,0,157,0,10,0.00465792440515042,5.933661662612e-05,0.0002966830831306,33706
"71","2020/05/29",0,0,157,0,10,0.00465792440515042,0,0.0002966830831306,33706
"72","2020/05/30",4,0,161,0,14,0.00477659763840266,0.00011867323325224,0.00041535631638284,33706
"73","2020/05/31",0,0,161,0,14,0.00477659763840266,0,0.00041535631638284,33706
"74","2020/06/01",8,0,169,0,22,0.00501394410490714,0.00023734646650448,0.00065270278288732,33706
"75","2020/06/02",1,0,170,0,21,0.0050436124132202,2.966830831306e-05,0.00062303447457426,33706
"76","2020/06/03",2,0,172,0,21,0.00510294902984632,5.933661662612e-05,0.00062303447457426,33706
"77","2020/06/04",1,0,173,0,22,0.00513261733815938,2.966830831306e-05,0.00065270278288732,33706
"78","2020/06/05",0,0,173,0,22,0.00513261733815938,0,0.00065270278288732,33706
"79","2020/06/06",1,0,174,0,23,0.00516228564647244,2.966830831306e-05,0.00068237109120038,33706
"80","2020/06/07",0,0,174,0,19,0.00516228564647244,0,0.00056369785794814,33706
"81","2020/06/08",1,0,175,0,20,0.0051919539547855,2.966830831306e-05,0.0005933661662612,33706
"82","2020/06/09",1,0,176,0,19,0.00522162226309856,2.966830831306e-05,0.00056369785794814,33706
"83","2020/06/10",0,0,176,0,19,0.00522162226309856,0,0.00056369785794814,33706
"84","2020/06/11",0,0,176,0,15,0.00522162226309856,0,0.0004450246246959,33706
"85","2020/06/12",0,0,176,0,15,0.00522162226309856,0,0.0004450246246959,33706
"86","2020/06/13",0,0,176,0,7,0.00522162226309856,0,0.00020767815819142,33706
"87","2020/06/14",0,0,176,0,6,0.00522162226309856,0,0.00017800984987836,33706
"88","2020/06/15",0,0,176,0,4,0.00522162226309856,0,0.00011867323325224,33706
"89","2020/06/16",0,0,176,0,3,0.00522162226309856,0,8.900492493918e-05,33706
"90","2020/06/17",0,0,176,0,3,0.00522162226309856,0,8.900492493918e-05,33706
"91","2020/06/18",0,0,176,0,2,0.00522162226309856,0,5.933661662612e-05,33706
"92","2020/06/19",0,0,176,0,2,0.00522162226309856,0,5.933661662612e-05,33706
"93","2020/06/20",0,0,176,0,1,0.00522162226309856,0,2.966830831306e-05,33706
"94","2020/06/21",0,0,176,0,0,0.00522162226309856,0,0,33706
"95","2020/06/22",0,0,176,0,0,0.00522162226309856,0,0,33706
"96","2020/06/23",0,0,176,0,0,0.00522162226309856,0,0,33706
"97","2020/06/24",0,0,176,0,0,0.00522162226309856,0,0,33706
"98","2020/06/25",0,0,176,0,0,0.00522162226309856,0,0,33706
"99","2020/06/26",0,0,176,0,0,0.00522162226309856,0,0,33706
"100","2020/06/27",0,0,176,0,0,0.00522162226309856,0,0,33706
"101","2020/06/28",0,0,176,0,0,0.00522162226309856,0,0,33706
"102","2020/06/29",1,0,177,0,1,0.00525129057141162,2.966830831306e-05,2.966830831306e-05,33706
"103","2020/06/30",0,0,177,0,1,0.00525129057141162,0,2.966830831306e-05,33706
"104","2020/07/01",0,0,177,0,1,0.00525129057141162,0,2.966830831306e-05,33706
"105","2020/07/02",1,0,178,0,2,0.00528095887972468,2.966830831306e-05,5.933661662612e-05,33706
"106","2020/07/03",0,0,178,0,2,0.00528095887972468,0,5.933661662612e-05,33706
"107","2020/07/04",0,0,178,0,2,0.00528095887972468,0,5.933661662612e-05,33706
"108","2020/07/05",0,0,178,0,2,0.00528095887972468,0,5.933661662612e-05,33706
"109","2020/07/06",0,0,178,0,2,0.00528095887972468,0,5.933661662612e-05,33706
"110","2020/07/07",1,0,179,0,3,0.00531062718803774,2.966830831306e-05,8.900492493918e-05,33706
"111","2020/07/08",0,0,179,0,3,0.00531062718803774,0,8.900492493918e-05,33706
"112","2020/07/09",0,0,179,0,3,0.00531062718803774,0,8.900492493918e-05,33706
"113","2020/07/10",1,0,180,0,4,0.0053402954963508,2.966830831306e-05,0.00011867323325224,33706
"114","2020/07/11",0,0,180,0,3,0.0053402954963508,0,8.900492493918e-05,33706
"115","2020/07/12",0,0,180,0,3,0.0053402954963508,0,8.900492493918e-05,33706
"116","2020/07/13",0,0,180,0,3,0.0053402954963508,0,8.900492493918e-05,33706
"117","2020/07/14",0,0,180,0,2,0.0053402954963508,0,5.933661662612e-05,33706
"118","2020/07/15",0,0,180,0,2,0.0053402954963508,0,5.933661662612e-05,33706
"119","2020/07/16",0,0,180,0,2,0.0053402954963508,0,5.933661662612e-05,33706
"120","2020/07/17",0,0,180,0,2,0.0053402954963508,0,5.933661662612e-05,33706
"121","2020/07/18",0,0,180,0,2,0.0053402954963508,0,5.933661662612e-05,33706
"122","2020/07/19",0,0,180,0,1,0.0053402954963508,0,2.966830831306e-05,33706
"123","2020/07/20",0,0,180,0,1,0.0053402954963508,0,2.966830831306e-05,33706
"124","2020/07/21",0,0,180,0,1,0.0053402954963508,0,2.966830831306e-05,33706
"125","2020/07/22",0,0,180,0,0,0.0053402954963508,0,0,33706
"126","2020/07/23",2,0,182,0,2,0.00539963211297692,5.933661662612e-05,5.933661662612e-05,33706
"127","2020/07/24",2,0,184,0,4,0.00545896872960304,5.933661662612e-05,0.00011867323325224,33706
"128","2020/07/25",0,0,184,0,4,0.00545896872960304,0,0.00011867323325224,33706
"129","2020/07/26",1,0,185,0,5,0.0054886370379161,2.966830831306e-05,0.0001483415415653,33706
"130","2020/07/27",0,0,185,0,5,0.0054886370379161,0,0.0001483415415653,33706
"131","2020/07/28",0,0,185,0,5,0.0054886370379161,0,0.0001483415415653,33706
"132","2020/07/29",1,0,186,0,6,0.00551830534622916,2.966830831306e-05,0.00017800984987836,33706
"133","2020/07/30",0,0,186,0,6,0.00551830534622916,0,0.00017800984987836,33706
"134","2020/07/31",1,0,187,0,7,0.00554797365454222,2.966830831306e-05,0.00020767815819142,33706
"135","2020/08/01",0,0,187,0,7,0.00554797365454222,0,0.00020767815819142,33706
"136","2020/08/02",1,0,188,0,8,0.00557764196285528,2.966830831306e-05,0.00023734646650448,33706
"137","2020/08/03",0,0,188,0,8,0.00557764196285528,0,0.00023734646650448,33706
"138","2020/08/04",0,0,188,0,6,0.00557764196285528,0,0.00017800984987836,33706
"139","2020/08/05",1,0,189,0,5,0.00560731027116834,2.966830831306e-05,0.0001483415415653,33706
"140","2020/08/06",0,0,189,0,5,0.00560731027116834,0,0.0001483415415653,33706
"141","2020/08/07",1,0,190,0,5,0.0056369785794814,2.966830831306e-05,0.0001483415415653,33706
"142","2020/08/08",0,0,190,0,5,0.0056369785794814,0,0.0001483415415653,33706
"143","2020/08/09",7,0,197,0,12,0.00584465673767282,0.00020767815819142,0.00035601969975672,33706
"144","2020/08/10",0,0,197,0,11,0.00584465673767282,0,0.00032635139144366,33706
"145","2020/08/11",0,0,197,0,11,0.00584465673767282,0,0.00032635139144366,33706
"146","2020/08/12",4,0,201,0,14,0.00596332997092506,0.00011867323325224,0.00041535631638284,33706
"147","2020/08/13",2,0,203,0,16,0.00602266658755118,5.933661662612e-05,0.00047469293300896,33706
"148","2020/08/14",2,0,205,0,17,0.0060820032041773,5.933661662612e-05,0.00050436124132202,33706
"149","2020/08/15",1,0,206,0,18,0.00611167151249036,2.966830831306e-05,0.00053402954963508,33706
"150","2020/08/16",3,0,209,0,21,0.00620067643742954,8.900492493918e-05,0.00062303447457426,33706
"151","2020/08/17",6,0,215,0,26,0.0063786862873079,0.00017800984987836,0.00077137601613956,33706
"152","2020/08/18",2,0,217,0,28,0.00643802290393402,5.933661662612e-05,0.00083071263276568,33706
"153","2020/08/19",5,0,222,0,32,0.00658636444549932,0.0001483415415653,0.00094938586601792,33706
"154","2020/08/20",1,0,223,0,33,0.00661603275381238,2.966830831306e-05,0.00097905417433098,33706
"155","2020/08/21",6,0,229,0,32,0.00679404260369074,0.00017800984987836,0.00094938586601792,33706
"156","2020/08/22",0,0,229,0,32,0.00679404260369074,0,0.00094938586601792,33706
"157","2020/08/23",0,0,229,0,32,0.00679404260369074,0,0.00094938586601792,33706
"158","2020/08/24",0,0,229,0,28,0.00679404260369074,0,0.00083071263276568,33706
"159","2020/08/25",19,0,248,0,45,0.00735774046163888,0.00056369785794814,0.0013350738740877,33706
"160","2020/08/26",8,0,256,0,51,0.00759508692814336,0.00023734646650448,0.00151308372396606,33706
"161","2020/08/27",14,0,270,0,64,0.0080104432445262,0.00041535631638284,0.00189877173203584,33706
"162","2020/08/28",2,0,272,0,63,0.00806977986115232,5.933661662612e-05,0.00186910342372278,33706
"163","2020/08/29",2,0,274,0,59,0.00812911647777844,5.933661662612e-05,0.00175043019047054,33706
"164","2020/08/30",1,0,275,0,58,0.0081587847860915,2.966830831306e-05,0.00172076188215748,33706
"165","2020/08/31",10,0,285,0,63,0.0084554678692221,0.0002966830831306,0.00186910342372278,33706
"166","2020/09/01",0,0,285,0,62,0.0084554678692221,0,0.00183943511540972,33706
"167","2020/09/02",5,0,290,0,61,0.0086038094107874,0.0001483415415653,0.00180976680709666,33706
"168","2020/09/03",5,0,295,0,66,0.0087521509523527,0.0001483415415653,0.00195810834866196,33706
"169","2020/09/04",0,0,295,0,66,0.0087521509523527,0,0.00195810834866196,33706
"170","2020/09/05",10,0,305,0,76,0.0090488340354833,0.0002966830831306,0.00225479143179256,33706
"171","2020/09/06",7,0,312,0,64,0.00925651219367472,0.00020767815819142,0.00189877173203584,33706
"172","2020/09/07",3,0,315,0,59,0.0093455171186139,8.900492493918e-05,0.00175043019047054,33706
"173","2020/09/08",0,0,315,0,45,0.0093455171186139,0,0.0013350738740877,33706
"174","2020/09/09",5,0,320,0,48,0.0094938586601792,0.0001483415415653,0.00142407879902688,33706
"175","2020/09/10",2,0,322,0,48,0.00955319527680532,5.933661662612e-05,0.00142407879902688,33706
"176","2020/09/11",1,0,323,0,48,0.00958286358511838,2.966830831306e-05,0.00142407879902688,33706
"177","2020/09/12",0,0,323,0,38,0.00958286358511838,0,0.00112739571589628,33706
"178","2020/09/13",4,0,327,0,42,0.00970153681837062,0.00011867323325224,0.00124606894914852,33706
"179","2020/09/14",3,0,330,0,40,0.0097905417433098,8.900492493918e-05,0.0011867323325224,33706
"180","2020/09/15",0,0,330,0,35,0.0097905417433098,0,0.0010383907909571,33706
"181","2020/09/16",4,0,334,0,39,0.00990921497656204,0.00011867323325224,0.00115706402420934,33706
"182","2020/09/17",0,0,334,0,29,0.00990921497656204,0,0.00086038094107874,33706
"183","2020/09/18",9,0,343,0,31,0.0101762297513796,0.00026701477481754,0.00091971755770486,33706
"184","2020/09/19",0,0,343,0,28,0.0101762297513796,0,0.00083071263276568,33706
"185","2020/09/20",3,0,346,0,31,0.0102652346763188,8.900492493918e-05,0.00091971755770486,33706
"186","2020/09/21",4,0,350,0,30,0.010383907909571,0.00011867323325224,0.0008900492493918,33706
"187","2020/09/22",0,0,350,0,28,0.010383907909571,0,0.00083071263276568,33706
"188","2020/09/23",5,0,355,0,32,0.0105322494511363,0.0001483415415653,0.00094938586601792,33706
"189","2020/09/24",2,0,357,0,34,0.0105915860677624,5.933661662612e-05,0.00100872248264404,33706
"190","2020/09/25",4,0,361,0,34,0.0107102593010147,0.00011867323325224,0.00100872248264404,33706
"191","2020/09/26",3,0,364,0,34,0.0107992642259538,8.900492493918e-05,0.00100872248264404,33706
"192","2020/09/27",8,0,372,0,42,0.0110366106924583,0.00023734646650448,0.00124606894914852,33706
"193","2020/09/28",7,0,379,0,45,0.0112442888506497,0.00020767815819142,0.0013350738740877,33706
"194","2020/09/29",3,0,382,0,48,0.0113332937755889,8.900492493918e-05,0.00142407879902688,33706
"195","2020/09/30",9,0,391,0,48,0.0116003085504065,0.00026701477481754,0.00142407879902688,33706
"196","2020/10/01",5,0,396,0,53,0.0117486500919718,0.0001483415415653,0.00157242034059218,33706
"197","2020/10/02",14,0,410,0,64,0.0121640064083546,0.00041535631638284,0.00189877173203584,33706
"198","2020/10/03",6,0,416,0,66,0.012342016258233,0.00017800984987836,0.00195810834866196,33706
"199","2020/10/04",12,0,428,0,78,0.0126980359579897,0.00035601969975672,0.00231412804841868,33706
"200","2020/10/05",4,0,432,0,77,0.0128167091912419,0.00011867323325224,0.00228445974010562,33706
"201","2020/10/06",0,0,432,0,75,0.0128167091912419,0,0.0022251231234795,33706
"202","2020/10/07",5,0,437,0,76,0.0129650507328072,0.0001483415415653,0.00225479143179256,33706
"203","2020/10/08",8,0,445,0,81,0.0132023971993117,0.00023734646650448,0.00240313297335786,33706
"204","2020/10/09",7,0,452,0,80,0.0134100753575031,0.00020767815819142,0.0023734646650448,33706
"205","2020/10/10",16,0,468,0,89,0.0138847682905121,0.00047469293300896,0.00264047943986234,33706
"206","2020/10/11",8,0,476,0,94,0.0141221147570166,0.00023734646650448,0.00278882098142764,33706
