"","date","cases","deaths","cum_cases","cum_deaths","cases_active","p_cases","p_cases_daily","p_cases_active","population"
"1","2020/03/20",2,0,2,0,2,1.77571337287078e-07,1.77571337287078e-07,1.77571337287078e-07,11263079
"2","2020/03/21",0,0,2,0,2,1.77571337287078e-07,0,1.77571337287078e-07,11263079
"3","2020/03/22",0,0,2,0,2,1.77571337287078e-07,0,1.77571337287078e-07,11263079
"4","2020/03/23",0,0,2,0,2,1.77571337287078e-07,0,1.77571337287078e-07,11263079
"5","2020/03/24",3,0,5,0,5,4.43928343217694e-07,2.66357005930616e-07,4.43928343217694e-07,11263079
"6","2020/03/25",2,0,7,0,7,6.21499680504771e-07,1.77571337287078e-07,6.21499680504771e-07,11263079
"7","2020/03/26",1,0,8,0,8,7.1028534914831e-07,8.87856686435388e-08,7.1028534914831e-07,11263079
"8","2020/03/27",0,0,8,0,8,7.1028534914831e-07,0,7.1028534914831e-07,11263079
"9","2020/03/28",0,0,8,0,8,7.1028534914831e-07,0,7.1028534914831e-07,11263079
"10","2020/03/29",0,0,8,0,8,7.1028534914831e-07,0,7.1028534914831e-07,11263079
"11","2020/03/30",7,0,15,0,15,1.33178502965308e-06,6.21499680504771e-07,1.33178502965308e-06,11263079
"12","2020/03/31",0,0,15,0,15,1.33178502965308e-06,0,1.33178502965308e-06,11263079
"13","2020/04/01",0,0,15,0,13,1.33178502965308e-06,0,1.154213692366e-06,11263079
"14","2020/04/02",1,0,16,0,14,1.42057069829662e-06,8.87856686435388e-08,1.24299936100954e-06,11263079
"15","2020/04/03",2,0,18,0,16,1.5981420355837e-06,1.77571337287078e-07,1.42057069829662e-06,11263079
"16","2020/04/04",0,0,18,0,16,1.5981420355837e-06,0,1.42057069829662e-06,11263079
"17","2020/04/05",3,0,21,0,16,1.86449904151431e-06,2.66357005930616e-07,1.42057069829662e-06,11263079
"18","2020/04/06",0,0,21,0,14,1.86449904151431e-06,0,1.24299936100954e-06,11263079
"19","2020/04/07",3,1,24,1,16,2.13085604744493e-06,2.66357005930616e-07,1.42057069829662e-06,11263079
"20","2020/04/08",1,0,25,1,17,2.21964171608847e-06,8.87856686435388e-08,1.50935636694016e-06,11263079
"21","2020/04/09",2,0,27,1,19,2.39721305337555e-06,1.77571337287078e-07,1.68692770422724e-06,11263079
"22","2020/04/10",3,1,30,2,22,2.66357005930616e-06,2.66357005930616e-07,1.95328471015785e-06,11263079
"23","2020/04/11",1,0,31,2,16,2.7523557279497e-06,8.87856686435388e-08,1.42057069829662e-06,11263079
"24","2020/04/12",2,0,33,2,18,2.92992706523678e-06,1.77571337287078e-07,1.5981420355837e-06,11263079
"25","2020/04/13",0,1,33,3,18,2.92992706523678e-06,0,1.5981420355837e-06,11263079
"26","2020/04/14",7,0,40,3,24,3.55142674574155e-06,6.21499680504771e-07,2.13085604744493e-06,11263079
"27","2020/04/15",0,0,40,3,22,3.55142674574155e-06,0,1.95328471015785e-06,11263079
"28","2020/04/16",1,0,41,3,23,3.64021241438509e-06,8.87856686435388e-08,2.04207037880139e-06,11263079
"29","2020/04/17",2,0,43,3,22,3.81778375167217e-06,1.77571337287078e-07,1.95328471015785e-06,11263079
"30","2020/04/18",1,0,44,3,23,3.90656942031571e-06,8.87856686435388e-08,2.04207037880139e-06,11263079
"31","2020/04/19",0,0,44,3,20,3.90656942031571e-06,0,1.77571337287078e-06,11263079
"32","2020/04/20",3,0,47,3,22,4.17292642624632e-06,2.66357005930616e-07,1.95328471015785e-06,11263079
"33","2020/04/21",10,0,57,3,30,5.06078311268171e-06,8.87856686435388e-07,2.66357005930616e-06,11263079
"34","2020/04/22",1,1,58,4,28,5.14956878132525e-06,8.87856686435388e-08,2.48599872201909e-06,11263079
"35","2020/04/23",4,0,62,4,31,5.5047114558994e-06,3.55142674574155e-07,2.7523557279497e-06,11263079
"36","2020/04/24",10,1,72,5,39,6.39256814233479e-06,8.87856686435388e-07,3.46264107709801e-06,11263079
"37","2020/04/25",0,0,72,5,39,6.39256814233479e-06,0,3.46264107709801e-06,11263079
"38","2020/04/26",0,1,72,6,32,6.39256814233479e-06,0,2.84114139659324e-06,11263079
"39","2020/04/27",0,0,72,6,32,6.39256814233479e-06,0,2.84114139659324e-06,11263079
"40","2020/04/28",4,0,76,6,35,6.74771081690895e-06,3.55142674574155e-07,3.10749840252386e-06,11263079
"41","2020/04/29",0,0,76,6,33,6.74771081690895e-06,0,2.92992706523678e-06,11263079
"42","2020/04/30",0,0,76,6,32,6.74771081690895e-06,0,2.84114139659324e-06,11263079
"43","2020/05/01",5,2,81,8,37,7.19163916012664e-06,4.43928343217694e-07,3.28506973981093e-06,11263079
"44","2020/05/02",4,0,85,8,38,7.5467818347008e-06,3.55142674574155e-07,3.37385540845447e-06,11263079
"45","2020/05/03",0,0,85,8,28,7.5467818347008e-06,0,2.48599872201909e-06,11263079
"46","2020/05/04",0,0,85,8,27,7.5467818347008e-06,0,2.39721305337555e-06,11263079
"47","2020/05/05",15,3,100,11,38,8.87856686435388e-06,1.33178502965308e-06,3.37385540845447e-06,11263079
"48","2020/05/06",1,1,101,12,29,8.96735253299742e-06,8.87856686435388e-08,2.57478439066262e-06,11263079
"49","2020/05/07",7,0,108,12,36,9.58885221350219e-06,6.21499680504771e-07,3.1962840711674e-06,11263079
"50","2020/05/08",21,0,129,12,57,1.14533512550165e-05,1.86449904151431e-06,5.06078311268171e-06,11263079
"51","2020/05/09",17,0,146,12,74,1.29627076219567e-05,1.50935636694016e-06,6.57013947962187e-06,11263079
"52","2020/05/10",5,0,151,12,75,1.34066359651744e-05,4.43928343217694e-07,6.65892514826541e-06,11263079
"53","2020/05/11",31,3,182,15,106,1.61589916931241e-05,2.7523557279497e-06,9.41128087621511e-06,11263079
"54","2020/05/12",27,1,209,16,133,1.85562047464996e-05,2.39721305337555e-06,1.18084939295907e-05,11263079
"55","2020/05/13",10,2,219,18,138,1.9444061432935e-05,8.87856686435388e-07,1.22524222728083e-05,11263079
"56","2020/05/14",15,0,234,18,149,2.07758464625881e-05,1.33178502965308e-06,1.32290646278873e-05,11263079
"57","2020/05/15",39,2,273,20,188,2.42384875396861e-05,3.46264107709801e-06,1.66917057049853e-05,11263079
"58","2020/05/16",37,0,310,20,225,2.7523557279497e-05,3.28506973981093e-06,1.99767754447962e-05,11263079
"59","2020/05/17",48,0,358,20,258,3.17852693743869e-05,4.26171209488986e-06,2.2906702510033e-05,11263079
"60","2020/05/18",98,0,456,20,355,4.04862649014537e-05,8.7009955270668e-06,3.15189123684563e-05,11263079
"61","2020/05/19",77,1,533,21,425,4.73227613870062e-05,6.83649648555249e-06,3.7733909173504e-05,11263079
"62","2020/05/20",63,1,596,22,467,5.29162585115491e-05,5.59349712454294e-06,4.14629072565326e-05,11263079
"63","2020/05/21",0,0,596,22,450,5.29162585115491e-05,0,3.99535508895924e-05,11263079
"64","2020/05/22",138,3,734,25,583,6.51686807843575e-05,1.22524222728083e-05,5.17620448191831e-05,11263079
"65","2020/05/23",78,0,812,25,630,7.20939629385535e-05,6.92528215419602e-06,5.59349712454294e-05,11263079
"66","2020/05/24",53,1,865,26,656,7.6799603376661e-05,4.70564043810755e-06,5.82433986301614e-05,11263079
"67","2020/05/25",93,1,958,27,739,8.50566705605101e-05,8.2570671838491e-06,6.56126091275752e-05,11263079
"68","2020/05/26",105,4,1063,31,829,9.43791657680817e-05,9.32249520757157e-06,7.36033193054936e-05,11263079
"69","2020/05/27",111,2,1174,33,901,0.000104234374987515,9.8552092194328e-06,7.99958874478284e-05,11263079
"70","2020/05/28",146,1,1320,34,1010,0.000117197082609471,1.29627076219567e-05,8.96735253299742e-05,11263079
"71","2020/05/29",123,1,1443,35,1085,0.000128117719852626,1.09206372431553e-05,9.63324504782396e-05,11263079
"72","2020/05/30",141,0,1584,35,1128,0.000140636499131365,1.2518779278739e-05,0.000100150234229912,11263079
"73","2020/05/31",281,6,1865,41,1332,0.0001655852720202,2.49487728888344e-05,0.000118262510633194,11263079
"74","2020/06/01",259,3,2124,44,1528,0.000188580760198876,2.29954881786765e-05,0.000135664501687327,11263079
"75","2020/06/02",102,1,2226,45,1630,0.000197636898400517,9.05613820164096e-06,0.000144720639888968,11263079
"76","2020/06/03",281,3,2507,48,1773,0.000222585671289352,2.49487728888344e-05,0.000157416990504994,11263079
"77","2020/06/04",133,2,2640,50,1828,0.000234394165218942,1.18084939295907e-05,0.000162300202280389,11263079
"78","2020/06/05",0,0,2640,50,1775,0.000234394165218942,0,0.000157594561842281,11263079
"79","2020/06/06",284,0,2924,50,1966,0.000259609295113707,2.5215129894765e-05,0.000174552624553197,11263079
"80","2020/06/07",148,0,3072,50,2009,0.000272749574072951,1.31402789592437e-05,0.000178370408304869,11263079
"81","2020/06/08",262,1,3334,51,2160,0.000296011419257558,2.32618451846072e-05,0.000191777044270044,11263079
"82","2020/06/09",204,3,3538,54,2218,0.00031412369566084,1.81122764032819e-05,0.000196926613051369,11263079
"83","2020/06/10",124,2,3662,56,2219,0.000325133118572639,1.10094229117988e-05,0.000197015398720013,11263079
"84","2020/06/11",134,2,3796,58,2212,0.000337030398170873,1.18972795982342e-05,0.000196393899039508,11263079
"85","2020/06/12",145,6,3941,64,2076,0.000349904320124186,1.28739219533131e-05,0.000184319048103986,11263079
"86","2020/06/13",0,0,3941,64,1817,0.000349904320124186,0,0.00016132355992531,11263079
"87","2020/06/14",224,6,4165,70,1939,0.000369792309900339,1.98879897761527e-05,0.000172155411499822,11263079
"88","2020/06/15",144,3,4309,73,1802,0.000382577446185009,1.27851362846696e-05,0.000159991774895657,11263079
"89","2020/06/16",132,3,4441,76,1801,0.000394297154445956,1.17197082609471e-05,0.000159902989227013,11263079
"90","2020/06/17",106,4,4547,80,1907,0.000403708435322171,9.41128087621511e-06,0.000169314270103228,11263079
"91","2020/06/18",141,2,4688,82,1764,0.00041622721460091,1.2518779278739e-05,0.000156617919487202,11263079
"92","2020/06/19",228,2,4916,84,1844,0.000436470347051637,2.02431324507268e-05,0.000163720772978685,11263079
"93","2020/06/20",64,3,4980,87,1646,0.000442152629844823,5.68228279318648e-06,0.000146141210587265,11263079
"94","2020/06/21",97,1,5077,88,1539,0.000450764839703246,8.61220985842326e-06,0.000136641144042406,11263079
"95","2020/06/22",134,0,5211,88,1549,0.000462662119301481,1.18972795982342e-05,0.000137529000728842,11263079
"96","2020/06/23",0,0,5211,88,1415,0.000462662119301481,0,0.000125631721130607,11263079
"97","2020/06/24",113,1,5324,89,1383,0.0004726948998582,1.00327805567199e-05,0.000122790579734014,11263079
"98","2020/06/25",105,3,5429,92,1488,0.000482017395065772,9.32249520757157e-06,0.000132113074941586,11263079
"99","2020/06/26",114,4,5543,96,1378,0.000492138961291135,1.01215662253634e-05,0.000122346651390796,11263079
"100","2020/06/27",179,2,5722,98,1413,0.000508031595978329,1.58926346871934e-05,0.00012545414979332,11263079
"101","2020/06/28",55,2,5777,100,1336,0.000512914807753723,4.88321177539463e-06,0.000118617653307768,11263079
"102","2020/06/29",70,4,5847,104,1300,0.000519129804558771,6.21499680504771e-06,0.0001154213692366,11263079
"103","2020/06/30",86,1,5933,105,1245,0.000526765372062115,7.63556750334433e-06,0.000110538157461206,11263079
"104","2020/07/01",42,0,5975,105,1059,0.000530494370145144,3.72899808302863e-06,9.40240230935076e-05,11263079
"105","2020/07/02",65,2,6040,107,1060,0.000536265438606974,5.77106846183002e-06,9.41128087621511e-05,11263079
"106","2020/07/03",61,3,6101,110,1024,0.00054168136439423,5.41592578725586e-06,9.09165246909837e-05,11263079
"107","2020/07/04",129,0,6230,110,1019,0.000553134715649247,1.14533512550165e-05,9.0472596347766e-05,11263079
"108","2020/07/05",64,3,6294,113,1083,0.000558816998442433,5.68228279318648e-06,9.61548791409525e-05,11263079
"109","2020/07/06",39,0,6333,113,1009,0.000562279639519531,3.46264107709801e-06,8.95847396613306e-05,11263079
"110","2020/07/07",38,0,6371,113,942,0.000565653494927985,3.37385540845447e-06,8.36360998622135e-05,11263079
"111","2020/07/08",61,4,6432,117,889,0.000571069420715241,5.41592578725586e-06,7.8930459424106e-05,11263079
"112","2020/07/09",54,6,6486,123,764,0.000575863846821992,4.79442610675109e-06,6.78322508436636e-05,11263079
"113","2020/07/10",0,0,6486,123,709,0.000575863846821992,0,6.2949039068269e-05,11263079
"114","2020/07/11",131,12,6617,135,770,0.000587494769414296,1.16309225923036e-05,6.83649648555248e-05,11263079
"115","2020/07/12",73,4,6690,139,757,0.000593976123225274,6.48135381097833e-06,6.72107511631588e-05,11263079
"116","2020/07/13",37,0,6727,139,752,0.000597261192965085,3.28506973981093e-06,6.67668228199412e-05,11263079
"117","2020/07/14",0,2,6727,141,687,0.000597261192965085,0,6.09957543581111e-05,11263079
"118","2020/07/15",104,2,6831,143,730,0.000606494902504013,9.23370953892803e-06,6.48135381097833e-05,11263079
"119","2020/07/16",71,2,6902,145,672,0.000612798684977705,6.30378247369125e-06,5.96639693284581e-05,11263079
"120","2020/07/17",46,0,6948,145,654,0.000616882825735307,4.08414075760278e-06,5.80658272928744e-05,11263079
"121","2020/07/18",27,1,6975,146,642,0.000619280038788683,2.39721305337555e-06,5.70003992691519e-05,11263079
"122","2020/07/19",78,0,7053,146,682,0.000626205320942879,6.92528215419602e-06,6.05518260148934e-05,11263079
"123","2020/07/20",0,0,7053,146,621,0.000626205320942879,0,5.51359002276376e-05,11263079
"124","2020/07/21",10,0,7063,146,577,0.000627093177629314,8.87856686435388e-07,5.12293308073219e-05,11263079
"125","2020/07/22",83,8,7146,154,660,0.000634462388126728,7.36921049741372e-06,5.85985413047356e-05,11263079
"126","2020/07/23",21,0,7167,154,550,0.000636326887168242,1.86449904151431e-06,4.88321177539463e-05,11263079
"127","2020/07/24",30,0,7197,154,507,0.000638990457227549,2.66357005930616e-06,4.50143340022742e-05,11263079
"128","2020/07/25",63,2,7260,156,533,0.000644583954352091,5.59349712454294e-06,4.73227613870062e-05,11263079
"129","2020/07/26",37,0,7297,156,570,0.000647869024091902,3.28506973981093e-06,5.06078311268171e-05,11263079
"130","2020/07/27",18,1,7315,157,484,0.000649467166127486,1.5981420355837e-06,4.29722636234728e-05,11263079
"131","2020/07/28",25,1,7340,158,438,0.000651686807843575,2.21964171608847e-06,3.888812286587e-05,11263079
"132","2020/07/29",31,0,7371,158,423,0.000654439163571524,2.7523557279497e-06,3.75563378362169e-05,11263079
"133","2020/07/30",7,1,7378,159,403,0.000655060663252029,6.21499680504771e-07,3.57806244633461e-05,11263079
"134","2020/07/31",34,2,7412,161,359,0.000658079375985909,3.01871273388032e-06,3.18740550430304e-05,11263079
"135","2020/08/01",12,0,7424,161,371,0.000659144804009632,1.06542802372247e-06,3.29394830667529e-05,11263079
"136","2020/08/02",44,4,7468,165,405,0.000663051373429948,3.90656942031571e-06,3.59581958006332e-05,11263079
"137","2020/08/03",8,0,7476,165,330,0.000663761658779096,7.1028534914831e-07,2.92992706523678e-05,11263079
"138","2020/08/04",35,1,7511,166,344,0.00066686915718162,3.10749840252386e-06,3.05422700133773e-05,11263079
"139","2020/08/05",21,5,7532,171,335,0.000668733656223134,1.86449904151431e-06,2.97431989955855e-05,11263079
"140","2020/08/06",12,0,7544,171,284,0.000669799084246856,1.06542802372247e-06,2.5215129894765e-05,11263079
"141","2020/08/07",38,0,7582,171,285,0.000673172939655311,3.37385540845447e-06,2.53039155634086e-05,11263079
"142","2020/08/08",17,6,7599,177,284,0.000674682296022251,1.50935636694016e-06,2.5215129894765e-05,11263079
"143","2020/08/09",12,5,7611,182,271,0.000675747724045974,1.06542802372247e-06,2.4060916202399e-05,11263079
"144","2020/08/10",23,1,7634,183,263,0.000677789794424775,2.04207037880139e-06,2.33506308532507e-05,11263079
"145","2020/08/11",15,0,7649,183,271,0.000679121579454428,1.33178502965308e-06,2.4060916202399e-05,11263079
"146","2020/08/12",0,0,7649,183,237,0.000679121579454428,0,2.10422034685187e-05,11263079
"147","2020/08/13",94,4,7743,187,319,0.000687467432306921,8.34585285249265e-06,2.83226282972889e-05,11263079
"148","2020/08/14",67,5,7810,192,342,0.000693416072106038,5.9486397991171e-06,3.03646986760903e-05,11263079
"149","2020/08/15",21,4,7831,196,355,0.000695280571147552,1.86449904151431e-06,3.15189123684563e-05,11263079
"150","2020/08/16",0,0,7831,196,320,0.000695280571147552,0,2.84114139659324e-05,11263079
"151","2020/08/17",48,0,7879,196,347,0.000699542283242442,4.26171209488986e-06,3.0808627019308e-05,11263079
"152","2020/08/18",18,0,7897,196,353,0.000701140425278026,1.5981420355837e-06,3.13413410311692e-05,11263079
"153","2020/08/19",24,0,7921,196,339,0.000703271281325471,2.13085604744493e-06,3.00983416701596e-05,11263079
"154","2020/08/20",28,0,7949,196,350,0.00070575728004749,2.48599872201909e-06,3.10749840252386e-05,11263079
"155","2020/08/21",48,0,7997,196,386,0.00071001899214238,4.26171209488986e-06,3.4271268096406e-05,11263079
"156","2020/08/22",19,0,8016,196,382,0.000711705919846607,1.68692770422724e-06,3.39161254218318e-05,11263079
"157","2020/08/23",34,0,8050,196,401,0.000714724632580487,3.01871273388032e-06,3.5603053126059e-05,11263079
"158","2020/08/24",32,0,8082,196,433,0.00071756577397708,2.84114139659324e-06,3.84441945226523e-05,11263079
"159","2020/08/25",28,0,8110,196,367,0.000720051772699099,2.48599872201909e-06,3.25843403921787e-05,11263079
"160","2020/08/26",2,0,8112,196,302,0.000720229344036386,1.77571337287078e-07,2.68132719303487e-05,11263079
"161","2020/08/27",39,4,8151,200,320,0.000723691985113485,3.46264107709801e-06,2.84114139659324e-05,11263079
"162","2020/08/28",0,0,8151,200,320,0.000723691985113485,0,2.84114139659324e-05,11263079
"163","2020/08/29",10,1,8161,201,282,0.00072457984179992,8.87856686435388e-07,2.50375585574779e-05,11263079
"164","2020/08/30",48,0,8209,201,312,0.00072884155389481,4.26171209488986e-06,2.77011286167841e-05,11263079
"165","2020/08/31",0,0,8209,201,288,0.00072884155389481,0,2.55702725693392e-05,11263079
"166","2020/09/01",15,0,8224,201,275,0.000730173338924463,1.33178502965308e-06,2.44160588769732e-05,11263079
"167","2020/09/02",34,5,8258,206,261,0.000733192051658343,3.01871273388032e-06,2.31730595159636e-05,11263079
"168","2020/09/03",0,0,8258,206,242,0.000733192051658343,0,2.14861318117364e-05,11263079
"169","2020/09/04",43,4,8301,210,251,0.000737009835410015,3.81778375167217e-06,2.22852028295282e-05,11263079
"170","2020/09/05",25,2,8326,212,244,0.000739229477126104,2.21964171608847e-06,2.16637031490235e-05,11263079
"171","2020/09/06",10,0,8336,212,226,0.000740117333812539,8.87856686435388e-07,2.00655611134398e-05,11263079
"172","2020/09/07",24,2,8360,214,248,0.000742248189859984,2.13085604744493e-06,2.20188458235976e-05,11263079
"173","2020/09/08",2,0,8362,214,211,0.000742425761197271,1.77571337287078e-07,1.87337760837867e-05,11263079
"174","2020/09/09",14,0,8376,214,225,0.000743668760558281,1.24299936100954e-06,1.99767754447962e-05,11263079
"175","2020/09/10",8,0,8384,214,223,0.000744379045907429,7.1028534914831e-07,1.97992041075091e-05,11263079
"176","2020/09/11",45,1,8429,215,220,0.000748374400996388,3.99535508895924e-06,1.95328471015785e-05,11263079
