"","date","cases","deaths","cum_cases","cum_deaths","p_cases","p_cases_daily","p_cases_active","population"
"1",NA,0,0,0,0,0,0,0,51225321
"2",NA,0,0,0,0,0,0,0,51225321
"3",NA,0,0,0,0,0,0,0,51225321
"4",NA,0,0,0,0,0,0,0,51225321
"5",NA,0,0,0,0,0,0,0,51225321
"6",NA,0,0,0,0,0,0,0,51225321
"7",NA,0,0,0,0,0,0,0,51225321
"8",NA,0,0,0,0,0,0,0,51225321
"9",NA,0,0,0,0,0,0,0,51225321
"10",NA,0,0,0,0,0,0,0,51225321
"11",NA,0,0,0,0,0,0,0,51225321
"12",NA,0,0,0,0,0,0,0,51225321
"13",NA,0,0,0,0,0,0,0,51225321
"14",NA,0,0,0,0,0,0,0,51225321
"15",NA,0,0,0,0,0,0,0,51225321
"16",NA,0,0,0,0,0,0,0,51225321
"17",NA,0,0,0,0,0,0,0,51225321
"18",NA,0,0,0,0,0,0,0,51225321
"19",NA,0,0,0,0,0,0,0,51225321
"20",NA,0,0,0,0,0,0,0,51225321
"21",NA,1,0,1,0,1.95215955796548e-08,1.95215955796548e-08,1.95215955796548e-08,51225321
"22",NA,0,0,1,0,1.95215955796548e-08,0,1.95215955796548e-08,51225321
"23",NA,0,0,1,0,1.95215955796548e-08,0,1.95215955796548e-08,51225321
"24",NA,0,0,1,0,1.95215955796548e-08,0,1.95215955796548e-08,51225321
"25",NA,1,0,2,0,3.90431911593097e-08,1.95215955796548e-08,3.90431911593097e-08,51225321
"26",NA,0,0,2,0,3.90431911593097e-08,0,3.90431911593097e-08,51225321
"27",NA,1,0,3,0,5.85647867389645e-08,1.95215955796548e-08,5.85647867389645e-08,51225321
"28",NA,1,0,4,0,7.80863823186193e-08,1.95215955796548e-08,7.80863823186193e-08,51225321
"29",NA,0,0,4,0,7.80863823186193e-08,0,7.80863823186193e-08,51225321
"30",NA,0,0,4,0,7.80863823186193e-08,0,7.80863823186193e-08,51225321
"31",NA,0,0,4,0,7.80863823186193e-08,0,7.80863823186193e-08,51225321
"32",NA,3,0,7,0,1.36651169057584e-07,5.85647867389645e-08,1.36651169057584e-07,51225321
"33",NA,5,0,12,0,2.34259146955858e-07,9.76079778982742e-08,2.14737551376203e-07,51225321
"34",NA,3,0,15,0,2.92823933694823e-07,5.85647867389645e-08,2.73302338115168e-07,51225321
"35",NA,0,0,15,0,2.92823933694823e-07,0,2.73302338115168e-07,51225321
"36",NA,1,0,16,0,3.12345529274477e-07,1.95215955796548e-08,2.92823933694823e-07,51225321
"37",NA,2,0,18,0,3.51388720433787e-07,3.90431911593097e-08,3.12345529274477e-07,51225321
"38",NA,5,0,23,0,4.48996698332061e-07,9.76079778982742e-08,4.09953507172752e-07,51225321
"39",NA,1,0,24,0,4.68518293911716e-07,1.95215955796548e-08,4.09953507172752e-07,51225321
"40",NA,0,0,24,0,4.68518293911716e-07,0,3.90431911593097e-07,51225321
"41",NA,1,0,25,0,4.88039889491371e-07,1.95215955796548e-08,4.09953507172752e-07,51225321
"42",NA,2,0,27,0,5.27083080650681e-07,3.90431911593097e-08,4.48996698332061e-07,51225321
"43",NA,1,0,28,0,5.46604676230335e-07,1.95215955796548e-08,4.68518293911716e-07,51225321
"44",NA,0,0,28,0,5.46604676230335e-07,0,4.09953507172752e-07,51225321
"45",NA,0,0,28,0,5.46604676230335e-07,0,3.12345529274477e-07,51225321
"46",NA,0,0,28,0,5.46604676230335e-07,0,2.53780742535513e-07,51225321
"47",NA,0,0,28,0,5.46604676230335e-07,0,2.53780742535513e-07,51225321
"48",NA,1,0,29,0,5.6612627180999e-07,1.95215955796548e-08,2.53780742535513e-07,51225321
"49",NA,1,0,30,0,5.85647867389645e-07,1.95215955796548e-08,2.34259146955858e-07,51225321
"50",NA,1,0,31,0,6.051694629693e-07,1.95215955796548e-08,1.56172764637239e-07,51225321
"51",NA,15,0,46,0,8.97993396664122e-07,2.92823933694823e-07,4.29475102752406e-07,51225321
"52",NA,34,0,80,0,1.56172764637239e-06,6.63734249708264e-07,1.09320935246067e-06,51225321
"53",NA,75,1,155,1,3.0258473148465e-06,1.46411966847411e-06,2.53780742535513e-06,51225321
"54",NA,190,1,345,2,6.73495047498092e-06,3.70910316013442e-06,6.20786739433024e-06,51225321
"55",NA,256,3,601,5,1.17324789433726e-05,4.99752846839164e-06,1.11858742671422e-05,51225321
"56",NA,161,2,762,7,1.4875455831697e-05,3.14297688832443e-06,1.43288511554666e-05,51225321
"57",NA,130,1,892,8,1.74132632570521e-05,2.53780742535513e-06,1.68666585808218e-05,51225321
"58",NA,254,3,1146,11,2.23717485342844e-05,4.95848527723233e-06,2.18251438580541e-05,51225321
"59",NA,449,1,1595,12,3.11369449495495e-05,8.76519641526502e-06,3.05903402733191e-05,51225321
"60",NA,427,1,2022,13,3.94726662620621e-05,8.33572131251261e-06,3.89065399902521e-05,51225321
"61",NA,909,3,2931,16,5.72177966439683e-05,1.77451303819062e-05,5.66321487765787e-05,51225321
"62",NA,595,1,3526,17,6.88331460138629e-05,1.16153493698946e-05,6.82279765508937e-05,51225321
"63",NA,686,5,4212,22,8.22249605815062e-05,1.33918145676432e-05,8.1326967184842e-05,51225321
"64",NA,600,6,4812,28,9.39379179292991e-05,1.17129573477929e-05,9.23761902829267e-05,51225321
"65",NA,516,4,5328,32,0.000104011061248401,1.00731433191019e-05,0.000100985213933554,51225321
"66",NA,438,3,5766,35,0.00011256152011229,8.55045886388882e-06,0.000105826569637309,51225321
"67",NA,518,7,6284,42,0.000122673706622551,1.01121865102612e-05,0.000110941227679178,51225321
"68",NA,483,2,6767,44,0.000132102637287524,9.42893066497329e-06,0.000117227181455827,51225321
"69",NA,367,6,7134,50,0.000139267062865258,7.16442557773332e-06,0.000121853799608205,51225321
"70",NA,248,1,7382,51,0.000144108418569012,4.8413557037544e-06,0.000121736670034728,51225321
"71",NA,131,3,7513,54,0.000146665747589947,2.55732902093478e-06,0.000115528802640397,51225321
"72",NA,242,6,7755,60,0.000151389973720223,4.72422613027647e-06,0.000111917307458161,51225321
"73",NA,114,6,7869,66,0.000153615435616304,2.22546189608065e-06,9.63976389723356e-05,51225321
"74",NA,110,1,7979,67,0.000155762811130066,2.14737551376203e-06,8.6929665116203e-05,51225321
"75",NA,107,5,8086,72,0.000157851621857089,2.08881072702307e-06,7.56266612755828e-05,51225321
"76",NA,76,3,8162,75,0.000159335263121143,1.48364126405377e-06,6.53973451918437e-05,51225321
"77",NA,74,0,8236,75,0.000160779861194037,1.44459807289446e-06,5.67687999456363e-05,51225321
"78",NA,84,6,8320,81,0.000162419675222728,1.63981402869101e-06,4.98581551104384e-05,51225321
"79",NA,93,5,8413,86,0.000164235183611636,1.8155083889079e-06,4.15614769890851e-05,51225321
"80",NA,152,5,8565,91,0.000167202466139744,2.96728252810753e-06,3.50998288522194e-05,51225321
"81",NA,87,9,8652,100,0.000168900844955174,1.69837881542997e-06,2.9633782089916e-05,51225321
"82",NA,147,3,8799,103,0.000171770519505383,2.86967455020926e-06,2.76621009363709e-05,51225321
"83",NA,98,1,8897,104,0.000173683635872189,1.91311636680617e-06,2.70178882822423e-05,51225321
"84",NA,64,9,8961,113,0.000174933017989287,1.24938211709791e-06,2.35430442690637e-05,51225321
"85",NA,76,7,9037,120,0.000176416659253341,1.48364126405377e-06,2.28012236370368e-05,51225321
"86",NA,100,6,9137,126,0.000178368818811306,1.95215955796548e-06,2.26060076812403e-05,51225321
"87",NA,104,5,9241,131,0.00018039906475159,2.0302459402841e-06,2.25474428945013e-05,51225321
"88",NA,91,8,9332,139,0.000182175529949339,1.77646519774859e-06,2.28402668281962e-05,51225321
"89",NA,146,5,9478,144,0.000185025682903969,2.85015295462961e-06,2.42458217099313e-05,51225321
"90",NA,105,8,9583,152,0.000187075450439832,2.04976753586376e-06,2.46557752171041e-05,51225321
"91",NA,78,6,9661,158,0.000188598134895045,1.52268445521308e-06,2.43629512834092e-05,51225321
"92",NA,125,5,9786,163,0.000191038334342502,2.44019944745685e-06,2.38358682027586e-05,51225321
"93",NA,0,0,9786,163,0.000191038334342502,0,2.21374893873286e-05,51225321
"94",NA,190,6,9976,169,0.000194747437502637,3.70910316013442e-06,2.29769179972537e-05,51225321
"95",NA,86,5,10062,174,0.000196426294722487,1.67885721985032e-06,2.27426588502979e-05,51225321
"96",NA,94,3,10156,177,0.000198261324706975,1.83502998448755e-06,2.33283067176875e-05,51225321
"97",NA,81,6,10237,183,0.000199842573948927,1.58124924195204e-06,2.34259146955858e-05,51225321
"98",NA,47,3,10284,186,0.00020076008894117,9.17514992243777e-07,2.23912701298641e-05,51225321
"99",NA,47,6,10331,192,0.000201677603933414,9.17514992243777e-07,2.12785391818238e-05,51225321
"100",NA,53,8,10384,200,0.000202712248499136,1.03464456572171e-06,2.05367185497969e-05,51225321
"101",NA,39,4,10423,204,0.000203473590726742,7.61342227606539e-07,1.84479078227738e-05,51225321
"102",NA,27,4,10450,208,0.000204000673807393,5.27083080650681e-07,1.69252233675607e-05,51225321
"103",NA,0,0,10450,208,0.000204000673807393,0,1.54025389123477e-05,51225321
"104",NA,62,6,10512,214,0.000205211012733332,1.2103389259386e-06,1.41726783908294e-05,51225321
"105",NA,25,3,10537,217,0.000205699052622823,4.88039889491371e-07,1.46607182803208e-05,51225321
"106",NA,27,5,10564,222,0.000206226135703474,5.27083080650681e-07,1.1478698200837e-05,51225321
"107",NA,27,3,10591,225,0.000206753218784124,5.27083080650681e-07,1.03269240616374e-05,51225321
"108",NA,22,4,10613,229,0.000207182693886877,4.29475102752406e-07,8.92136917990226e-06,51225321
"109",NA,22,1,10635,230,0.000207612168989629,4.29475102752406e-07,7.76959504070262e-06,51225321
"110",NA,18,2,10653,232,0.000207963557710063,3.51388720433787e-07,7.20346876889263e-06,51225321
"111",NA,8,2,10661,234,0.0002081197304747,1.56172764637239e-07,6.4421265412861e-06,51225321
"112",NA,13,2,10674,236,0.000208373511217236,2.53780742535513e-07,5.6612627180999e-06,51225321
"113",NA,9,1,10683,237,0.000208549205577453,1.75694360216894e-07,5.07561485071026e-06,51225321
"114",NA,11,1,10694,238,0.000208763943128829,2.14737551376203e-07,4.76326932143578e-06,51225321
"115",NA,8,2,10702,240,0.000208920115893466,1.56172764637239e-07,4.91944208607302e-06,51225321
"116",NA,6,0,10708,240,0.000209037245466944,1.17129573477929e-07,3.82623273361235e-06,51225321
"117",NA,10,0,10718,240,0.000209232461422741,1.95215955796548e-07,3.53340879991753e-06,51225321
"118",NA,10,2,10728,242,0.000209427677378537,1.95215955796548e-07,3.20154167506339e-06,51225321
"119",NA,10,1,10738,243,0.000209622893334334,1.95215955796548e-07,2.86967455020926e-06,51225321
"120",NA,14,1,10752,244,0.000209896195672449,2.73302338115168e-07,2.71350178557202e-06,51225321
"121",NA,9,2,10761,246,0.000210071890032666,1.75694360216894e-07,2.45972104303651e-06,51225321
"122",NA,4,1,10765,247,0.000210149976414984,7.80863823186193e-08,2.18641870492134e-06,51225321
"123",NA,9,1,10774,248,0.000210325670775201,1.75694360216894e-07,2.205940300501e-06,51225321
"124",NA,6,2,10780,250,0.000210442800348679,1.17129573477929e-07,2.06928913144341e-06,51225321
"125",NA,13,0,10793,250,0.000210696581091215,2.53780742535513e-07,2.14737551376203e-06,51225321
"126",NA,8,2,10801,252,0.000210852753855852,1.56172764637239e-07,2.08881072702307e-06,51225321
"127",NA,3,2,10804,254,0.000210911318642591,5.85647867389645e-08,1.99120274912479e-06,51225321
"128",NA,2,1,10806,255,0.00021095036183375,3.90431911593097e-08,1.91311636680617e-06,51225321
"129",NA,4,1,10810,256,0.000211028448216069,7.80863823186193e-08,1.79598679332824e-06,51225321
"130",NA,12,0,10822,256,0.000211262707363025,2.34259146955858e-07,1.83502998448755e-06,51225321
"131",NA,18,0,10840,256,0.000211614096083458,3.51388720433787e-07,1.99120274912479e-06,51225321
"132",NA,34,0,10874,256,0.000212277830333167,6.63734249708264e-07,2.38163466071789e-06,51225321
"133",NA,35,0,10909,256,0.000212961086178455,6.83255845287919e-07,2.88919614578892e-06,51225321
"134",NA,27,2,10936,258,0.000213488169259105,5.27083080650681e-07,3.33819284412098e-06,51225321
"135",NA,26,1,10962,259,0.000213995730744176,5.07561485071026e-07,3.67005996897511e-06,51225321
"136",NA,29,1,10991,260,0.000214561857015986,5.6612627180999e-07,4.11905666730717e-06,51225321
"137",NA,27,0,11018,260,0.000215088940096637,5.27083080650681e-07,4.39235900542234e-06,51225321
"138",NA,19,2,11037,262,0.00021545985041265,3.70910316013442e-07,4.60709655679854e-06,51225321
"139",NA,13,0,11050,262,0.000215713631155186,2.53780742535513e-07,4.80231251259509e-06,51225321
"140",NA,15,1,11065,263,0.000216006455088881,2.92823933694823e-07,5.0560932551306e-06,51225321
"141",NA,13,0,11078,263,0.000216260235831416,2.53780742535513e-07,5.2317876153475e-06,51225321
"142",NA,32,0,11110,263,0.000216884926889965,6.24691058548955e-07,5.62221952694059e-06,51225321
"143",NA,12,1,11122,264,0.000217119186036921,2.34259146955858e-07,5.50508995346266e-06,51225321
"144",NA,20,0,11142,264,0.000217509617948514,3.90431911593097e-07,5.2317876153475e-06,51225321
"145",NA,23,2,11165,266,0.000217958614646846,4.48996698332061e-07,4.99752846839164e-06,51225321
"146",NA,25,0,11190,266,0.000218446654536338,4.88039889491371e-07,4.95848527723233e-06,51225321
"147",NA,16,1,11206,267,0.000218759000065612,3.12345529274477e-07,4.76326932143578e-06,51225321
"148",NA,19,2,11225,269,0.000219129910381626,3.70910316013442e-07,4.56805336563923e-06,51225321
"149",NA,40,0,11265,269,0.000219910774204812,7.80863823186193e-07,4.82183410817474e-06,51225321
"150",NA,79,0,11344,269,0.000221452980255604,1.54220605079273e-06,5.99312984295403e-06,51225321
"151",NA,58,0,11402,269,0.000222585232799224,1.13225254361998e-06,6.8716016440385e-06,51225321
"152",NA,39,0,11441,269,0.000223346575026831,7.61342227606539e-07,7.34011993795022e-06,51225321
"153",NA,27,1,11468,270,0.000223873658107482,5.27083080650681e-07,7.61342227606539e-06,51225321
"154",NA,35,1,11503,271,0.00022455691395277,6.83255845287919e-07,7.67198706280435e-06,51225321
"155",NA,38,1,11541,272,0.000225298734584796,7.41820632026884e-07,8.17954854787538e-06,51225321
"156",NA,49,1,11590,273,0.0002262552927682,9.56558183403087e-07,8.74567481968537e-06,51225321
"157",NA,39,0,11629,273,0.000227016634995806,7.61342227606539e-07,9.05802034895984e-06,51225321
"158",NA,39,0,11668,273,0.000227777977223413,7.61342227606539e-07,9.33132268707501e-06,51225321
"159",NA,51,0,11719,273,0.000228773578597975,9.95601374562397e-07,1.00145785323629e-05,51225321
"160",NA,57,0,11776,273,0.000229886309546015,1.11273094804033e-06,1.07563991643898e-05,51225321
"161",NA,38,0,11814,273,0.000230628130178042,7.41820632026884e-07,1.07173559732305e-05,51225321
"162",NA,38,1,11852,274,0.000231369950810069,7.41820632026884e-07,9.91697055446466e-06,51225321
"163",NA,50,2,11902,276,0.000232346030589052,9.76079778982742e-07,9.76079778982742e-06,51225321
"164",NA,45,0,11947,276,0.000233224502390136,8.78471801084468e-07,9.87792736330535e-06,51225321
"165",NA,56,1,12003,277,0.000234317711742597,1.09320935246067e-06,1.04440536351153e-05,51225321
"166",NA,48,0,12051,277,0.00023525474833042,9.37036587823432e-07,1.06978343776508e-05,51225321
"167",NA,33,0,12084,277,0.000235898960984549,6.4421265412861e-07,1.06002263997526e-05,51225321
"168",NA,37,0,12121,277,0.000236621260020996,7.22299036447229e-07,1.03659672527967e-05,51225321
"169",NA,34,1,12155,278,0.000237284994270705,6.63734249708264e-07,1.02683592748984e-05,51225321
"170",NA,43,1,12198,279,0.00023812442288063,8.39428609925158e-07,1.03464456572171e-05,51225321
"171",NA,59,1,12257,280,0.000239276197019829,1.15177413919964e-06,1.05026184218543e-05,51225321
"172",NA,49,0,12306,280,0.000240232755203232,9.56558183403087e-07,1.03464456572171e-05,51225321
"173",NA,67,0,12373,280,0.000241540702107069,1.30794690383687e-06,1.09125719290271e-05,51225321
"174",NA,48,0,12421,280,0.000242477738694893,9.37036587823432e-07,1.11077878848236e-05,51225321
"175",NA,17,0,12438,280,0.000242809605819747,3.31867124854132e-07,1.0463575230695e-05,51225321
"176",NA,46,1,12484,281,0.000243707599216411,8.97993396664122e-07,1.04830968262746e-05,51225321
"177",NA,51,0,12535,281,0.000244703200590973,9.95601374562397e-07,1.03854888483764e-05,51225321
"178",NA,28,1,12563,282,0.000245249805267204,5.46604676230335e-07,9.99505693678328e-06,51225321
"179",NA,39,0,12602,282,0.00024601114749481,7.61342227606539e-07,1.01121865102612e-05,51225321
"180",NA,51,0,12653,282,0.000247006748869373,9.95601374562397e-07,1.03854888483764e-05,51225321
"181",NA,62,0,12715,282,0.000248217087795311,1.2103389259386e-06,1.09320935246067e-05,51225321
"182",NA,42,0,12757,282,0.000249036994809657,8.19907014345503e-07,1.09125719290271e-05,51225321
"183",NA,43,0,12800,282,0.000249876423419582,8.39428609925158e-07,1.06002263997526e-05,51225321
"184",NA,50,0,12850,282,0.000250852503198565,9.76079778982742e-07,1.06197479953322e-05,51225321
"185",NA,54,0,12904,282,0.000251906669359866,1.05416616130136e-06,1.03659672527967e-05,51225321
"186",NA,63,0,12967,282,0.000253136529881384,1.22986052151825e-06,1.06587911864915e-05,51225321
"187",NA,63,1,13030,283,0.000254366390402903,1.22986052151825e-06,1.15567845831557e-05,51225321
"188",NA,61,0,13091,283,0.000255557207733261,1.19081733035894e-06,1.18496085168505e-05,51225321
"189",NA,0,0,13091,283,0.000255557207733261,0,1.08540071422881e-05,51225321
"190",NA,90,2,13181,285,0.00025731415133543,1.75694360216894e-06,1.20643460682267e-05,51225321
"191",NA,63,0,13244,285,0.000258544011856949,1.22986052151825e-06,1.25328643621384e-05,51225321
"192",NA,49,2,13293,287,0.000259500570040352,9.56558183403087e-07,1.24938211709791e-05,51225321
"193",NA,45,1,13338,288,0.000260379041841436,8.78471801084468e-07,1.2161954046125e-05,51225321
"194",NA,35,0,13373,288,0.000261062297686724,6.83255845287919e-07,1.20253028770674e-05,51225321
"195",NA,44,1,13417,289,0.000261921247892229,8.58950205504813e-07,1.2044824472647e-05,51225321
"196",NA,62,0,13479,289,0.000263131586818168,1.2103389259386e-06,1.22790836196029e-05,51225321
"197",NA,33,0,13512,289,0.000263775799472296,6.4421265412861e-07,1.18691301124301e-05,51225321
