"","date","cases","deaths","cum_cases","cum_deaths","cases_active","p_cases","p_cases_daily","p_cases_active","population"
"1","2020/03/17",1,0,1,0,1,2.02536814104016e-07,2.02536814104016e-07,2.02536814104016e-07,4937374
"2","2020/03/18",1,0,2,0,2,4.05073628208031e-07,2.02536814104016e-07,4.05073628208031e-07,4937374
"3","2020/03/19",0,0,2,0,2,4.05073628208031e-07,0,4.05073628208031e-07,4937374
"4","2020/03/20",0,0,2,0,2,4.05073628208031e-07,0,4.05073628208031e-07,4937374
"5","2020/03/21",0,0,2,0,2,4.05073628208031e-07,0,4.05073628208031e-07,4937374
"6","2020/03/22",1,0,3,0,3,6.07610442312047e-07,2.02536814104016e-07,6.07610442312047e-07,4937374
"7","2020/03/23",0,0,3,0,3,6.07610442312047e-07,0,6.07610442312047e-07,4937374
"8","2020/03/24",0,0,3,0,3,6.07610442312047e-07,0,6.07610442312047e-07,4937374
"9","2020/03/25",0,0,3,0,3,6.07610442312047e-07,0,6.07610442312047e-07,4937374
"10","2020/03/26",0,0,3,0,3,6.07610442312047e-07,0,6.07610442312047e-07,4937374
"11","2020/03/27",0,0,3,0,3,6.07610442312047e-07,0,6.07610442312047e-07,4937374
"12","2020/03/28",0,0,3,0,3,6.07610442312047e-07,0,6.07610442312047e-07,4937374
"13","2020/03/29",0,0,3,0,2,6.07610442312047e-07,0,4.05073628208031e-07,4937374
"14","2020/03/30",0,0,3,0,1,6.07610442312047e-07,0,2.02536814104016e-07,4937374
"15","2020/03/31",0,0,3,0,1,6.07610442312047e-07,0,2.02536814104016e-07,4937374
"16","2020/04/01",0,0,3,0,1,6.07610442312047e-07,0,2.02536814104016e-07,4937374
"17","2020/04/02",3,0,6,0,4,1.21522088462409e-06,6.07610442312047e-07,8.10147256416062e-07,4937374
"18","2020/04/03",0,0,6,0,3,1.21522088462409e-06,0,6.07610442312047e-07,4937374
"19","2020/04/04",1,0,7,0,4,1.41775769872811e-06,2.02536814104016e-07,8.10147256416062e-07,4937374
"20","2020/04/05",3,1,10,1,7,2.02536814104016e-06,6.07610442312047e-07,1.41775769872811e-06,4937374
"21","2020/04/06",3,2,13,3,10,2.6329785833522e-06,6.07610442312047e-07,2.02536814104016e-06,4937374
"22","2020/04/07",1,0,14,3,11,2.83551539745622e-06,2.02536814104016e-07,2.22790495514417e-06,4937374
"23","2020/04/08",0,0,14,3,11,2.83551539745622e-06,0,2.22790495514417e-06,4937374
"24","2020/04/09",17,1,31,4,28,6.27864123722448e-06,3.44312583976827e-06,5.67103079491244e-06,4937374
"25","2020/04/10",0,0,31,4,28,6.27864123722448e-06,0,5.67103079491244e-06,4937374
"26","2020/04/11",6,0,37,4,34,7.49386212184858e-06,1.21522088462409e-06,6.88625167953653e-06,4937374
"27","2020/04/12",11,1,48,5,45,9.72176707699275e-06,2.22790495514417e-06,9.1141566346807e-06,4937374
"28","2020/04/13",2,0,50,5,47,1.01268407052008e-05,4.05073628208031e-07,9.51923026288873e-06,4937374
"29","2020/04/14",9,1,59,6,53,1.19496720321369e-05,1.82283132693614e-06,1.07344511475128e-05,4937374
"30","2020/04/15",0,0,59,6,53,1.19496720321369e-05,0,1.07344511475128e-05,4937374
"31","2020/04/16",0,0,59,6,52,1.19496720321369e-05,0,1.05319143334088e-05,4937374
"32","2020/04/17",14,0,73,6,63,1.47851874295931e-05,2.83551539745622e-06,1.2759819288553e-05,4937374
"33","2020/04/18",3,1,76,7,63,1.53927978719052e-05,6.07610442312047e-07,1.2759819288553e-05,4937374
"34","2020/04/19",5,0,81,7,67,1.64054819424253e-05,1.01268407052008e-06,1.3569966544969e-05,4937374
"35","2020/04/20",10,1,91,8,77,1.84308500834654e-05,2.02536814104016e-06,1.55953346860092e-05,4937374
"36","2020/04/21",8,0,99,8,68,2.00511445962975e-05,1.62029451283212e-06,1.37725033590731e-05,4937374
"37","2020/04/22",2,0,101,8,70,2.04562182245056e-05,4.05073628208031e-07,1.41775769872811e-05,4937374
"38","2020/04/23",0,0,101,8,64,2.04562182245056e-05,0,1.2962356102657e-05,4937374
"39","2020/04/24",0,0,101,8,53,2.04562182245056e-05,0,1.07344511475128e-05,4937374
"40","2020/04/25",16,0,117,8,67,2.36968072501698e-05,3.24058902566425e-06,1.3569966544969e-05,4937374
"41","2020/04/26",3,3,120,11,61,2.43044176924819e-05,6.07610442312047e-07,1.2354745660345e-05,4937374
"42","2020/04/27",4,1,124,12,65,2.51145649488979e-05,8.10147256416062e-07,1.3164892916761e-05,4937374
"43","2020/04/28",9,4,133,16,74,2.69373962758341e-05,1.82283132693614e-06,1.49877242436972e-05,4937374
"44","2020/04/29",8,0,141,16,68,2.85576907886662e-05,1.62029451283212e-06,1.37725033590731e-05,4937374
"45","2020/04/30",0,0,141,16,65,2.85576907886662e-05,0,1.3164892916761e-05,4937374
"46","2020/05/01",0,0,141,16,60,2.85576907886662e-05,0,1.21522088462409e-05,4937374
"47","2020/05/02",11,2,152,18,61,3.07855957438104e-05,2.22790495514417e-06,1.2354745660345e-05,4937374
"48","2020/05/03",2,0,154,18,55,3.11906693720184e-05,4.05073628208031e-07,1.11395247757209e-05,4937374
"49","2020/05/04",4,0,158,18,57,3.20008166284345e-05,8.10147256416062e-07,1.15445984039289e-05,4937374
"50","2020/05/05",8,0,166,18,65,3.36211111412666e-05,1.62029451283212e-06,1.3164892916761e-05,4937374
"51","2020/05/06",4,2,170,20,69,3.44312583976827e-05,8.10147256416062e-07,1.39750401731771e-05,4937374
"52","2020/05/07",8,0,178,20,61,3.60515529105148e-05,1.62029451283212e-06,1.2354745660345e-05,4937374
"53","2020/05/08",11,0,189,20,69,3.8279457865659e-05,2.22790495514417e-06,1.39750401731771e-05,4937374
"54","2020/05/09",10,0,199,20,75,4.03048260066991e-05,2.02536814104016e-06,1.51902610578012e-05,4937374
"55","2020/05/10",0,0,199,20,66,4.03048260066991e-05,0,1.3367429730865e-05,4937374
"56","2020/05/11",0,0,199,20,58,4.03048260066991e-05,0,1.17471352180329e-05,4937374
"57","2020/05/12",12,0,211,20,70,4.27352677759473e-05,2.43044176924819e-06,1.41775769872811e-05,4937374
"58","2020/05/13",1,0,212,20,71,4.29378045900513e-05,2.02536814104016e-07,1.43801138013851e-05,4937374
"59","2020/05/14",1,0,213,20,61,4.31403414041553e-05,2.02536814104016e-07,1.2354745660345e-05,4937374
"60","2020/05/15",2,0,215,20,61,4.35454150323634e-05,4.05073628208031e-07,1.2354745660345e-05,4937374
"61","2020/05/16",4,0,219,20,61,4.43555622887794e-05,8.10147256416062e-07,1.2354745660345e-05,4937374
"62","2020/05/17",4,0,223,20,57,4.51657095451955e-05,8.10147256416062e-07,1.15445984039289e-05,4937374
"63","2020/05/18",3,1,226,21,56,4.57733199875075e-05,6.07610442312047e-07,1.13420615898249e-05,4937374
"64","2020/05/19",3,1,229,22,51,4.63809304298196e-05,6.07610442312047e-07,1.03293775193048e-05,4937374
"65","2020/05/20",4,1,233,23,44,4.71910776862356e-05,8.10147256416062e-07,8.91161982057669e-06,4937374
"66","2020/05/21",5,0,238,23,39,4.82037617567557e-05,1.01268407052008e-06,7.89893575005661e-06,4937374
"67","2020/05/22",2,0,240,23,41,4.86088353849637e-05,4.05073628208031e-07,8.30400937826464e-06,4937374
"68","2020/05/23",9,1,249,24,50,5.04316667118999e-05,1.82283132693614e-06,1.01268407052008e-05,4937374
"69","2020/05/24",6,2,255,26,44,5.1646887596524e-05,1.21522088462409e-06,8.91161982057669e-06,4937374
"70","2020/05/25",10,0,265,26,53,5.36722557375641e-05,2.02536814104016e-06,1.07344511475128e-05,4937374
"71","2020/05/26",0,0,265,26,52,5.36722557375641e-05,0,1.05319143334088e-05,4937374
"72","2020/05/27",1,0,266,26,51,5.38747925516682e-05,2.02536814104016e-07,1.03293775193048e-05,4937374
"73","2020/05/28",0,1,266,27,47,5.38747925516682e-05,0,9.51923026288873e-06,4937374
"74","2020/05/29",3,0,269,27,46,5.44824029939802e-05,6.07610442312047e-07,9.31669344878472e-06,4937374
"75","2020/05/30",4,0,273,27,47,5.52925502503963e-05,8.10147256416062e-07,9.51923026288873e-06,4937374
"76","2020/05/31",7,0,280,27,51,5.67103079491244e-05,1.41775769872811e-06,1.03293775193048e-05,4937374
"77","2020/06/01",8,0,288,27,55,5.83306024619565e-05,1.62029451283212e-06,1.11395247757209e-05,4937374
"78","2020/06/02",8,0,296,27,58,5.99508969747886e-05,1.62029451283212e-06,1.17471352180329e-05,4937374
"79","2020/06/03",15,1,311,28,71,6.29889491863489e-05,3.03805221156023e-06,1.43801138013851e-05,4937374
"80","2020/06/04",5,0,316,28,67,6.40016332568689e-05,1.01268407052008e-06,1.3569966544969e-05,4937374
"81","2020/06/05",5,0,321,28,66,6.5014317327389e-05,1.01268407052008e-06,1.3367429730865e-05,4937374
"82","2020/06/06",13,2,334,30,69,6.76472959107412e-05,2.6329785833522e-06,1.39750401731771e-05,4937374
"83","2020/06/07",11,0,345,30,80,6.98752008658854e-05,2.22790495514417e-06,1.62029451283212e-05,4937374
"84","2020/06/08",14,0,359,30,93,7.27107162633416e-05,2.83551539745622e-06,1.88359237116735e-05,4937374
"85","2020/06/09",11,0,370,30,104,7.49386212184858e-05,2.22790495514417e-06,2.10638286668176e-05,4937374
"86","2020/06/10",13,1,383,31,114,7.7571599801838e-05,2.6329785833522e-06,2.30891968078578e-05,4937374
"87","2020/06/11",14,0,397,31,124,8.04071151992942e-05,2.83551539745622e-06,2.51145649488979e-05,4937374
"88","2020/06/12",13,0,410,31,130,8.30400937826464e-05,2.6329785833522e-06,2.6329785833522e-05,4937374
"89","2020/06/13",11,1,421,32,133,8.52679987377906e-05,2.22790495514417e-06,2.69373962758341e-05,4937374
"90","2020/06/14",25,0,446,32,150,9.0331419090391e-05,5.06342035260039e-06,3.03805221156023e-05,4937374
"91","2020/06/15",12,0,458,32,147,9.27618608596391e-05,2.43044176924819e-06,2.97729116732903e-05,4937374
"92","2020/06/16",40,1,498,33,182,0.0001008633334238,8.10147256416062e-06,3.68617001669308e-05,4937374
"93","2020/06/17",11,0,509,33,188,0.000103091238378944,2.22790495514417e-06,3.80769210515549e-05,4937374
"94","2020/06/18",0,0,509,33,175,0.000103091238378944,0,3.54439424682027e-05,4937374
"95","2020/06/19",33,0,542,33,197,0.000109774953244376,6.68371486543252e-06,3.98997523784911e-05,4937374
"96","2020/06/20",39,0,581,33,222,0.000117673888994433,7.89893575005661e-06,4.49631727310915e-05,4937374
"97","2020/06/21",20,0,601,33,231,0.000121724625276513,4.05073628208031e-06,4.67860040580276e-05,4937374
"98","2020/06/22",25,1,626,34,243,0.000126788045629114,5.06342035260039e-06,4.92164458272758e-05,4937374
"99","2020/06/23",24,0,650,34,253,0.00013164892916761,4.86088353849637e-06,5.1241813968316e-05,4937374
"100","2020/06/24",2,0,652,34,242,0.000132054002795818,4.05073628208031e-07,4.90139090131718e-05,4937374
"101","2020/06/25",10,0,662,34,241,0.000134079370936858,2.02536814104016e-06,4.88113721990678e-05,4937374
"102","2020/06/26",19,0,681,34,235,0.000137927570404835,3.8481994679763e-06,4.75961513144437e-05,4937374
"103","2020/06/27",3,0,684,34,226,0.000138535180847147,6.07610442312047e-07,4.57733199875075e-05,4937374
"104","2020/06/28",45,0,729,34,231,0.000147649337481827,9.1141566346807e-06,4.67860040580276e-05,4937374
"105","2020/06/29",39,0,768,34,259,0.000155548273231884,7.89893575005661e-06,5.245703485294e-05,4937374
"106","2020/06/30",2,2,770,36,261,0.000155953346860092,4.05073628208031e-07,5.28621084811481e-05,4937374
"107","2020/07/01",10,0,780,36,238,0.000157978715001132,2.02536814104016e-06,4.82037617567557e-05,4937374
"108","2020/07/02",24,1,804,37,223,0.000162839598539629,4.86088353849637e-06,4.51657095451955e-05,4937374
"109","2020/07/03",15,0,819,37,218,0.000165877650751189,3.03805221156023e-06,4.41530254746754e-05,4937374
"110","2020/07/04",14,0,833,37,207,0.000168713166148645,2.83551539745622e-06,4.19251205195312e-05,4937374
"111","2020/07/05",36,0,869,37,219,0.00017600449145639,7.29132530774456e-06,4.43555622887794e-05,4937374
"112","2020/07/06",5,0,874,37,222,0.00017701717552691,1.01268407052008e-06,4.49631727310915e-05,4937374
"113","2020/07/07",17,2,891,39,229,0.000180460301366678,3.44312583976827e-06,4.63809304298196e-05,4937374
"114","2020/07/08",26,2,917,41,236,0.000185726258533382,5.26595716670441e-06,4.77986881285477e-05,4937374
"115","2020/07/09",9,0,926,41,242,0.000187549089860318,1.82283132693614e-06,4.90139090131718e-05,4937374
"116","2020/07/10",31,1,957,42,228,0.000193827731097543,6.27864123722448e-06,4.61783936157156e-05,4937374
"117","2020/07/11",6,5,963,47,195,0.000195042951982167,1.21522088462409e-06,3.9494678750283e-05,4937374
"118","2020/07/12",35,0,998,47,228,0.000202131740475808,7.08878849364055e-06,4.61783936157156e-05,4937374
"119","2020/07/13",12,4,1010,51,230,0.000204562182245056,2.43044176924819e-06,4.65834672439236e-05,4937374
"120","2020/07/14",14,0,1024,51,220,0.000207397697642512,2.83551539745622e-06,4.45580991028834e-05,4937374
"121","2020/07/15",0,0,1024,51,205,0.000207397697642512,0,4.15200468913232e-05,4937374
"122","2020/07/16",32,15,1056,66,223,0.00021387887569384,6.4811780513285e-06,4.51657095451955e-05,4937374
"123","2020/07/17",14,2,1070,68,201,0.000216714391091297,2.83551539745622e-06,4.07098996349071e-05,4937374
"124","2020/07/18",15,1,1085,69,211,0.000219752443302857,3.03805221156023e-06,4.27352677759473e-05,4937374
"125","2020/07/19",3,1,1088,70,197,0.000220360053745169,6.07610442312047e-07,3.98997523784911e-05,4937374
"126","2020/07/20",3,0,1091,70,174,0.000220967664187481,6.07610442312047e-07,3.52414056540987e-05,4937374
"127","2020/07/21",16,0,1107,70,181,0.000224208253213145,3.24058902566425e-06,3.66591633528268e-05,4937374
"128","2020/07/22",1,0,1108,70,151,0.000224410790027249,2.02536814104016e-07,3.05830589297064e-05,4937374
"129","2020/07/23",6,0,1114,70,151,0.000225626010911873,1.21522088462409e-06,3.05830589297064e-05,4937374
"130","2020/07/24",3,1,1117,71,119,0.000226233621354185,6.07610442312047e-07,2.41018808783779e-05,4937374
"131","2020/07/25",18,0,1135,71,125,0.000229879284008058,3.64566265387228e-06,2.5317101763002e-05,4937374
"132","2020/07/26",20,0,1155,71,131,0.000233930020290138,4.05073628208031e-06,2.6532322647626e-05,4937374
"133","2020/07/27",7,1,1162,72,138,0.000235347777988866,1.41775769872811e-06,2.79500803463542e-05,4937374
"134","2020/07/28",5,0,1167,72,111,0.000236360462059386,1.01268407052008e-06,2.24815863655457e-05,4937374
"135","2020/07/29",10,0,1177,72,107,0.000238385830200426,2.02536814104016e-06,2.16714391091297e-05,4937374
"136","2020/07/30",2,0,1179,72,94,0.000238790903828634,4.05073628208031e-07,1.90384605257775e-05,4937374
"137","2020/07/31",2,1,1181,73,93,0.000239195977456842,4.05073628208031e-07,1.88359237116735e-05,4937374
"138","2020/08/01",5,2,1186,75,95,0.000240208661527363,1.01268407052008e-06,1.92409973398815e-05,4937374
"139","2020/08/02",3,0,1189,75,82,0.000240816271969675,6.07610442312047e-07,1.66080187565293e-05,4937374
"140","2020/08/03",18,2,1207,77,99,0.000244461934623547,3.64566265387228e-06,2.00511445962975e-05,4937374
"141","2020/08/04",7,1,1214,78,100,0.000245879692322275,1.41775769872811e-06,2.02536814104016e-05,4937374
"142","2020/08/05",2,0,1216,78,99,0.000246284765950483,4.05073628208031e-07,2.00511445962975e-05,4937374
"143","2020/08/06",5,0,1221,78,86,0.000247297450021003,1.01268407052008e-06,1.74181660129453e-05,4937374
"144","2020/08/07",3,0,1224,78,69,0.000247905060463315,6.07610442312047e-07,1.39750401731771e-05,4937374
"145","2020/08/08",6,0,1230,78,68,0.000249120281347939,1.21522088462409e-06,1.37725033590731e-05,4937374
"146","2020/08/09",4,1,1234,79,67,0.000249930428604355,8.10147256416062e-07,1.3569966544969e-05,4937374
"147","2020/08/10",3,0,1237,79,60,0.000250538039046667,6.07610442312047e-07,1.21522088462409e-05,4937374
"148","2020/08/11",3,0,1240,79,61,0.000251145649488979,6.07610442312047e-07,1.2354745660345e-05,4937374
"149","2020/08/12",10,2,1250,81,69,0.00025317101763002,2.02536814104016e-06,1.39750401731771e-05,4937374
"150","2020/08/13",2,1,1252,82,66,0.000253576091258228,4.05073628208031e-07,1.3367429730865e-05,4937374
"151","2020/08/14",0,0,1252,82,63,0.000253576091258228,0,1.2759819288553e-05,4937374
"152","2020/08/15",0,0,1252,82,45,0.000253576091258228,0,9.1141566346807e-06,4937374
"153","2020/08/16",5,0,1257,82,43,0.000254588775328748,1.01268407052008e-06,8.70908300647267e-06,4937374
"154","2020/08/17",0,0,1257,82,41,0.000254588775328748,0,8.30400937826464e-06,4937374
"155","2020/08/18",20,0,1277,82,56,0.000258639511610828,4.05073628208031e-06,1.13420615898249e-05,4937374
"156","2020/08/19",5,0,1282,82,58,0.000259652195681348,1.01268407052008e-06,1.17471352180329e-05,4937374
"157","2020/08/20",0,0,1282,82,52,0.000259652195681348,0,1.05319143334088e-05,4937374
"158","2020/08/21",2,0,1284,82,50,0.000260057269309556,4.05073628208031e-07,1.01268407052008e-05,4937374
"159","2020/08/22",1,0,1285,82,48,0.00026025980612366,2.02536814104016e-07,9.72176707699275e-06,4937374
"160","2020/08/23",1,0,1286,82,46,0.000260462342937764,2.02536814104016e-07,9.31669344878472e-06,4937374
"161","2020/08/24",0,0,1286,82,36,0.000260462342937764,0,7.29132530774456e-06,4937374
"162","2020/08/25",4,0,1290,82,38,0.00026127249019418,8.10147256416062e-07,7.69639893595259e-06,4937374
"163","2020/08/26",5,0,1295,82,43,0.0002622851742647,1.01268407052008e-06,8.70908300647267e-06,4937374
"164","2020/08/27",3,0,1298,82,46,0.000262892784707012,6.07610442312047e-07,9.31669344878472e-06,4937374
"165","2020/08/28",0,0,1298,82,41,0.000262892784707012,0,8.30400937826464e-06,4937374
"166","2020/08/29",0,0,1298,82,41,0.000262892784707012,0,8.30400937826464e-06,4937374
"167","2020/08/30",6,0,1304,82,27,0.000264108005591636,1.21522088462409e-06,5.46849398080842e-06,4937374
"168","2020/08/31",0,0,1304,82,22,0.000264108005591636,0,4.45580991028834e-06,4937374
"169","2020/09/01",0,0,1304,82,22,0.000264108005591636,0,4.45580991028834e-06,4937374
"170","2020/09/02",1,0,1305,82,21,0.00026431054240574,2.02536814104016e-07,4.25327309618433e-06,4937374
"171","2020/09/03",0,0,1305,82,20,0.00026431054240574,0,4.05073628208031e-06,4937374
"172","2020/09/04",1,0,1306,82,20,0.000264513079219844,2.02536814104016e-07,4.05073628208031e-06,4937374
"173","2020/09/05",0,0,1306,82,20,0.000264513079219844,0,4.05073628208031e-06,4937374
"174","2020/09/06",0,0,1306,82,16,0.000264513079219844,0,3.24058902566425e-06,4937374
"175","2020/09/07",1,0,1307,82,12,0.000264715616033948,2.02536814104016e-07,2.43044176924819e-06,4937374
"176","2020/09/08",4,0,1311,82,13,0.000265525763290364,8.10147256416062e-07,2.6329785833522e-06,4937374
"177","2020/09/09",0,0,1311,82,13,0.000265525763290364,0,2.6329785833522e-06,4937374
"178","2020/09/10",2,0,1313,82,15,0.000265930836918573,4.05073628208031e-07,3.03805221156023e-06,4937374
"179","2020/09/11",2,0,1315,82,11,0.000266335910546781,4.05073628208031e-07,2.22790495514417e-06,4937374
"180","2020/09/12",0,0,1315,82,11,0.000266335910546781,0,2.22790495514417e-06,4937374
"181","2020/09/13",1,0,1316,82,12,0.000266538447360885,2.02536814104016e-07,2.43044176924819e-06,4937374
"182","2020/09/14",3,0,1319,82,14,0.000267146057803197,6.07610442312047e-07,2.83551539745622e-06,4937374
"183","2020/09/15",2,0,1321,82,16,0.000267551131431405,4.05073628208031e-07,3.24058902566425e-06,4937374
