"","date","cases","deaths","cum_cases","cum_deaths","cases_active","p_cases","p_cases_daily","p_cases_active","population"
"1","2020/03/21",3,0,3,0,3,1.11237567625952e-07,1.11237567625952e-07,1.11237567625952e-07,26969306
"2","2020/03/22",0,0,3,0,3,1.11237567625952e-07,0,1.11237567625952e-07,26969306
"3","2020/03/23",0,0,3,0,3,1.11237567625952e-07,0,1.11237567625952e-07,26969306
"4","2020/03/24",14,0,17,0,17,6.30346216547063e-07,5.1910864892111e-07,6.30346216547063e-07,26969306
"5","2020/03/25",2,0,19,0,19,7.04504594964364e-07,7.41583784173015e-08,7.04504594964364e-07,26969306
"6","2020/03/26",0,0,19,0,19,7.04504594964364e-07,0,7.04504594964364e-07,26969306
"7","2020/03/27",4,0,23,0,23,8.52821351798967e-07,1.48316756834603e-07,8.52821351798967e-07,26969306
"8","2020/03/28",1,0,24,0,24,8.89900541007618e-07,3.70791892086508e-08,8.89900541007618e-07,26969306
"9","2020/03/29",4,0,28,0,28,1.03821729784222e-06,1.48316756834603e-07,1.03821729784222e-06,26969306
"10","2020/03/30",9,0,37,0,37,1.37193000072008e-06,3.33712702877857e-07,1.37193000072008e-06,26969306
"11","2020/03/31",7,0,44,0,44,1.63148432518063e-06,2.59554324460555e-07,1.63148432518063e-06,26969306
"12","2020/04/01",2,0,46,0,46,1.70564270359793e-06,7.41583784173015e-08,1.70564270359793e-06,26969306
"13","2020/04/02",8,0,54,0,51,2.00227621726714e-06,2.96633513669206e-07,1.89103864964119e-06,26969306
"14","2020/04/03",5,0,59,0,56,2.18767216331039e-06,1.85395946043254e-07,2.07643459568444e-06,26969306
"15","2020/04/04",6,0,65,0,62,2.4101472985623e-06,2.22475135251905e-07,2.29890973093635e-06,26969306
"16","2020/04/05",6,0,71,0,54,2.6326224338142e-06,2.22475135251905e-07,2.00227621726714e-06,26969306
"17","2020/04/06",1,0,72,0,53,2.66970162302285e-06,3.70791892086508e-08,1.96519702805849e-06,26969306
"18","2020/04/07",5,0,77,0,58,2.85509756906611e-06,1.85395946043254e-07,2.15059297410174e-06,26969306
"19","2020/04/08",8,0,85,0,62,3.15173108273531e-06,2.96633513669206e-07,2.29890973093635e-06,26969306
"20","2020/04/09",8,0,93,0,69,3.44836459640452e-06,2.96633513669206e-07,2.5584640553969e-06,26969306
"21","2020/04/10",0,0,93,0,65,3.44836459640452e-06,0,2.4101472985623e-06,26969306
"22","2020/04/11",9,0,102,0,65,3.78207729928238e-06,3.33712702877857e-07,2.4101472985623e-06,26969306
"23","2020/04/12",0,0,102,0,58,3.78207729928238e-06,0,2.15059297410174e-06,26969306
"24","2020/04/13",4,0,106,0,60,3.93039405611698e-06,1.48316756834603e-07,2.22475135251905e-06,26969306
"25","2020/04/14",0,0,106,0,52,3.93039405611698e-06,0,1.92811783884984e-06,26969306
"26","2020/04/15",2,0,108,0,49,4.00455243453428e-06,7.41583784173015e-08,1.81688027122389e-06,26969306
"27","2020/04/16",2,0,110,0,45,4.07871081295158e-06,7.41583784173015e-08,1.66856351438928e-06,26969306
"28","2020/04/17",1,0,111,0,40,4.11579000216023e-06,3.70791892086508e-08,1.48316756834603e-06,26969306
"29","2020/04/18",6,0,117,0,45,4.33826513741214e-06,2.22475135251905e-07,1.66856351438928e-06,26969306
"30","2020/04/19",0,0,117,0,40,4.33826513741214e-06,0,1.48316756834603e-06,26969306
"31","2020/04/20",4,0,121,0,36,4.48658189424674e-06,1.48316756834603e-07,1.33485081151143e-06,26969306
"32","2020/04/21",0,0,121,0,28,4.48658189424674e-06,0,1.03821729784222e-06,26969306
"33","2020/04/22",0,0,121,0,28,4.48658189424674e-06,0,1.03821729784222e-06,26969306
"34","2020/04/23",0,0,121,0,19,4.48658189424674e-06,0,7.04504594964364e-07,26969306
"35","2020/04/24",0,0,121,0,19,4.48658189424674e-06,0,7.04504594964364e-07,26969306
"36","2020/04/25",1,0,122,0,16,4.52366108345539e-06,3.70791892086508e-08,5.93267027338412e-07,26969306
"37","2020/04/26",2,0,124,0,18,4.59781946187269e-06,7.41583784173015e-08,6.67425405755714e-07,26969306
"38","2020/04/27",0,0,124,0,16,4.59781946187269e-06,0,5.93267027338412e-07,26969306
"39","2020/04/28",4,0,128,0,18,4.7461362187073e-06,1.48316756834603e-07,6.67425405755714e-07,26969306
"40","2020/04/29",0,0,128,0,17,4.7461362187073e-06,0,6.30346216547063e-07,26969306
"41","2020/04/30",0,0,128,0,11,4.7461362187073e-06,0,4.07871081295158e-07,26969306
"42","2020/05/01",4,0,132,0,15,4.8944529755419e-06,1.48316756834603e-07,5.56187838129761e-07,26969306
"43","2020/05/02",3,0,135,0,14,5.00569054316785e-06,1.11237567625952e-07,5.1910864892111e-07,26969306
"44","2020/05/03",0,0,135,0,14,5.00569054316785e-06,0,5.1910864892111e-07,26969306
"45","2020/05/04",14,0,149,0,28,5.52479919208896e-06,5.1910864892111e-07,1.03821729784222e-06,26969306
"46","2020/05/05",0,0,149,0,28,5.52479919208896e-06,0,1.03821729784222e-06,26969306
"47","2020/05/06",9,0,158,0,37,5.85851189496682e-06,3.33712702877857e-07,1.37193000072008e-06,26969306
"48","2020/05/07",0,0,158,0,36,5.85851189496682e-06,0,1.33485081151143e-06,26969306
"49","2020/05/08",11,0,169,0,45,6.26638297626198e-06,4.07871081295158e-07,1.66856351438928e-06,26969306
"50","2020/05/09",0,0,169,0,45,6.26638297626198e-06,0,1.66856351438928e-06,26969306
"51","2020/05/10",0,0,169,0,41,6.26638297626198e-06,0,1.52024675755468e-06,26969306
"52","2020/05/11",2,0,171,0,43,6.34054135467928e-06,7.41583784173015e-08,1.59440513597198e-06,26969306
"53","2020/05/12",15,0,186,0,58,6.89672919280904e-06,5.56187838129761e-07,2.15059297410174e-06,26969306
"54","2020/05/13",6,0,192,0,60,7.11920432806094e-06,2.22475135251905e-07,2.22475135251905e-06,26969306
"55","2020/05/14",20,0,212,0,77,7.86078811223396e-06,7.41583784173015e-07,2.85509756906611e-06,26969306
"56","2020/05/15",18,0,230,0,95,8.52821351798967e-06,6.67425405755714e-07,3.52252297482182e-06,26969306
"57","2020/05/16",8,0,238,0,89,8.82484703165888e-06,2.96633513669206e-07,3.30004783956992e-06,26969306
"58","2020/05/17",45,0,283,0,134,1.04934105460482e-05,1.66856351438928e-06,4.9686113539592e-06,26969306
"59","2020/05/18",21,1,304,1,146,1.12720735194298e-05,7.78662973381666e-07,5.41356162446301e-06,26969306
"60","2020/05/19",18,0,322,1,164,1.19394989251855e-05,6.67425405755714e-07,6.08098703021872e-06,26969306
"61","2020/05/20",4,1,326,2,157,1.20878156820201e-05,1.48316756834603e-07,5.82143270575817e-06,26969306
"62","2020/05/21",45,0,371,2,202,1.37563791964094e-05,1.66856351438928e-06,7.48999622014745e-06,26969306
"63","2020/05/22",34,0,405,2,236,1.50170716295036e-05,1.26069243309413e-06,8.75068865324158e-06,26969306
"64","2020/05/23",43,0,448,2,277,1.66114767654755e-05,1.59440513597198e-06,1.02709354107963e-05,26969306
"65","2020/05/24",0,0,448,2,262,1.66114767654755e-05,0,9.7147475726665e-06,26969306
"66","2020/05/25",79,0,527,2,335,1.95407327129589e-05,2.92925594748341e-06,1.2421528384898e-05,26969306
"67","2020/05/26",15,0,542,2,330,2.00969205510887e-05,5.56187838129761e-07,1.22361324388547e-05,26969306
"68","2020/05/27",44,0,586,2,356,2.17284048762693e-05,1.63148432518063e-06,1.32001913582797e-05,26969306
"69","2020/05/28",26,0,612,2,374,2.26924637956943e-05,9.6405891942492e-07,1.38676167640354e-05,26969306
"70","2020/05/29",44,0,656,2,373,2.43239481208749e-05,1.63148432518063e-06,1.38305375748267e-05,26969306
"71","2020/05/30",42,3,698,5,394,2.58812740676382e-05,1.55732594676333e-06,1.46092005482084e-05,26969306
"72","2020/05/31",60,1,758,6,436,2.81060254201573e-05,2.22475135251905e-06,1.61665264949717e-05,26969306
"73","2020/06/01",13,0,771,6,445,2.85880548798697e-05,4.8202945971246e-07,1.65002391978496e-05,26969306
"74","2020/06/02",55,0,826,6,455,3.06274102863455e-05,2.03935540647579e-06,1.68710310899361e-05,26969306
"75","2020/06/03",19,0,845,6,440,3.13319148813099e-05,7.04504594964364e-07,1.63148432518063e-05,26969306
"76","2020/06/04",63,0,908,6,460,3.36679038014549e-05,2.335988920145e-06,1.70564270359793e-05,26969306
"77","2020/06/05",49,1,957,7,509,3.54847840726788e-05,1.81688027122389e-06,1.88733073072032e-05,26969306
"78","2020/06/06",18,0,975,7,448,3.61522094784345e-05,6.67425405755714e-07,1.66114767654755e-05,26969306
"79","2020/06/07",51,1,1026,8,484,3.80432481280757e-05,1.89103864964119e-06,1.7946327576987e-05,26969306
"80","2020/06/08",26,1,1052,9,466,3.90073070475006e-05,9.6405891942492e-07,1.72789021712313e-05,26969306
"81","2020/06/09",42,0,1094,9,482,4.05646329942639e-05,1.55732594676333e-06,1.78721691985697e-05,26969306
"82","2020/06/10",44,0,1138,9,482,4.21961173194446e-05,1.63148432518063e-06,1.78721691985697e-05,26969306
"83","2020/06/11",24,1,1162,10,464,4.30860178604522e-05,8.89900541007618e-07,1.7204743792814e-05,26969306
"84","2020/06/12",41,0,1203,10,445,4.46062646180069e-05,1.52024675755468e-06,1.65002391978496e-05,26969306
"85","2020/06/13",27,0,1230,10,459,4.56074027266404e-05,1.00113810863357e-06,1.70193478467707e-05,26969306
"86","2020/06/14",22,0,1252,10,426,4.64231448892307e-05,8.15742162590317e-07,1.57957346028852e-05,26969306
"87","2020/06/15",20,0,1272,10,427,4.71647286734038e-05,7.41583784173015e-07,1.58328137920939e-05,26969306
"88","2020/06/16",18,0,1290,10,382,4.78321540791595e-05,6.67425405755714e-07,1.41642502777046e-05,26969306
"89","2020/06/17",27,2,1317,12,360,4.8833292187793e-05,1.00113810863357e-06,1.33485081151143e-05,26969306
"90","2020/06/18",61,0,1378,12,403,5.10951227295207e-05,2.2618305417277e-06,1.49429132510863e-05,26969306
"91","2020/06/19",25,1,1403,13,377,5.2022102459737e-05,9.26979730216269e-07,1.39788543316613e-05,26969306
"92","2020/06/20",40,0,1443,13,391,5.3505270028083e-05,1.48316756834603e-06,1.44979629805824e-05,26969306
"93","2020/06/21",60,0,1503,13,409,5.57300213806021e-05,2.22475135251905e-06,1.51653883863382e-05,26969306
"94","2020/06/22",93,1,1596,14,458,5.91783859770066e-05,3.44836459640452e-06,1.6982268657562e-05,26969306
"95","2020/06/23",44,1,1640,15,478,6.08098703021872e-05,1.63148432518063e-06,1.77238524417351e-05,26969306
"96","2020/06/24",84,0,1724,15,521,6.39245221957139e-05,3.11465189352666e-06,1.9318257577707e-05,26969306
"97","2020/06/25",63,1,1787,16,557,6.62605111158589e-05,2.335988920145e-06,2.06531083892185e-05,26969306
"98","2020/06/26",42,0,1829,16,577,6.78178370626222e-05,1.55732594676333e-06,2.13946921733915e-05,26969306
"99","2020/06/27",93,0,1922,16,650,7.12662016590267e-05,3.44836459640452e-06,2.4101472985623e-05,26969306
"100","2020/06/28",83,0,2005,16,715,7.43437743633448e-05,3.07757270431801e-06,2.65116202841853e-05,26969306
"101","2020/06/29",73,2,2078,18,761,7.70505551755763e-05,2.70678081223151e-06,2.82172629877832e-05,26969306
"102","2020/06/30",60,2,2138,20,760,7.92753065280953e-05,2.22475135251905e-06,2.81801837985746e-05,26969306
"103","2020/07/01",76,0,2214,20,811,8.20933249079528e-05,2.81801837985746e-06,3.00712224482158e-05,26969306
"104","2020/07/02",89,2,2303,22,860,8.53933727475227e-05,3.30004783956992e-06,3.18881027194396e-05,26969306
"105","2020/07/03",100,2,2403,24,900,8.91012916683878e-05,3.70791892086508e-06,3.33712702877857e-05,26969306
"106","2020/07/04",109,2,2512,26,916,9.31429232921307e-05,4.04163162374293e-06,3.39645373151241e-05,26969306
"107","2020/07/05",216,3,2728,29,1088,0.000101152028161199,8.00910486906856e-06,4.0342157859012e-05,26969306
"108","2020/07/06",0,0,2728,29,1004,0.000101152028161199,0,3.72275059654854e-05,26969306
"109","2020/07/07",522,4,3250,33,1463,0.000120507364928115,1.93553367669157e-05,5.42468538122561e-05,26969306
"110","2020/07/08",222,0,3472,33,1643,0.000128738944932435,8.23158000432047e-06,6.09211078698132e-05,26969306
"111","2020/07/09",101,0,3573,33,1651,0.000132483943042509,3.74499811007373e-06,6.12177413834824e-05,26969306
"112","2020/07/10",209,0,3782,33,1777,0.000140233493587117,7.74955054460801e-06,6.58897192237724e-05,26969306
"113","2020/07/11",361,1,4143,34,2065,0.00015361908089144,1.33855873043229e-05,7.65685257158638e-05,26969306
"114","2020/07/12",435,0,4578,34,2440,0.000169748528197203,1.61294473057631e-05,9.04732216691078e-05,26969306
"115","2020/07/13",289,1,4867,35,2653,0.000180464413878503,1.07158856813001e-05,9.83710889705504e-05,26969306
"116","2020/07/14",213,2,5080,37,2777,0.000188362281179946,7.89786730144261e-06,0.000102968908432423,26969306
"117","2020/07/15",263,2,5343,39,2940,0.000198114107941821,9.75182676187515e-06,0.000109012816273433,26969306
"118","2020/07/16",262,4,5605,43,3093,0.000207828855514487,9.7147475726665e-06,0.000114685932222357,26969306
"119","2020/07/17",484,10,6089,53,3361,0.000225775183091474,1.7946327576987e-05,0.000124623154930275,26969306
"120","2020/07/18",378,1,6467,54,3739,0.000239791116612344,1.401593352087e-05,0.000138639088451145,26969306
"121","2020/07/19",382,1,6849,55,3599,0.000253955366890049,1.41642502777046e-05,0.000133448001961934,26969306
"122","2020/07/20",200,4,7049,59,3577,0.000261371204731779,7.41583784173015e-06,0.000132632259799344,26969306
"123","2020/07/21",104,3,7153,62,3580,0.000265227440409479,3.85623567769968e-06,0.00013274349736697,26969306
"124","2020/07/22",395,3,7548,65,3766,0.000279873720146896,1.4646279737417e-05,0.000139640226559779,26969306
"125","2020/07/23",614,4,8162,69,4019,0.000302640342321007,2.27666221741116e-05,0.000149021261429567,26969306
"126","2020/07/24",219,1,8381,70,3803,0.000310760684757702,8.12034243669451e-06,0.000141012156560499,26969306
"127","2020/07/25",360,6,8741,76,3874,0.000324109192872816,1.33485081151143e-05,0.000143644778994313,26969306
"128","2020/07/26",125,2,8866,78,3786,0.000328744091523898,4.63489865108134e-06,0.000140381810343952,26969306
"129","2020/07/27",429,7,9295,85,3952,0.000344651063694409,1.59069721705112e-05,0.000146536955752588,26969306
"130","2020/07/28",395,6,9690,91,4085,0.000359297343431826,1.4646279737417e-05,0.000151468487917338,26969306
"131","2020/07/29",414,2,10104,93,4015,0.000374648127764207,1.53507843323814e-05,0.000148872944672733,26969306
"132","2020/07/30",213,6,10317,99,3850,0.00038254599506565,7.89786730144261e-06,0.000142754878453305,26969306
"133","2020/07/31",431,6,10748,105,3899,0.000398527125614578,1.59811305489285e-05,0.000144571758724529,26969306
"134","2020/08/01",120,1,10868,106,3819,0.000402976628319616,4.44950270503809e-06,0.000141605423587837,26969306
"135","2020/08/02",405,1,11273,107,4120,0.00041799369994912,1.50170716295036e-05,0.000152766259539641,26969306
"136","2020/08/03",255,7,11528,114,3980,0.000427448893197326,9.45519324820594e-06,0.00014757517305043,26969306
"137","2020/08/04",132,4,11660,118,3498,0.000432343346172868,4.8944529755419e-06,0.00012970300385186,26969306
"138","2020/08/05",235,5,11895,123,3514,0.000441056955636901,8.71360946403293e-06,0.000130296270879199,26969306
"139","2020/08/06",327,4,12222,127,3481,0.00045318185050813,1.21248948712288e-05,0.000129072657635313,26969306
"140","2020/08/07",304,7,12526,134,3660,0.000464453924027559,1.12720735194298e-05,0.000135709832503662,26969306
"141","2020/08/08",182,1,12708,135,3413,0.000471202336463534,6.74841243597444e-06,0.000126551272769125,26969306
"142","2020/08/09",214,6,12922,141,3232,0.000479137282954185,7.93494649065126e-06,0.000119839939522359,26969306
"143","2020/08/10",164,7,13086,148,2982,0.000485218269984404,6.08098703021872e-06,0.000110570142220197,26969306
"144","2020/08/11",116,3,13202,151,2885,0.000489519455932607,4.30118594820349e-06,0.000106973460866957,26969306
"145","2020/08/12",115,1,13317,152,2569,0.000493783562691602,4.26410675899484e-06,9.52564370770238e-05,26969306
"146","2020/08/13",80,4,13397,156,2529,0.000496749897828294,2.96633513669206e-06,9.37732695086778e-05,26969306
"147","2020/08/14",125,6,13522,162,2249,0.000501384796479376,4.63489865108134e-06,8.33910965302555e-05,26969306
"148","2020/08/15",121,2,13643,164,2115,0.000505871378373622,4.48658189424674e-06,7.84224851762963e-05,26969306
"149","2020/08/16",81,2,13724,166,2064,0.000508874792699523,3.00341432590071e-06,7.65314465266552e-05,26969306
"150","2020/08/17",103,4,13827,170,1932,0.000512693949188014,3.81915648849103e-06,7.16369935511133e-05,26969306
"151","2020/08/18",59,1,13886,171,1664,0.000514881621351324,2.18767216331039e-06,6.16997708431949e-05,26969306
"152","2020/08/19",123,2,14009,173,1483,0.000519442361623988,4.56074027266404e-06,5.49884375964291e-05,26969306
"153","2020/08/20",65,0,14074,173,1366,0.000521852508922551,2.4101472985623e-06,5.06501724590169e-05,26969306
"154","2020/08/21",80,4,14154,177,1232,0.000524818844059243,2.96633513669206e-06,4.56815611050577e-05,26969306
"155","2020/08/22",64,1,14218,178,1132,0.000527191912168596,2.37306810935365e-06,4.19736421841926e-05,26969306
"156","2020/08/23",59,0,14277,178,1075,0.000529379584331907,2.18767216331039e-06,3.98601283992996e-05,26969306
"157","2020/08/24",50,0,14327,178,1010,0.000531233543792339,1.85395946043254e-06,3.74499811007373e-05,26969306
"158","2020/08/25",75,0,14402,178,1005,0.000534014482982988,2.78093919064881e-06,3.7264585154694e-05,26969306
"159","2020/08/26",73,0,14475,178,953,0.00053672126379522,2.70678081223151e-06,3.53364673158442e-05,26969306
"160","2020/08/27",79,3,14554,181,911,0.000539650519742703,2.92925594748341e-06,3.37791413690808e-05,26969306
"161","2020/08/28",38,3,14592,184,868,0.000541059528932632,1.40900918992873e-06,3.21847362331089e-05,26969306
"162","2020/08/29",104,3,14696,187,869,0.000544915764610331,3.85623567769968e-06,3.22218154223175e-05,26969306
"163","2020/08/30",95,3,14791,190,905,0.000548438287585153,3.52252297482182e-06,3.35566662338289e-05,26969306
"164","2020/08/31",52,1,14843,191,834,0.000550366405424003,1.92811783884984e-06,3.09240438000147e-05,26969306
"165","2020/09/01",20,1,14863,192,789,0.000551107989208176,7.41583784173015e-07,2.92554802856254e-05,26969306
"166","2020/09/02",94,3,14957,195,803,0.000554593432993789,3.48544378561317e-06,2.97745889345466e-05,26969306
"167","2020/09/03",66,1,15023,196,805,0.00055704065948156,2.44722648777095e-06,2.98487473129639e-05,26969306
"168","2020/09/04",83,1,15106,197,829,0.000560118232185878,3.07757270431801e-06,3.07386478539715e-05,26969306
