"","date","cases","deaths","cum_cases","cum_deaths","cases_active","p_cases","p_cases_daily","p_cases_active","population"
"1","2020/03/17",0,0,0,0,0,0,0,0,54045422
"2","2020/03/24",2,0,2,0,2,3.70059095847193e-08,3.70059095847193e-08,3.70059095847193e-08,54045422
"3","2020/03/25",1,0,3,0,3,5.5508864377079e-08,1.85029547923597e-08,5.5508864377079e-08,54045422
"4","2020/03/26",0,0,3,0,3,5.5508864377079e-08,0,5.5508864377079e-08,54045422
"5","2020/03/27",2,0,5,0,5,9.25147739617983e-08,3.70059095847193e-08,9.25147739617983e-08,54045422
"6","2020/03/28",0,0,5,0,5,9.25147739617983e-08,0,9.25147739617983e-08,54045422
"7","2020/03/29",3,0,8,0,8,1.48023638338877e-07,5.5508864377079e-08,1.48023638338877e-07,54045422
"8","2020/03/30",0,0,8,0,8,1.48023638338877e-07,0,1.48023638338877e-07,54045422
"9","2020/03/31",6,0,14,0,14,2.59041367093035e-07,1.11017728754158e-07,2.59041367093035e-07,54045422
"10","2020/04/01",1,1,15,1,15,2.77544321885395e-07,1.85029547923597e-08,2.77544321885395e-07,54045422
"11","2020/04/02",1,0,16,1,16,2.96047276677754e-07,1.85029547923597e-08,2.96047276677754e-07,54045422
"12","2020/04/03",4,0,20,1,20,3.70059095847193e-07,7.40118191694386e-08,3.70059095847193e-07,54045422
"13","2020/04/04",0,0,20,1,20,3.70059095847193e-07,0,3.70059095847193e-07,54045422
"14","2020/04/05",1,0,21,1,19,3.88562050639553e-07,1.85029547923597e-08,3.51556141054833e-07,54045422
"15","2020/04/06",0,0,21,1,18,3.88562050639553e-07,0,3.33053186262474e-07,54045422
"16","2020/04/07",1,0,22,1,19,4.07065005431912e-07,1.85029547923597e-08,3.51556141054833e-07,54045422
"17","2020/04/08",0,0,22,1,17,4.07065005431912e-07,0,3.14550231470114e-07,54045422
"18","2020/04/09",0,2,22,3,17,4.07065005431912e-07,0,3.14550231470114e-07,54045422
"19","2020/04/10",5,0,27,3,19,4.99579779393711e-07,9.25147739617983e-08,3.51556141054833e-07,54045422
"20","2020/04/11",1,0,28,3,20,5.1808273418607e-07,1.85029547923597e-08,3.70059095847193e-07,54045422
"21","2020/04/12",3,0,31,3,17,5.73591598563149e-07,5.5508864377079e-08,3.14550231470114e-07,54045422
"22","2020/04/13",10,1,41,4,26,7.58621146486746e-07,1.85029547923597e-07,4.81076824601351e-07,54045422
"23","2020/04/14",21,0,62,4,46,1.1471831971263e-06,3.88562050639553e-07,8.51135920448544e-07,54045422
"24","2020/04/15",12,0,74,4,54,1.36921865463461e-06,2.22035457508316e-07,9.99159558787421e-07,54045422
"25","2020/04/16",0,0,74,4,54,1.36921865463461e-06,0,9.99159558787421e-07,54045422
"26","2020/04/17",11,0,85,4,64,1.57275115735057e-06,2.03532502715956e-07,1.18418910671102e-06,54045422
"27","2020/04/18",9,1,94,5,73,1.73927775048181e-06,1.66526593131237e-07,1.35071569984225e-06,54045422
"28","2020/04/19",13,0,107,5,85,1.97981616278248e-06,2.40538412300676e-07,1.57275115735057e-06,54045422
"29","2020/04/20",4,0,111,5,89,2.05382798195192e-06,7.40118191694386e-08,1.64676297652001e-06,54045422
"30","2020/04/21",8,0,119,5,97,2.2018516202908e-06,1.48023638338877e-07,1.79478661485889e-06,54045422
"31","2020/04/22",2,0,121,5,94,2.23885752987552e-06,3.70059095847193e-08,1.73927775048181e-06,54045422
"32","2020/04/23",6,0,127,5,99,2.34987525862968e-06,1.11017728754158e-07,1.83179252444361e-06,54045422
"33","2020/04/24",5,0,132,5,101,2.44239003259147e-06,9.25147739617983e-08,1.86879843402833e-06,54045422
"34","2020/04/25",12,0,144,5,103,2.66442549009979e-06,2.22035457508316e-07,1.90580434361304e-06,54045422
"35","2020/04/26",2,0,146,5,84,2.70143139968451e-06,3.70059095847193e-08,1.55424820255821e-06,54045422
"36","2020/04/27",0,0,146,5,72,2.70143139968451e-06,0,1.3322127450499e-06,54045422
"37","2020/04/28",0,0,146,5,72,2.70143139968451e-06,0,1.3322127450499e-06,54045422
"38","2020/04/29",4,0,150,5,65,2.77544321885395e-06,7.40118191694386e-08,1.20269206150338e-06,54045422
"39","2020/04/30",0,1,150,6,56,2.77544321885395e-06,0,1.03616546837214e-06,54045422
"40","2020/05/01",1,0,151,6,44,2.79394617364631e-06,1.85029547923597e-08,8.14130010863825e-07,54045422
"41","2020/05/02",0,0,151,6,40,2.79394617364631e-06,0,7.40118191694386e-07,54045422
"42","2020/05/03",0,0,151,6,32,2.79394617364631e-06,0,5.92094553355509e-07,54045422
"43","2020/05/04",4,0,155,6,34,2.86795799281575e-06,7.40118191694386e-08,6.29100462940228e-07,54045422
"44","2020/05/05",6,0,161,6,34,2.9789757215699e-06,1.11017728754158e-07,6.29100462940228e-07,54045422
"45","2020/05/06",0,0,161,6,29,2.9789757215699e-06,0,5.3658568897843e-07,54045422
"46","2020/05/07",1,0,162,6,18,2.99747867636226e-06,1.85029547923597e-08,3.33053186262474e-07,54045422
"47","2020/05/08",14,0,176,6,30,3.2565200434553e-06,2.59041367093035e-07,5.5508864377079e-07,54045422
"48","2020/05/09",1,0,177,6,31,3.27502299824766e-06,1.85029547923597e-08,5.73591598563149e-07,54045422
"49","2020/05/10",1,0,178,6,32,3.29352595304002e-06,1.85029547923597e-08,5.92094553355509e-07,54045422
"50","2020/05/11",2,0,180,6,30,3.33053186262474e-06,3.70059095847193e-08,5.5508864377079e-07,54045422
"51","2020/05/12",0,0,180,6,30,3.33053186262474e-06,0,5.5508864377079e-07,54045422
"52","2020/05/13",0,0,180,6,29,3.33053186262474e-06,0,5.3658568897843e-07,54045422
"53","2020/05/14",1,0,181,6,30,3.3490348174171e-06,1.85029547923597e-08,5.5508864377079e-07,54045422
"54","2020/05/15",0,0,181,6,30,3.3490348174171e-06,0,5.5508864377079e-07,54045422
"55","2020/05/16",1,0,182,6,27,3.36753777220946e-06,1.85029547923597e-08,4.99579779393711e-07,54045422
"56","2020/05/17",0,0,182,6,21,3.36753777220946e-06,0,3.88562050639553e-07,54045422
"57","2020/05/18",5,0,187,6,26,3.46005254617126e-06,9.25147739617983e-08,4.81076824601351e-07,54045422
"58","2020/05/19",4,0,191,6,29,3.53406436534069e-06,7.40118191694386e-08,5.3658568897843e-07,54045422
"59","2020/05/20",2,0,193,6,17,3.57107027492541e-06,3.70059095847193e-08,3.14550231470114e-07,54045422
"60","2020/05/21",6,0,199,6,22,3.68208800367957e-06,1.11017728754158e-07,4.07065005431912e-07,54045422
"61","2020/05/22",0,0,199,6,21,3.68208800367957e-06,0,3.88562050639553e-07,54045422
"62","2020/05/23",2,0,201,6,21,3.71909391326429e-06,3.70059095847193e-08,3.88562050639553e-07,54045422
"63","2020/05/24",0,0,201,6,21,3.71909391326429e-06,0,3.88562050639553e-07,54045422
"64","2020/05/25",0,0,201,6,21,3.71909391326429e-06,0,3.88562050639553e-07,54045422
"65","2020/05/26",2,0,203,6,22,3.75609982284901e-06,3.70059095847193e-08,4.07065005431912e-07,54045422
"66","2020/05/27",3,0,206,6,25,3.81160868722609e-06,5.5508864377079e-08,4.62573869808991e-07,54045422
"67","2020/05/28",0,0,206,6,24,3.81160868722609e-06,0,4.44070915016632e-07,54045422
"68","2020/05/29",0,0,206,6,24,3.81160868722609e-06,0,4.44070915016632e-07,54045422
"69","2020/05/30",18,0,224,6,37,4.14466187348856e-06,3.33053186262474e-07,6.84609327317307e-07,54045422
"70","2020/05/31",0,0,224,6,33,4.14466187348856e-06,0,6.10597508147869e-07,54045422
"71","2020/06/01",4,0,228,6,35,4.218673692658e-06,7.40118191694386e-08,6.47603417732588e-07,54045422
"72","2020/06/02",0,0,228,6,29,4.218673692658e-06,0,5.3658568897843e-07,54045422
"73","2020/06/03",5,0,233,6,34,4.3111884666198e-06,9.25147739617983e-08,6.29100462940228e-07,54045422
"74","2020/06/04",1,0,234,6,33,4.32969142141216e-06,1.85029547923597e-08,6.10597508147869e-07,54045422
"75","2020/06/05",2,0,236,6,35,4.36669733099688e-06,3.70059095847193e-08,6.47603417732588e-07,54045422
"76","2020/06/06",0,0,236,6,35,4.36669733099688e-06,0,6.47603417732588e-07,54045422
"77","2020/06/07",4,0,240,6,37,4.44070915016632e-06,7.40118191694386e-08,6.84609327317307e-07,54045422
"78","2020/06/08",3,0,243,6,37,4.4962180145434e-06,5.5508864377079e-08,6.84609327317307e-07,54045422
"79","2020/06/09",1,0,244,6,38,4.51472096933576e-06,1.85029547923597e-08,7.03112282109667e-07,54045422
"80","2020/06/10",2,0,246,6,40,4.55172687892048e-06,3.70059095847193e-08,7.40118191694386e-07,54045422
"81","2020/06/11",3,0,249,6,25,4.60723574329755e-06,5.5508864377079e-08,4.62573869808991e-07,54045422
"82","2020/06/12",12,0,261,6,37,4.82927120080587e-06,2.22035457508316e-07,6.84609327317307e-07,54045422
"83","2020/06/13",0,0,261,6,33,4.82927120080587e-06,0,6.10597508147869e-07,54045422
"84","2020/06/14",0,0,261,6,33,4.82927120080587e-06,0,6.10597508147869e-07,54045422
"85","2020/06/15",1,0,262,6,29,4.84777415559823e-06,1.85029547923597e-08,5.3658568897843e-07,54045422
"86","2020/06/16",0,0,262,6,28,4.84777415559823e-06,0,5.1808273418607e-07,54045422
"87","2020/06/17",0,0,262,6,26,4.84777415559823e-06,0,4.81076824601351e-07,54045422
"88","2020/06/18",1,0,263,6,27,4.86627711039059e-06,1.85029547923597e-08,4.99579779393711e-07,54045422
"89","2020/06/19",23,0,286,6,46,5.29184507061486e-06,4.25567960224272e-07,8.51135920448544e-07,54045422
"90","2020/06/20",0,0,286,6,43,5.29184507061486e-06,0,7.95627056071465e-07,54045422
"91","2020/06/21",1,0,287,6,43,5.31034802540722e-06,1.85029547923597e-08,7.95627056071465e-07,54045422
"92","2020/06/22",3,0,290,6,44,5.3658568897843e-06,5.5508864377079e-08,8.14130010863825e-07,54045422
"93","2020/06/23",1,0,291,6,42,5.38435984457666e-06,1.85029547923597e-08,7.77124101279106e-07,54045422
"94","2020/06/24",1,0,292,6,31,5.40286279936902e-06,1.85029547923597e-08,5.73591598563149e-07,54045422
"95","2020/06/25",1,0,293,6,32,5.42136575416138e-06,1.85029547923597e-08,5.92094553355509e-07,54045422
"96","2020/06/26",0,0,293,6,32,5.42136575416138e-06,0,5.92094553355509e-07,54045422
"97","2020/06/27",0,0,293,6,31,5.42136575416138e-06,0,5.73591598563149e-07,54045422
"98","2020/06/28",3,0,296,6,34,5.47687461853846e-06,5.5508864377079e-08,6.29100462940228e-07,54045422
"99","2020/06/29",3,0,299,6,37,5.53238348291554e-06,5.5508864377079e-08,6.84609327317307e-07,54045422
"100","2020/06/30",0,0,299,6,36,5.53238348291554e-06,0,6.66106372524948e-07,54045422
"101","2020/07/01",0,0,299,6,13,5.53238348291554e-06,0,2.40538412300676e-07,54045422
"102","2020/07/02",5,0,304,6,18,5.62489825687734e-06,9.25147739617983e-08,3.33053186262474e-07,54045422
"103","2020/07/03",0,0,304,6,17,5.62489825687734e-06,0,3.14550231470114e-07,54045422
"104","2020/07/04",2,0,306,6,16,5.66190416646205e-06,3.70059095847193e-08,2.96047276677754e-07,54045422
"105","2020/07/05",7,0,313,6,22,5.79142485000857e-06,1.29520683546518e-07,4.07065005431912e-07,54045422
"106","2020/07/06",0,0,313,6,21,5.79142485000857e-06,0,3.88562050639553e-07,54045422
"107","2020/07/07",3,0,316,6,23,5.84693371438565e-06,5.5508864377079e-08,4.25567960224272e-07,54045422
"108","2020/07/08",0,0,316,6,23,5.84693371438565e-06,0,4.25567960224272e-07,54045422
"109","2020/07/09",2,0,318,6,25,5.88393962397037e-06,3.70059095847193e-08,4.62573869808991e-07,54045422
"110","2020/07/10",3,0,321,6,25,5.93944848834745e-06,5.5508864377079e-08,4.62573869808991e-07,54045422
"111","2020/07/11",5,0,326,6,27,6.03196326230925e-06,9.25147739617983e-08,4.99579779393711e-07,54045422
"112","2020/07/12",4,0,330,6,31,6.10597508147869e-06,7.40118191694386e-08,5.73591598563149e-07,54045422
"113","2020/07/13",1,0,331,6,32,6.12447803627105e-06,1.85029547923597e-08,5.92094553355509e-07,54045422
"114","2020/07/14",5,0,336,6,32,6.21699281023284e-06,9.25147739617983e-08,5.92094553355509e-07,54045422
"115","2020/07/15",1,0,337,6,33,6.2354957650252e-06,1.85029547923597e-08,6.10597508147869e-07,54045422
"116","2020/07/16",0,0,337,6,31,6.2354957650252e-06,0,5.73591598563149e-07,54045422
"117","2020/07/17",2,0,339,6,26,6.27250167460992e-06,3.70059095847193e-08,4.81076824601351e-07,54045422
"118","2020/07/18",0,0,339,6,26,6.27250167460992e-06,0,4.81076824601351e-07,54045422
"119","2020/07/19",2,0,341,6,25,6.30950758419464e-06,3.70059095847193e-08,4.62573869808991e-07,54045422
"120","2020/07/20",0,0,341,6,25,6.30950758419464e-06,0,4.62573869808991e-07,54045422
"121","2020/07/21",0,0,341,6,23,6.30950758419464e-06,0,4.25567960224272e-07,54045422
"122","2020/07/22",0,0,341,6,20,6.30950758419464e-06,0,3.70059095847193e-07,54045422
"123","2020/07/23",2,0,343,6,17,6.34651349377936e-06,3.70059095847193e-08,3.14550231470114e-07,54045422
"124","2020/07/24",0,0,343,6,13,6.34651349377936e-06,0,2.40538412300676e-07,54045422
"125","2020/07/25",3,0,346,6,15,6.40202235815644e-06,5.5508864377079e-08,2.77544321885395e-07,54045422
"126","2020/07/26",3,0,349,6,13,6.45753122253352e-06,5.5508864377079e-08,2.40538412300676e-07,54045422
"127","2020/07/27",1,0,350,6,13,6.47603417732588e-06,1.85029547923597e-08,2.40538412300676e-07,54045422
"128","2020/07/28",0,0,350,6,13,6.47603417732588e-06,0,2.40538412300676e-07,54045422
"129","2020/07/29",1,0,351,6,12,6.49453713211824e-06,1.85029547923597e-08,2.22035457508316e-07,54045422
"130","2020/07/30",2,0,353,6,14,6.53154304170296e-06,3.70059095847193e-08,2.59041367093035e-07,54045422
"131","2020/07/31",0,0,353,6,12,6.53154304170296e-06,0,2.22035457508316e-07,54045422
"132","2020/08/01",0,0,353,6,12,6.53154304170296e-06,0,2.22035457508316e-07,54045422
"133","2020/08/02",0,0,353,6,12,6.53154304170296e-06,0,2.22035457508316e-07,54045422
"134","2020/08/03",0,0,353,6,12,6.53154304170296e-06,0,2.22035457508316e-07,54045422
"135","2020/08/04",2,0,355,6,12,6.56854895128768e-06,3.70059095847193e-08,2.22035457508316e-07,54045422
"136","2020/08/05",1,0,356,6,13,6.58705190608004e-06,1.85029547923597e-08,2.40538412300676e-07,54045422
"137","2020/08/06",1,0,357,6,11,6.6055548608724e-06,1.85029547923597e-08,2.03532502715956e-07,54045422
"138","2020/08/07",2,0,359,6,10,6.64256077045712e-06,3.70059095847193e-08,1.85029547923597e-07,54045422
"139","2020/08/08",0,0,359,6,9,6.64256077045712e-06,0,1.66526593131237e-07,54045422
"140","2020/08/09",0,0,359,6,9,6.64256077045712e-06,0,1.66526593131237e-07,54045422
"141","2020/08/10",1,0,360,6,9,6.66106372524948e-06,1.85029547923597e-08,1.66526593131237e-07,54045422
"142","2020/08/11",0,0,360,6,7,6.66106372524948e-06,0,1.29520683546518e-07,54045422
"143","2020/08/12",0,0,360,6,7,6.66106372524948e-06,0,1.29520683546518e-07,54045422
"144","2020/08/13",1,0,361,6,8,6.67956668004184e-06,1.85029547923597e-08,1.48023638338877e-07,54045422
"145","2020/08/14",8,0,369,6,16,6.82759031838071e-06,1.48023638338877e-07,2.96047276677754e-07,54045422
"146","2020/08/15",5,0,374,6,21,6.92010509234251e-06,9.25147739617983e-08,3.88562050639553e-07,54045422
"147","2020/08/16",0,0,374,6,19,6.92010509234251e-06,0,3.51556141054833e-07,54045422
"148","2020/08/17",1,0,375,6,19,6.93860804713487e-06,1.85029547923597e-08,3.51556141054833e-07,54045422
"149","2020/08/18",1,0,376,6,19,6.95711100192723e-06,1.85029547923597e-08,3.51556141054833e-07,54045422
"150","2020/08/19",3,0,379,6,20,7.01261986630431e-06,5.5508864377079e-08,3.70059095847193e-07,54045422
"151","2020/08/20",17,0,396,6,37,7.32717009777442e-06,3.14550231470114e-07,6.84609327317307e-07,54045422
"152","2020/08/21",13,0,409,6,50,7.5677085100751e-06,2.40538412300676e-07,9.25147739617983e-07,54045422
"153","2020/08/22",26,0,435,6,75,8.04878533467645e-06,4.81076824601351e-07,1.38772160942697e-06,54045422
"154","2020/08/23",9,0,444,6,84,8.21531192780769e-06,1.66526593131237e-07,1.55424820255821e-06,54045422
"155","2020/08/24",19,0,463,6,103,8.56686806886252e-06,3.51556141054833e-07,1.90580434361304e-06,54045422
"156","2020/08/25",11,0,474,6,113,8.77040057157848e-06,2.03532502715956e-07,2.09083389153664e-06,54045422
"157","2020/08/26",30,0,504,6,135,9.32548921534927e-06,5.5508864377079e-07,2.49789889696855e-06,54045422
"158","2020/08/27",82,0,586,6,212,1.08427315083228e-05,1.51724229297349e-06,3.92262641598025e-06,54045422
"159","2020/08/28",42,0,628,6,254,1.16198556096019e-05,7.77124101279106e-07,4.69975051725935e-06,54045422
"160","2020/08/29",28,0,656,6,281,1.21379383437879e-05,5.1808273418607e-07,5.19933029665306e-06,54045422
"161","2020/08/30",93,0,749,6,373,1.38587131394774e-05,1.72077479568945e-06,6.90160213755015e-06,54045422
"162","2020/08/31",38,0,787,6,408,1.4561825421587e-05,7.03112282109667e-07,7.54920555528274e-06,54045422
"163","2020/09/01",100,0,887,6,491,1.6412120900823e-05,1.85029547923597e-06,9.08495080304859e-06,54045422
"164","2020/09/02",51,0,938,6,529,1.73557715952334e-05,9.43650694410343e-07,9.78806308515826e-06,54045422
"165","2020/09/03",120,0,1058,6,623,1.95761261703165e-05,2.22035457508316e-06,1.15273408356401e-05,54045422
"166","2020/09/04",75,1,1133,7,689,2.09638477797435e-05,1.38772160942697e-06,1.27485358519358e-05,54045422
"167","2020/09/05",83,0,1216,7,753,2.24995930275093e-05,1.53574524776585e-06,1.39327249586468e-05,54045422
"168","2020/09/06",103,1,1319,8,845,2.44053973711224e-05,1.90580434361304e-06,1.56349967995439e-05,54045422
"169","2020/09/07",145,0,1464,8,960,2.70883258160145e-05,2.68292844489215e-06,1.77628366006653e-05,54045422
"170","2020/09/08",146,0,1610,8,1024,2.9789757215699e-05,2.70143139968451e-06,1.89470257073763e-05,54045422
