"","date","cases","deaths","cum_cases","cum_deaths","cases_active","p_cases","p_cases_daily","p_cases_active","population"
"1","2020/03/15",1,0,1,0,1,2.20960391082215e-07,2.20960391082215e-07,2.20960391082215e-07,4525698
"2","2020/03/16",0,0,1,0,1,2.20960391082215e-07,0,2.20960391082215e-07,4525698
"3","2020/03/17",0,0,1,0,1,2.20960391082215e-07,0,2.20960391082215e-07,4525698
"4","2020/03/18",0,0,1,0,1,2.20960391082215e-07,0,2.20960391082215e-07,4525698
"5","2020/03/19",0,0,1,0,1,2.20960391082215e-07,0,2.20960391082215e-07,4525698
"6","2020/03/20",1,0,2,0,2,4.41920782164431e-07,2.20960391082215e-07,4.41920782164431e-07,4525698
"7","2020/03/21",0,0,2,0,2,4.41920782164431e-07,0,4.41920782164431e-07,4525698
"8","2020/03/22",0,0,2,0,2,4.41920782164431e-07,0,4.41920782164431e-07,4525698
"9","2020/03/23",0,0,2,0,2,4.41920782164431e-07,0,4.41920782164431e-07,4525698
"10","2020/03/24",0,0,2,0,2,4.41920782164431e-07,0,4.41920782164431e-07,4525698
"11","2020/03/25",0,0,2,0,2,4.41920782164431e-07,0,4.41920782164431e-07,4525698
"12","2020/03/26",0,0,2,0,2,4.41920782164431e-07,0,4.41920782164431e-07,4525698
"13","2020/03/27",1,0,3,0,2,6.62881173246646e-07,2.20960391082215e-07,4.41920782164431e-07,4525698
"14","2020/03/28",0,0,3,0,2,6.62881173246646e-07,0,4.41920782164431e-07,4525698
"15","2020/03/29",2,0,5,0,4,1.10480195541108e-06,4.41920782164431e-07,8.83841564328862e-07,4525698
"16","2020/03/30",0,0,5,0,4,1.10480195541108e-06,0,8.83841564328862e-07,4525698
"17","2020/03/31",0,0,5,0,4,1.10480195541108e-06,0,8.83841564328862e-07,4525698
"18","2020/04/01",0,0,5,0,3,1.10480195541108e-06,0,6.62881173246646e-07,4525698
"19","2020/04/02",0,0,5,0,3,1.10480195541108e-06,0,6.62881173246646e-07,4525698
"20","2020/04/03",1,1,6,1,4,1.32576234649329e-06,2.20960391082215e-07,8.83841564328862e-07,4525698
"21","2020/04/04",0,0,6,1,4,1.32576234649329e-06,0,8.83841564328862e-07,4525698
"22","2020/04/05",0,0,6,1,4,1.32576234649329e-06,0,8.83841564328862e-07,4525698
"23","2020/04/06",0,0,6,1,4,1.32576234649329e-06,0,8.83841564328862e-07,4525698
"24","2020/04/07",0,0,6,1,4,1.32576234649329e-06,0,8.83841564328862e-07,4525698
"25","2020/04/08",0,0,6,1,3,1.32576234649329e-06,0,6.62881173246646e-07,4525698
"26","2020/04/09",0,0,6,1,3,1.32576234649329e-06,0,6.62881173246646e-07,4525698
"27","2020/04/10",1,0,7,1,2,1.54672273757551e-06,2.20960391082215e-07,4.41920782164431e-07,4525698
"28","2020/04/11",0,0,7,1,2,1.54672273757551e-06,0,4.41920782164431e-07,4525698
"29","2020/04/12",0,0,7,1,2,1.54672273757551e-06,0,4.41920782164431e-07,4525698
"30","2020/04/13",0,0,7,1,2,1.54672273757551e-06,0,4.41920782164431e-07,4525698
"31","2020/04/14",0,0,7,1,2,1.54672273757551e-06,0,4.41920782164431e-07,4525698
"32","2020/04/15",0,0,7,1,1,1.54672273757551e-06,0,2.20960391082215e-07,4525698
"33","2020/04/16",0,0,7,1,1,1.54672273757551e-06,0,2.20960391082215e-07,4525698
"34","2020/04/17",0,0,7,1,1,1.54672273757551e-06,0,2.20960391082215e-07,4525698
"35","2020/04/18",0,0,7,1,1,1.54672273757551e-06,0,2.20960391082215e-07,4525698
"36","2020/04/19",0,0,7,1,1,1.54672273757551e-06,0,2.20960391082215e-07,4525698
"37","2020/04/20",0,0,7,1,1,1.54672273757551e-06,0,2.20960391082215e-07,4525698
"38","2020/04/21",0,0,7,1,1,1.54672273757551e-06,0,2.20960391082215e-07,4525698
"39","2020/04/22",0,0,7,1,0,1.54672273757551e-06,0,0,4525698
"40","2020/04/23",0,0,7,1,0,1.54672273757551e-06,0,0,4525698
"41","2020/04/24",0,0,7,1,0,1.54672273757551e-06,0,0,4525698
"42","2020/04/25",0,0,7,1,0,1.54672273757551e-06,0,0,4525698
"43","2020/04/26",0,0,7,1,0,1.54672273757551e-06,0,0,4525698
"44","2020/04/27",0,0,7,1,0,1.54672273757551e-06,0,0,4525698
"45","2020/04/28",0,0,7,1,0,1.54672273757551e-06,0,0,4525698
"46","2020/04/29",0,0,7,1,0,1.54672273757551e-06,0,0,4525698
"47","2020/04/30",0,0,7,1,0,1.54672273757551e-06,0,0,4525698
"48","2020/05/01",1,0,8,1,1,1.76768312865772e-06,2.20960391082215e-07,2.20960391082215e-07,4525698
"49","2020/05/02",0,0,8,1,1,1.76768312865772e-06,0,2.20960391082215e-07,4525698
"50","2020/05/03",0,0,8,1,1,1.76768312865772e-06,0,2.20960391082215e-07,4525698
"51","2020/05/04",0,0,8,1,1,1.76768312865772e-06,0,2.20960391082215e-07,4525698
"52","2020/05/05",0,0,8,1,1,1.76768312865772e-06,0,2.20960391082215e-07,4525698
"53","2020/05/06",0,0,8,1,1,1.76768312865772e-06,0,2.20960391082215e-07,4525698
"54","2020/05/07",0,0,8,1,1,1.76768312865772e-06,0,2.20960391082215e-07,4525698
"55","2020/05/08",0,0,8,1,1,1.76768312865772e-06,0,2.20960391082215e-07,4525698
"56","2020/05/09",0,0,8,1,1,1.76768312865772e-06,0,2.20960391082215e-07,4525698
"57","2020/05/10",0,0,8,1,1,1.76768312865772e-06,0,2.20960391082215e-07,4525698
"58","2020/05/11",0,0,8,1,1,1.76768312865772e-06,0,2.20960391082215e-07,4525698
"59","2020/05/12",0,0,8,1,1,1.76768312865772e-06,0,2.20960391082215e-07,4525698
"60","2020/05/13",0,0,8,1,0,1.76768312865772e-06,0,0,4525698
"61","2020/05/14",1,1,9,2,1,1.98864351973994e-06,2.20960391082215e-07,2.20960391082215e-07,4525698
"62","2020/05/15",7,0,16,2,8,3.53536625731545e-06,1.54672273757551e-06,1.76768312865772e-06,4525698
"63","2020/05/16",13,1,29,3,21,6.40785134138425e-06,2.8724850840688e-06,4.64016821272652e-06,4525698
"64","2020/05/17",0,0,29,3,21,6.40785134138425e-06,0,4.64016821272652e-06,4525698
"65","2020/05/18",33,1,62,4,54,1.36995442470974e-05,7.29169290571311e-06,1.19318611184396e-05,4525698
"66","2020/05/19",19,0,81,4,73,1.78977916776594e-05,4.19824743056209e-06,1.61301085490017e-05,4525698
"67","2020/05/20",0,0,81,4,73,1.78977916776594e-05,0,1.61301085490017e-05,4525698
"68","2020/05/21",50,0,131,4,123,2.89458112317702e-05,1.10480195541108e-05,2.71781281031125e-05,4525698
"69","2020/05/22",42,1,173,5,165,3.82261476572233e-05,9.28033642545305e-06,3.64584645285655e-05,4525698
"70","2020/05/23",0,0,173,5,165,3.82261476572233e-05,0,3.64584645285655e-05,4525698
"71","2020/05/24",54,1,227,6,219,5.01580087756629e-05,1.19318611184396e-05,4.83903256470052e-05,4525698
"72","2020/05/25",10,0,237,6,229,5.2367612686485e-05,2.20960391082215e-06,5.05999295578273e-05,4525698
"73","2020/05/26",0,0,237,6,228,5.2367612686485e-05,0,5.03789691667451e-05,4525698
"74","2020/05/27",25,3,262,9,246,5.78916224635404e-05,5.52400977705538e-06,5.4356256206225e-05,4525698
"75","2020/05/28",30,7,292,16,263,6.45204341960069e-05,6.62881173246646e-06,5.81125828546226e-05,4525698
"76","2020/05/29",0,0,292,16,263,6.45204341960069e-05,0,5.81125828546226e-05,4525698
"77","2020/05/30",131,4,423,20,361,9.34662454277771e-05,2.89458112317702e-05,7.97667011806798e-05,4525698
"78","2020/05/31",60,1,483,21,402,0.00010672386889271,1.32576234649329e-05,8.88260772150506e-05,4525698
"79","2020/06/01",47,2,530,23,449,0.000117109007273574,1.03851383808641e-05,9.92112155959147e-05,4525698
"80","2020/06/02",0,0,530,23,399,0.000117109007273574,0,8.81631960418039e-05,4525698
"81","2020/06/03",138,8,668,31,495,0.00014760154124292,3.04925339693457e-05,0.000109375393585697,4525698
"82","2020/06/04",0,0,668,31,495,0.00014760154124292,0,0.000109375393585697,4525698
"83","2020/06/05",116,8,784,39,557,0.000173232946608457,2.5631405365537e-05,0.000123074937832794,4525698
"84","2020/06/06",99,4,883,43,646,0.000195108025325596,2.18750787171393e-05,0.000142740412639111,4525698
"85","2020/06/07",64,0,947,43,710,0.000209249490354858,1.41414650292618e-05,0.000156881877668373,4525698
"86","2020/06/08",0,0,947,43,685,0.000209249490354858,0,0.000151357867891318,4525698
"87","2020/06/09",0,0,947,43,655,0.000209249490354858,0,0.000144729056158851,4525698
"88","2020/06/10",215,18,1162,61,870,0.000256755974437534,4.75064840826763e-05,0.000192235540241527,4525698
"89","2020/06/11",0,0,1162,61,739,0.000256755974437534,0,0.000163289729009757,4525698
"90","2020/06/12",0,0,1162,61,679,0.000256755974437534,0,0.000150032105544824,4525698
"91","2020/06/13",277,13,1439,74,909,0.000317962002767308,6.12060283297737e-05,0.000200852995493734,4525698
"92","2020/06/14",0,0,1439,74,909,0.000317962002767308,0,0.000200852995493734,4525698
"93","2020/06/15",344,13,1783,87,1115,0.00039397237729959,7.60103745322821e-05,0.00024637083605667,4525698
"94","2020/06/16",104,4,1887,91,1219,0.00041695225797214,2.29798806725504e-05,0.000269350716729221,4525698
"95","2020/06/17",170,2,2057,93,1273,0.000454515524456117,3.75632664839766e-05,0.00028128257784766,4525698
"96","2020/06/18",0,0,2057,93,1174,0.000454515524456117,0,0.000259407499130521,4525698
"97","2020/06/19",166,2,2223,95,1276,0.000491194949375765,3.66794249196478e-05,0.000281945459020907,4525698
"98","2020/06/20",0,0,2223,95,1276,0.000491194949375765,0,0.000281945459020907,4525698
"99","2020/06/21",590,13,2813,108,1866,0.000621561580114272,0.000130366630738507,0.000412312089759414,4525698
"100","2020/06/22",0,0,2813,108,1651,0.000621561580114272,0,0.000364805605676738,4525698
"101","2020/06/23",171,3,2984,111,1822,0.000659345806989331,3.77842268750588e-05,0.000402589832551796,4525698
"102","2020/06/24",0,0,2984,111,1822,0.000659345806989331,0,0.000402589832551796,4525698
"103","2020/06/25",308,3,3292,114,1853,0.000727401607442653,6.80558004533223e-05,0.000409439604675345,4525698
"104","2020/06/26",447,5,3739,119,2300,0.000826170902256403,9.87692948137503e-05,0.000508208899489095,4525698
"105","2020/06/27",0,0,3739,119,1956,0.000826170902256403,0,0.000432198524956813,4525698
"106","2020/06/28",168,1,3907,120,2020,0.000863292247958215,3.71213457018122e-05,0.000446339989986075,4525698
"107","2020/06/29",0,0,3907,120,1850,0.000863292247958215,0,0.000408776723502098,4525698
"108","2020/06/30",242,6,4149,126,2092,0.000916764662600112,5.34724146418961e-05,0.000462249138143995,4525698
"109","2020/07/01",0,0,4149,126,1926,0.000916764662600112,0,0.000425569713224347,4525698
"110","2020/07/02",0,0,4149,126,1926,0.000916764662600112,0,0.000425569713224347,4525698
"111","2020/07/03",323,3,4472,129,1659,0.000988134868919667,7.13702063195556e-05,0.000366573288805395,4525698
"112","2020/07/04",0,0,4472,129,1659,0.000988134868919667,0,0.000366573288805395,4525698
"113","2020/07/05",355,0,4827,129,1843,0.00106657580775385,7.84409388341865e-05,0.000407230000764523,4525698
"114","2020/07/06",52,1,4879,130,1895,0.00107806574809013,1.14899403362752e-05,0.000418719941100798,4525698
"115","2020/07/07",0,0,4879,130,1587,0.00107806574809013,0,0.000350664140647476,4525698
"116","2020/07/08",0,0,4879,130,1140,0.00107806574809013,0,0.000251894845833726,4525698
"117","2020/07/09",145,5,5024,135,1285,0.00111010500479705,3.20392567069212e-05,0.000283934102540647,4525698
"118","2020/07/10",63,4,5087,139,1180,0.00112402550943523,1.39205046381796e-05,0.000260733261477014,4525698
"119","2020/07/11",39,5,5126,144,1219,0.00113264296468744,8.6174552522064e-06,0.000269350716729221,4525698
"120","2020/07/12",0,0,5126,144,977,0.00113264296468744,0,0.000215878302087324,4525698
"121","2020/07/13",0,0,5126,144,977,0.00113264296468744,0,0.000215878302087324,4525698
"122","2020/07/14",229,3,5355,147,1206,0.00118324289424526,5.05999295578273e-05,0.000266478231645152,4525698
"123","2020/07/15",91,2,5446,149,974,0.00120335028983375,2.01073955884816e-05,0.000215215420914078,4525698
"124","2020/07/16",0,0,5446,149,974,0.00120335028983375,0,0.000215215420914078,4525698
"125","2020/07/17",0,0,5446,149,619,0.00120335028983375,0,0.000136774482079891,4525698
"126","2020/07/18",0,0,5446,149,567,0.00120335028983375,0,0.000125284541743616,4525698
"127","2020/07/19",0,0,5446,149,567,0.00120335028983375,0,0.000125284541743616,4525698
"128","2020/07/20",427,6,5873,155,994,0.00129770037682585,9.4350086992106e-05,0.000219634628735722,4525698
"129","2020/07/21",50,0,5923,155,899,0.00130874839637996,1.10480195541108e-05,0.000198643391582912,4525698
"130","2020/07/22",0,0,5923,155,836,0.00130874839637996,0,0.000184722886944732,4525698
"131","2020/07/23",0,0,5923,155,797,0.00130874839637996,0,0.000176105431692526,4525698
"132","2020/07/24",104,0,6027,155,901,0.00133172827705251,2.29798806725504e-05,0.000199085312365076,4525698
"133","2020/07/25",40,1,6067,156,941,0.0013405666926958,8.83841564328862e-06,0.000207923728008365,4525698
"134","2020/07/26",0,0,6067,156,712,0.0013405666926958,0,0.000157323798450537,4525698
"135","2020/07/27",104,0,6171,156,725,0.00136354657336835,2.29798806725504e-05,0.000160196283534606,4525698
"136","2020/07/28",0,0,6171,156,725,0.00136354657336835,0,0.000160196283534606,4525698
"137","2020/07/29",0,0,6171,156,725,0.00136354657336835,0,0.000160196283534606,4525698
"138","2020/07/30",78,0,6249,156,803,0.00138078148387276,1.72349105044128e-05,0.000177431194039019,4525698
"139","2020/07/31",21,0,6270,156,824,0.00138542165208549,4.64016821272652e-06,0.000182071362251745,4525698
"140","2020/08/01",25,1,6295,157,422,0.00139094566186255,5.52400977705538e-06,9.32452850366949e-05,4525698
"141","2020/08/02",15,0,6310,157,387,0.00139426006772878,3.31440586623323e-06,8.55116713488174e-05,4525698
"142","2020/08/03",0,0,6310,157,387,0.00139426006772878,0,8.55116713488174e-05,4525698
"143","2020/08/04",13,0,6323,157,400,0.00139713255281285,2.8724850840688e-06,8.83841564328861e-05,4525698
"144","2020/08/05",59,0,6382,157,355,0.0014101692158867,1.30366630738507e-05,7.84409388341865e-05,4525698
"145","2020/08/06",0,0,6382,157,315,0.0014101692158867,0,6.96025231908978e-05,4525698
"146","2020/08/07",0,0,6382,157,315,0.0014101692158867,0,6.96025231908978e-05,4525698
"147","2020/08/08",0,0,6382,157,211,0.0014101692158867,0,4.66226425183474e-05,4525698
"148","2020/08/09",116,0,6498,157,327,0.00143580062125224,2.5631405365537e-05,7.22540478838844e-05,4525698
"149","2020/08/10",0,0,6498,157,327,0.00143580062125224,0,7.22540478838844e-05,4525698
"150","2020/08/11",0,0,6498,157,249,0.00143580062125224,0,5.50191373794716e-05,4525698
"151","2020/08/12",52,0,6550,157,280,0.00144729056158851,1.14899403362752e-05,6.18689095030203e-05,4525698
"152","2020/08/13",48,0,6598,157,303,0.00145789666036046,1.06060987719463e-05,6.69509984979113e-05,4525698
"153","2020/08/14",24,0,6622,157,312,0.00146319970974643,5.30304938597317e-06,6.89396420176512e-05,4525698
"154","2020/08/15",0,0,6622,157,312,0.00146319970974643,0,6.89396420176512e-05,4525698
"155","2020/08/16",0,0,6622,157,299,0.00146319970974643,0,6.60671569335824e-05,4525698
"156","2020/08/17",79,0,6701,157,319,0.00148065558064193,1.7455870895495e-05,7.04863647552267e-05,4525698
"157","2020/08/18",0,0,6701,157,319,0.00148065558064193,0,7.04863647552267e-05,4525698
"158","2020/08/19",88,0,6789,157,407,0.00150010009505716,1.9444514415235e-05,8.99308791704617e-05,4525698
"159","2020/08/20",40,1,6829,158,447,0.00150893851070045,8.83841564328862e-06,9.87692948137503e-05,4525698
"160","2020/08/21",0,0,6829,158,331,0.00150893851070045,0,7.31378894482133e-05,4525698
"161","2020/08/22",56,0,6885,158,387,0.00152131229260105,1.23737819006041e-05,8.55116713488174e-05,4525698
"162","2020/08/23",0,0,6885,158,387,0.00152131229260105,0,8.55116713488174e-05,4525698
"163","2020/08/24",0,0,6885,158,335,0.00152131229260105,0,7.40217310125422e-05,4525698
"164","2020/08/25",20,0,6905,158,307,0.0015257315004227,4.41920782164431e-06,6.78348400622401e-05,4525698
"165","2020/08/26",23,0,6928,158,306,0.00153081358941759,5.08208899489095e-06,6.76138796711579e-05,4525698
"166","2020/08/27",32,0,6960,158,338,0.00153788432193222,7.07073251463089e-06,7.46846121857888e-05,4525698
"167","2020/08/28",17,0,6977,158,355,0.00154164064858062,3.75632664839766e-06,7.84409388341865e-05,4525698
"168","2020/08/29",0,0,6977,158,276,0.00154164064858062,0,6.09850679386914e-05,4525698
"169","2020/08/30",35,0,7012,158,311,0.00154937426226849,7.73361368787754e-06,6.8718681626569e-05,4525698
"170","2020/08/31",10,1,7022,159,233,0.00155158386617932,2.20960391082215e-06,5.14837711221562e-05,4525698
"171","2020/09/01",26,0,7048,159,219,0.00155732883634745,5.7449701681376e-06,4.83903256470052e-05,4525698
"172","2020/09/02",27,0,7075,159,246,0.00156329476690667,5.96593055921982e-06,5.4356256206225e-05,4525698
"173","2020/09/03",14,1,7089,160,204,0.00156638821238182,3.09344547515102e-06,4.50759197807719e-05,4525698
"174","2020/09/04",17,0,7106,160,221,0.00157014453903022,3.75632664839766e-06,4.88322464291696e-05,4525698
"175","2020/09/05",20,0,7126,160,241,0.00157456374685187,4.41920782164431e-06,5.32514542508139e-05,4525698
"176","2020/09/06",8,0,7134,160,229,0.00157633142998052,1.76768312865772e-06,5.05999295578273e-05,4525698
"177","2020/09/07",0,0,7134,160,206,0.00157633142998052,0,4.55178405629364e-05,4525698
"178","2020/09/08",8,0,7142,160,182,0.00157809911310918,1.76768312865772e-06,4.02147911769632e-05,4525698
"179","2020/09/09",7,0,7149,160,172,0.00157964583584676,1.54672273757551e-06,3.8005187266141e-05,4525698
"180","2020/09/10",15,0,7164,160,187,0.00158296024171299,3.31440586623323e-06,4.13195931323743e-05,4525698
"181","2020/09/11",38,1,7202,161,190,0.00159135673657412,8.39649486112418e-06,4.19824743056209e-05,4525698
"182","2020/09/12",20,0,7222,161,200,0.00159577594439576,4.41920782164431e-06,4.41920782164431e-05,4525698
"183","2020/09/13",44,0,7266,161,218,0.00160549820160338,9.72225720761748e-06,4.8169365255923e-05,4525698
"184","2020/09/14",10,0,7276,161,201,0.0016077078055142,2.20960391082215e-06,4.44130386075253e-05,4525698
"185","2020/09/15",19,0,7295,161,206,0.00161190605294476,4.19824743056209e-06,4.55178405629364e-05,4525698
"186","2020/09/16",24,0,7319,161,213,0.00161720910233073,5.30304938597317e-06,4.70645633005119e-05,4525698
"187","2020/09/17",0,0,7319,161,193,0.00161720910233073,0,4.26453554788676e-05,4525698
