"","date","cases","deaths","cum_cases","cum_deaths","cases_active","p_cases","p_cases_daily","p_cases_active","population"
"1","2020/03/08",2,0,2,0,2,3.76678337417154e-06,3.76678337417154e-06,3.76678337417154e-06,530957
"2","2020/03/09",2,0,4,0,4,7.53356674834309e-06,3.76678337417154e-06,7.53356674834309e-06,530957
"3","2020/03/11",2,0,6,0,6,1.13003501225146e-05,3.76678337417154e-06,1.13003501225146e-05,530957
"4","2020/03/12",2,0,8,0,8,1.50671334966862e-05,3.76678337417154e-06,1.50671334966862e-05,530957
"5","2020/03/14",1,0,9,0,9,1.69505251837719e-05,1.88339168708577e-06,1.69505251837719e-05,530957
"6","2020/03/15",0,0,9,0,9,1.69505251837719e-05,0,1.69505251837719e-05,530957
"7","2020/03/16",4,0,13,0,13,2.4484091932115e-05,7.53356674834309e-06,2.4484091932115e-05,530957
"8","2020/03/17",0,0,13,0,13,2.4484091932115e-05,0,2.4484091932115e-05,530957
"9","2020/03/18",0,0,13,0,13,2.4484091932115e-05,0,2.4484091932115e-05,530957
"10","2020/03/19",0,0,13,0,13,2.4484091932115e-05,0,2.4484091932115e-05,530957
"11","2020/03/20",0,0,13,0,13,2.4484091932115e-05,0,2.4484091932115e-05,530957
"12","2020/03/21",0,0,13,0,13,2.4484091932115e-05,0,2.4484091932115e-05,530957
"13","2020/03/22",0,0,13,0,11,2.4484091932115e-05,0,2.07173085579435e-05,530957
"14","2020/03/23",0,0,13,0,9,2.4484091932115e-05,0,1.69505251837719e-05,530957
"15","2020/03/24",0,0,13,0,7,2.4484091932115e-05,0,1.31837418096004e-05,530957
"16","2020/03/25",0,0,13,0,5,2.4484091932115e-05,0,9.41695843542886e-06,530957
"17","2020/03/26",0,0,13,0,4,2.4484091932115e-05,0,7.53356674834309e-06,530957
"18","2020/03/27",0,0,13,0,4,2.4484091932115e-05,0,7.53356674834309e-06,530957
"19","2020/03/28",1,0,14,0,1,2.63674836192008e-05,1.88339168708577e-06,1.88339168708577e-06,530957
"20","2020/03/29",2,0,16,0,3,3.01342669933723e-05,3.76678337417154e-06,5.65017506125731e-06,530957
"21","2020/03/30",1,0,17,0,4,3.20176586804581e-05,1.88339168708577e-06,7.53356674834309e-06,530957
"22","2020/03/31",0,0,17,0,4,3.20176586804581e-05,0,7.53356674834309e-06,530957
"23","2020/04/01",1,0,18,0,5,3.39010503675439e-05,1.88339168708577e-06,9.41695843542886e-06,530957
"24","2020/04/02",1,0,19,0,6,3.57844420546297e-05,1.88339168708577e-06,1.13003501225146e-05,530957
"25","2020/04/03",0,0,19,0,6,3.57844420546297e-05,0,1.13003501225146e-05,530957
"26","2020/04/04",0,0,19,0,6,3.57844420546297e-05,0,1.13003501225146e-05,530957
"27","2020/04/05",0,0,19,0,6,3.57844420546297e-05,0,1.13003501225146e-05,530957
"28","2020/04/06",0,0,19,0,6,3.57844420546297e-05,0,1.13003501225146e-05,530957
"29","2020/04/07",0,0,19,0,6,3.57844420546297e-05,0,1.13003501225146e-05,530957
"30","2020/04/08",0,0,19,0,6,3.57844420546297e-05,0,1.13003501225146e-05,530957
"31","2020/04/09",0,0,19,0,5,3.57844420546297e-05,0,9.41695843542886e-06,530957
"32","2020/04/10",0,0,19,0,3,3.57844420546297e-05,0,5.65017506125731e-06,530957
"33","2020/04/11",0,0,19,0,2,3.57844420546297e-05,0,3.76678337417154e-06,530957
"34","2020/04/12",0,0,19,0,2,3.57844420546297e-05,0,3.76678337417154e-06,530957
"35","2020/04/13",1,0,20,0,2,3.76678337417154e-05,1.88339168708577e-06,3.76678337417154e-06,530957
"36","2020/04/14",0,0,20,0,1,3.76678337417154e-05,0,1.88339168708577e-06,530957
"37","2020/04/15",1,0,21,0,2,3.95512254288012e-05,1.88339168708577e-06,3.76678337417154e-06,530957
"38","2020/04/16",0,0,21,0,2,3.95512254288012e-05,0,3.76678337417154e-06,530957
"39","2020/04/17",4,0,25,0,6,4.70847921771443e-05,7.53356674834309e-06,1.13003501225146e-05,530957
"40","2020/04/18",4,0,29,0,10,5.46183589254874e-05,7.53356674834309e-06,1.88339168708577e-05,530957
"41","2020/04/19",6,0,35,0,16,6.5918709048002e-05,1.13003501225146e-05,3.01342669933723e-05,530957
"42","2020/04/20",17,0,52,0,33,9.79363677284601e-05,3.20176586804581e-05,6.21519256738305e-05,530957
"43","2020/04/21",17,0,69,0,50,0.000129954026408918,3.20176586804581e-05,9.41695843542886e-05,530957
"44","2020/04/22",16,0,85,0,66,0.000160088293402291,3.01342669933723e-05,0.000124303851347661,530957
"45","2020/04/23",0,0,85,0,66,0.000160088293402291,0,0.000124303851347661,530957
"46","2020/04/24",25,0,110,0,91,0.000207173085579435,4.70847921771443e-05,0.000171388643524805,530957
"47","2020/04/25",18,0,128,0,108,0.000241074135946979,3.39010503675439e-05,0.000203406302205263,530957
"48","2020/04/26",9,0,137,0,117,0.000258024661130751,1.69505251837719e-05,0.000220356827389035,530957
"49","2020/04/27",77,0,214,0,193,0.000403045821036355,0.000145021159905604,0.000363494595607554,530957
"50","2020/04/28",0,0,214,0,193,0.000403045821036355,0,0.000363494595607554,530957
"51","2020/04/29",31,0,245,0,220,0.000461430963336014,5.83851422996589e-05,0.00041434617115887,530957
"52","2020/04/30",32,0,277,0,248,0.000521699497322759,6.02685339867447e-05,0.000467081138397271,530957
"53","2020/05/01",191,1,468,1,433,0.000881427309556141,0.000359727812233382,0.000815508600508139,530957
"54","2020/05/02",23,0,491,1,439,0.000924745318359114,4.33180088029727e-05,0.000826808950630654,530957
"55","2020/05/03",28,0,519,1,450,0.000977480285597515,5.27349672384016e-05,0.000847526259188597,530957
"56","2020/05/04",8,0,527,1,442,0.000992547419094202,1.50671334966862e-05,0.000832459125691911,530957
"57","2020/05/05",24,0,551,1,466,0.00103774881958426,4.52014004900585e-05,0.00087766052618197,530957
"58","2020/05/06",22,0,573,1,463,0.00107918343670015,4.1434617115887e-05,0.000872010351120712,530957
"59","2020/05/07",44,1,617,2,489,0.00116205267093192,8.28692342317739e-05,0.000920978534984942,530957
"60","2020/05/08",25,1,642,3,505,0.00120913746310907,4.70847921771443e-05,0.000951112801978315,530957
"61","2020/05/09",2,0,644,3,430,0.00121290424648324,3.76678337417154e-06,0.000809858425446882,530957
"62","2020/05/10",146,0,790,3,576,0.00148787943279776,0.000274975186314523,0.0010848336117614,530957
"63","2020/05/11",45,0,835,3,590,0.00157263205871662,8.47526259188597e-05,0.00111120109538061,530957
"64","2020/05/12",62,0,897,3,620,0.00168940234331594,0.000116770284599318,0.00116770284599318,530957
"65","2020/05/13",7,0,904,3,436,0.00170258608512554,1.31837418096004e-05,0.000821158775569396,530957
"66","2020/05/14",51,1,955,4,464,0.00179863906116691,9.60529760413743e-05,0.000873893742807798,530957
"67","2020/05/15",27,0,982,4,463,0.00184949063671823,5.08515755513158e-05,0.000872010351120712,530957
"68","2020/05/16",49,0,1031,4,504,0.00194177682938543,9.22861926672028e-05,0.000949229410291229,530957
"69","2020/05/17",47,0,1078,4,527,0.00203029623867846,8.85194092930313e-05,0.000992547419094202,530957
"70","2020/05/18",16,0,1094,4,521,0.00206043050567183,3.01342669933723e-05,0.000981247068971687,530957
"71","2020/05/19",12,0,1106,4,489,0.00208303120591686,2.26007002450293e-05,0.000920978534984942,530957
"72","2020/05/20",37,0,1143,4,501,0.00215271669833904,6.96854924221735e-05,0.000943579235229972,530957
"73","2020/05/21",43,0,1186,4,542,0.00223370254088373,8.09858425446882e-05,0.00102079829440049,530957
"74","2020/05/22",30,0,1216,4,426,0.0022902042914963,5.65017506125731e-05,0.000802324858698539,530957
"75","2020/05/23",58,0,1274,4,439,0.00239944100934727,0.000109236717850975,0.000826808950630654,530957
"76","2020/05/24",29,0,1303,4,406,0.00245405936827276,5.46183589254874e-05,0.000764657024956823,530957
"77","2020/05/25",68,0,1371,4,467,0.00258213000299459,0.000128070634721832,0.000879543917869055,530957
"78","2020/05/26",24,0,1395,4,440,0.00262733140348465,4.52014004900585e-05,0.000828692342317739,530957
"79","2020/05/27",43,1,1438,5,456,0.00270831724602934,8.09858425446882e-05,0.000858826609311112,530957
"80","2020/05/28",19,0,1457,5,426,0.00274410168808397,3.57844420546297e-05,0.000802324858698539,530957
"81","2020/05/29",56,0,1513,5,435,0.00284957162256077,0.000105469934476803,0.000819275383882311,530957
"82","2020/05/30",78,0,1591,5,497,0.00299647617415346,0.00014690455159269,0.000936045668481628,530957
"83","2020/05/31",81,0,1672,5,566,0.00314903090080741,0.000152554726653947,0.00106599969489055,530957
"84","2020/06/01",101,0,1773,5,630,0.00333925346120307,0.000190222560395663,0.00118653676286404,530957
"85","2020/06/02",56,1,1829,6,643,0.00344472339567988,0.000105469934476803,0.00121102085479615,530957
"86","2020/06/03",12,1,1841,7,625,0.00346732409592491,2.26007002450293e-05,0.00117711980442861,530957
"87","2020/06/04",9,0,1850,7,576,0.00348427462110868,1.69505251837719e-05,0.0010848336117614,530957
"88","2020/06/05",22,0,1872,7,569,0.00352570923822456,4.1434617115887e-05,0.0010716498699518,530957
"89","2020/06/06",11,0,1883,7,512,0.00354642654678251,2.07173085579435e-05,0.000964296543787915,530957
"90","2020/06/07",18,0,1901,7,506,0.00358032759715005,3.39010503675439e-05,0.0009529961936654,530957
"91","2020/06/08",2,1,1903,8,465,0.00358409438052422,3.76678337417154e-06,0.000875777134494884,530957
"92","2020/06/09",13,0,1916,8,459,0.00360857847245634,2.4484091932115e-05,0.000864476784372369,530957
"93","2020/06/10",26,0,1942,8,429,0.00365754665632057,4.89681838642301e-05,0.000807975033759796,530957
"94","2020/06/11",20,0,1962,8,371,0.00369521449006228,3.76678337417154e-05,0.000698738315908821,530957
"95","2020/06/12",14,0,1976,8,304,0.00372158197368148,2.63674836192008e-05,0.000572551072874075,530957
"96","2020/06/13",27,0,2003,8,230,0.0037724335492328,5.08515755513158e-05,0.000433180088029727,530957
"97","2020/06/14",10,0,2013,8,184,0.00379126746610366,1.88339168708577e-05,0.000346544070423782,530957
"98","2020/06/15",22,0,2035,8,194,0.00383270208321955,4.1434617115887e-05,0.00036537798729464,530957
"99","2020/06/16",30,0,2065,8,215,0.00388920383383212,5.65017506125731e-05,0.000404929212723441,530957
"100","2020/06/17",29,0,2094,8,222,0.00394382219275761,5.46183589254874e-05,0.000418112954533041,530957
"101","2020/06/18",26,0,2120,8,237,0.00399279037662184,4.89681838642301e-05,0.000446363829839328,530957
"102","2020/06/19",17,0,2137,8,236,0.00402480803530229,3.20176586804581e-05,0.000444480438152242,530957
"103","2020/06/20",13,0,2150,8,247,0.00404929212723441,2.4484091932115e-05,0.000465197746710186,530957
"104","2020/06/21",37,0,2187,8,271,0.00411897761965658,6.96854924221735e-05,0.000510399147200244,530957
"105","2020/06/22",16,0,2203,8,261,0.00414911188664995,3.01342669933723e-05,0.000491565230329386,530957
"106","2020/06/23",14,0,2217,8,255,0.00417547937026916,2.63674836192008e-05,0.000480264880206872,530957
"107","2020/06/24",21,0,2238,8,262,0.00421503059569796,3.95512254288012e-05,0.000493448622016472,530957
"108","2020/06/25",23,0,2261,8,258,0.00425834860450093,4.33180088029727e-05,0.000485915055268129,530957
"109","2020/06/26",16,0,2277,8,264,0.0042884828714943,3.01342669933723e-05,0.000497215405390644,530957
"110","2020/06/27",6,0,2283,8,248,0.00429978322161682,1.13003501225146e-05,0.000467081138397271,530957
"111","2020/06/28",22,0,2305,8,240,0.0043412178387327,4.1434617115887e-05,0.000452014004900585,530957
"112","2020/06/29",18,0,2323,8,229,0.00437511888910025,3.39010503675439e-05,0.000431296696342642,530957
"113","2020/06/30",13,0,2336,8,216,0.00439960298103236,2.4484091932115e-05,0.000406812604410527,530957
"114","2020/07/01",25,1,2361,9,224,0.00444668777320951,4.70847921771443e-05,0.000421879737907213,530957
"115","2020/07/02",21,0,2382,9,232,0.00448623899863831,3.95512254288012e-05,0.000436946871403899,530957
"116","2020/07/03",18,1,2400,10,213,0.00452014004900585,3.39010503675439e-05,0.000401162429349269,530957
"117","2020/07/04",10,0,2410,10,207,0.00453897396587671,1.88339168708577e-05,0.000389862079226755,530957
"118","2020/07/05",25,0,2435,10,218,0.00458605875805385,4.70847921771443e-05,0.000410579387784698,530957
"119","2020/07/06",33,1,2468,11,230,0.00464821068372768,6.21519256738305e-05,0.000433180088029727,530957
"120","2020/07/07",23,1,2491,12,230,0.00469152869253066,4.33180088029727e-05,0.000433180088029727,530957
"121","2020/07/08",10,0,2501,12,224,0.00471036260940151,1.88339168708577e-05,0.000421879737907213,530957
"122","2020/07/09",16,1,2517,13,234,0.00474049687639489,3.01342669933723e-05,0.000440713654778071,530957
"123","2020/07/10",36,0,2553,13,248,0.00480829897712997,6.78021007350878e-05,0.000467081138397271,530957
"124","2020/07/11",64,0,2617,13,294,0.00492883604510346,0.000120537067973489,0.000553717156003217,530957
"125","2020/07/12",47,0,2664,13,328,0.0050173554543965,8.85194092930313e-05,0.000617752473364133,530957
"126","2020/07/13",67,0,2731,13,370,0.00514354269743124,0.000126187243034747,0.000696854924221735,530957
"127","2020/07/14",31,0,2762,13,380,0.0052019278397309,5.83851422996589e-05,0.000715688841092593,530957
"128","2020/07/15",39,1,2801,14,401,0.00527538011552725,7.34522757963451e-05,0.000755240066521394,530957
"129","2020/07/16",30,0,2831,14,421,0.00533188186613982,5.65017506125731e-05,0.00079290790026311,530957
"130","2020/07/17",68,1,2899,15,464,0.00545995250086165,0.000128070634721832,0.000873893742807798,530957
"131","2020/07/18",14,0,2913,15,445,0.00548631998448085,2.63674836192008e-05,0.000838109300753168,530957
"132","2020/07/19",17,0,2930,15,439,0.00551833764316131,3.20176586804581e-05,0.000826808950630654,530957
"133","2020/07/20",36,0,2966,15,465,0.0055861397438964,6.78021007350878e-05,0.000875777134494884,530957
"134","2020/07/21",0,0,2966,15,449,0.0055861397438964,0,0.000845642867501511,530957
"135","2020/07/22",78,0,3044,15,491,0.00573304429548909,0.00014690455159269,0.000924745318359114,530957
"136","2020/07/23",59,0,3103,15,486,0.00584416440502715,0.000111120109538061,0.000915328359923685,530957
"137","2020/07/24",0,0,3103,15,439,0.00584416440502715,0,0.000826808950630654,530957
"138","2020/07/25",17,0,3120,15,389,0.00587618206370761,3.20176586804581e-05,0.000732639366276365,530957
"139","2020/07/26",132,0,3252,15,490,0.00612478976640293,0.000248607702695322,0.000922861926672028,530957
"140","2020/07/27",50,0,3302,15,501,0.00621895935075722,9.41695843542886e-05,0.000943579235229972,530957
"141","2020/07/28",67,0,3369,15,538,0.00634514659379196,0.000126187243034747,0.00101326472765215,530957
"142","2020/07/29",137,0,3506,15,607,0.00660317125492272,0.000258024661130751,0.00114321875406106,530957
"143","2020/07/30",61,0,3567,15,654,0.00671805814783495,0.000114886892912232,0.00123173816335409,530957
"144","2020/07/31",152,1,3719,16,789,0.00700433368427198,0.000286275536437037,0.00148599604111067,530957
"145","2020/08/01",74,0,3793,16,827,0.00714370466911633,0.000139370984844347,0.00155756492521993,530957
"146","2020/08/02",156,1,3949,17,983,0.00743751377230171,0.00029380910318538,0.00185137402840531,530957
"147","2020/08/03",215,0,4164,17,1120,0.00784244298502515,0.000404929212723441,0.00210939868953606,530957
"148","2020/08/04",129,1,4293,18,1190,0.00808540051265922,0.000242957527634065,0.00224123610763207,530957
"149","2020/08/05",153,1,4446,19,1343,0.00837355944078334,0.000288158928124123,0.00252939503575619,530957
"150","2020/08/06",148,0,4594,19,1474,0.00865230141047203,0.000278741969688694,0.00277611934676443,530957
"151","2020/08/07",86,0,4680,19,1428,0.00881427309556141,0.000161971685089376,0.00268948332915848,530957
"152","2020/08/08",89,0,4769,19,1467,0.00898189495571204,0.000167621860150634,0.00276293560495483,530957
"153","2020/08/09",129,0,4898,19,1529,0.00922485248334611,0.000242957527634065,0.00287970588955414,530957
