"","date","cases","deaths","cum_cases","cum_deaths","cases_active","p_cases","p_cases_daily","p_cases_active","population"
"1","2020/03/23",1,0,1,0,1,3.29315215683519e-08,3.29315215683519e-08,3.29315215683519e-08,30366043
"2","2020/03/24",0,0,1,0,1,3.29315215683519e-08,0,3.29315215683519e-08,30366043
"3","2020/03/25",0,0,1,0,1,3.29315215683519e-08,0,3.29315215683519e-08,30366043
"4","2020/03/26",4,0,5,0,5,1.64657607841759e-07,1.31726086273407e-07,1.64657607841759e-07,30366043
"5","2020/03/27",2,0,7,0,7,2.30520650978463e-07,6.58630431367037e-08,2.30520650978463e-07,30366043
"6","2020/03/28",0,0,7,0,7,2.30520650978463e-07,0,2.30520650978463e-07,30366043
"7","2020/03/29",1,0,8,0,8,2.63452172546815e-07,3.29315215683519e-08,2.63452172546815e-07,30366043
"8","2020/03/30",0,0,8,0,8,2.63452172546815e-07,0,2.63452172546815e-07,30366043
"9","2020/03/31",0,0,8,0,8,2.63452172546815e-07,0,2.63452172546815e-07,30366043
"10","2020/04/01",0,0,8,0,8,2.63452172546815e-07,0,2.63452172546815e-07,30366043
"11","2020/04/02",2,0,10,0,10,3.29315215683519e-07,6.58630431367037e-08,3.29315215683519e-07,30366043
"12","2020/04/03",0,0,10,0,10,3.29315215683519e-07,0,3.29315215683519e-07,30366043
"13","2020/04/04",0,0,10,0,9,3.29315215683519e-07,0,2.96383694115167e-07,30366043
"14","2020/04/05",0,0,10,0,9,3.29315215683519e-07,0,2.96383694115167e-07,30366043
"15","2020/04/06",0,0,10,0,9,3.29315215683519e-07,0,2.96383694115167e-07,30366043
"16","2020/04/07",0,0,10,0,5,3.29315215683519e-07,0,1.64657607841759e-07,30366043
"17","2020/04/08",0,0,10,0,3,3.29315215683519e-07,0,9.87945647050556e-08,30366043
"18","2020/04/09",7,0,17,0,10,5.59835866661982e-07,2.30520650978463e-07,3.29315215683519e-07,30366043
"19","2020/04/10",0,0,17,0,9,5.59835866661982e-07,0,2.96383694115167e-07,30366043
"20","2020/04/11",3,0,20,0,12,6.58630431367037e-07,9.87945647050556e-08,3.95178258820222e-07,30366043
"21","2020/04/12",0,0,20,0,12,6.58630431367037e-07,0,3.95178258820222e-07,30366043
"22","2020/04/13",1,0,21,0,13,6.91561952935389e-07,3.29315215683519e-08,4.28109780388574e-07,30366043
"23","2020/04/14",6,0,27,0,17,8.891510823455e-07,1.97589129410111e-07,5.59835866661982e-07,30366043
"24","2020/04/15",1,0,28,0,18,9.22082603913852e-07,3.29315215683519e-08,5.92767388230333e-07,30366043
"25","2020/04/16",1,0,29,0,19,9.55014125482204e-07,3.29315215683519e-08,6.25698909798685e-07,30366043
"26","2020/04/17",2,0,31,0,21,1.02087716861891e-06,6.58630431367037e-08,6.91561952935389e-07,30366043
"27","2020/04/18",3,0,34,0,24,1.11967173332396e-06,9.87945647050556e-08,7.90356517640445e-07,30366043
"28","2020/04/19",1,0,35,0,25,1.15260325489232e-06,3.29315215683519e-08,8.23288039208797e-07,30366043
"29","2020/04/20",4,0,39,0,29,1.28432934116572e-06,1.31726086273407e-07,9.55014125482204e-07,30366043
"30","2020/04/21",0,0,39,0,22,1.28432934116572e-06,0,7.24493474503741e-07,30366043
"31","2020/04/22",0,0,39,0,22,1.28432934116572e-06,0,7.24493474503741e-07,30366043
"32","2020/04/23",2,0,41,0,21,1.35019238430243e-06,6.58630431367037e-08,6.91561952935389e-07,30366043
"33","2020/04/24",5,0,46,0,26,1.51484999214419e-06,1.64657607841759e-07,8.56219560777148e-07,30366043
"34","2020/04/25",19,0,65,0,44,2.14054890194287e-06,6.25698909798685e-07,1.44898694900748e-06,30366043
"35","2020/04/26",5,0,70,0,43,2.30520650978463e-06,1.64657607841759e-07,1.41605542743913e-06,30366043
"36","2020/04/27",6,0,76,0,48,2.50279563919474e-06,1.97589129410111e-07,1.58071303528089e-06,30366043
"37","2020/04/28",0,0,76,0,47,2.50279563919474e-06,0,1.54778151371254e-06,30366043
"38","2020/04/29",0,0,76,0,45,2.50279563919474e-06,0,1.48191847057583e-06,30366043
"39","2020/04/30",0,0,76,0,42,2.50279563919474e-06,0,1.38312390587078e-06,30366043
"40","2020/05/01",0,0,76,0,41,2.50279563919474e-06,0,1.35019238430243e-06,30366043
"41","2020/05/02",3,0,79,0,40,2.6015902038998e-06,9.87945647050556e-08,1.31726086273407e-06,30366043
"42","2020/05/03",0,0,79,0,40,2.6015902038998e-06,0,1.31726086273407e-06,30366043
"43","2020/05/04",1,0,80,0,41,2.63452172546815e-06,3.29315215683519e-08,1.35019238430243e-06,30366043
"44","2020/05/05",0,0,80,0,39,2.63452172546815e-06,0,1.28432934116572e-06,30366043
"45","2020/05/06",1,0,81,0,35,2.6674532470365e-06,3.29315215683519e-08,1.15260325489232e-06,30366043
"46","2020/05/07",0,0,81,0,16,2.6674532470365e-06,0,5.2690434509363e-07,30366043
"47","2020/05/08",0,0,81,0,11,2.6674532470365e-06,0,3.6224673725187e-07,30366043
"48","2020/05/09",1,0,82,0,6,2.70038476860485e-06,3.29315215683519e-08,1.97589129410111e-07,30366043
"49","2020/05/10",5,0,87,0,11,2.86504237644661e-06,1.64657607841759e-07,3.6224673725187e-07,30366043
"50","2020/05/11",4,0,91,0,15,2.99676846272002e-06,1.31726086273407e-07,4.93972823525278e-07,30366043
"51","2020/05/12",12,0,103,0,27,3.39194672154024e-06,3.95178258820222e-07,8.891510823455e-07,30366043
"52","2020/05/13",1,0,104,0,28,3.42487824310859e-06,3.29315215683519e-08,9.22082603913852e-07,30366043
"53","2020/05/14",3,0,107,0,28,3.52367280781365e-06,9.87945647050556e-08,9.22082603913852e-07,30366043
"54","2020/05/15",8,0,115,0,36,3.78712498036046e-06,2.63452172546815e-07,1.18553477646067e-06,30366043
"55","2020/05/16",4,0,119,0,39,3.91885106663387e-06,1.31726086273407e-07,1.28432934116572e-06,30366043
"56","2020/05/17",10,0,129,0,49,4.24816628231739e-06,3.29315215683519e-07,1.61364455684924e-06,30366043
"57","2020/05/18",8,0,137,0,56,4.5116184548642e-06,2.63452172546815e-07,1.8441652078277e-06,30366043
"58","2020/05/19",8,0,145,0,64,4.77507062741102e-06,2.63452172546815e-07,2.10761738037452e-06,30366043
"59","2020/05/20",1,0,146,0,65,4.80800214897937e-06,3.29315215683519e-08,2.14054890194287e-06,30366043
"60","2020/05/21",10,0,156,0,74,5.13731736466289e-06,3.29315215683519e-07,2.43693259605804e-06,30366043
"61","2020/05/22",6,0,162,0,75,5.334906494073e-06,1.97589129410111e-07,2.46986411762639e-06,30366043
"62","2020/05/23",2,0,164,0,73,5.4007695372097e-06,6.58630431367037e-08,2.40400107448969e-06,30366043
"63","2020/05/24",4,0,168,0,65,5.53249562348311e-06,1.31726086273407e-07,2.14054890194287e-06,30366043
"64","2020/05/25",26,0,194,0,90,6.38871518426026e-06,8.56219560777148e-07,2.96383694115167e-06,30366043
"65","2020/05/26",15,1,209,1,102,6.88268800778554e-06,4.93972823525278e-07,3.35901519997189e-06,30366043
"66","2020/05/27",4,0,213,1,98,7.01441409405895e-06,1.31726086273407e-07,3.22728911369848e-06,30366043
"67","2020/05/28",14,0,227,1,108,7.47545539601587e-06,4.61041301956926e-07,3.556604329382e-06,30366043
"68","2020/05/29",6,1,233,2,104,7.67304452542598e-06,1.97589129410111e-07,3.42487824310859e-06,30366043
"69","2020/05/30",1,0,234,2,97,7.70597604699433e-06,3.29315215683519e-08,3.19435759213013e-06,30366043
"70","2020/05/31",10,0,244,2,99,8.03529126267785e-06,3.29315215683519e-07,3.26022063526683e-06,30366043
"71","2020/06/01",10,0,254,2,108,8.36460647836137e-06,3.29315215683519e-07,3.556604329382e-06,30366043
"72","2020/06/02",0,0,254,2,98,8.36460647836137e-06,0,3.22728911369848e-06,30366043
"73","2020/06/03",53,0,307,2,145,1.0109977121484e-05,1.74537064312265e-06,4.77507062741102e-06,30366043
"74","2020/06/04",9,0,316,2,152,1.04063608155992e-05,2.96383694115167e-07,5.00559127838948e-06,30366043
"75","2020/06/05",36,0,352,2,184,1.15918955920599e-05,1.18553477646067e-06,6.05939996857674e-06,30366043
"76","2020/06/06",2,0,354,2,160,1.16577586351966e-05,6.58630431367037e-08,5.2690434509363e-06,30366043
"77","2020/06/07",57,0,411,2,202,1.35348553645926e-05,1.87709672939606e-06,6.65216735680708e-06,30366043
"78","2020/06/08",15,0,426,2,213,1.40288281881179e-05,4.93972823525278e-07,7.01441409405895e-06,30366043
"79","2020/06/09",7,0,433,2,206,1.42593488390964e-05,2.30520650978463e-07,6.78389344308048e-06,30366043
"80","2020/06/10",20,0,453,2,220,1.49179792704634e-05,6.58630431367037e-07,7.24493474503741e-06,30366043
"81","2020/06/11",19,0,472,2,238,1.55436781802621e-05,6.25698909798685e-07,7.83770213326774e-06,30366043
"82","2020/06/12",17,0,489,2,245,1.61035140469241e-05,5.59835866661982e-07,8.06822278424621e-06,30366043
"83","2020/06/13",20,0,509,2,255,1.67621444782911e-05,6.58630431367037e-07,8.39753799992972e-06,30366043
"84","2020/06/14",44,0,553,2,299,1.82111314272986e-05,1.44898694900748e-06,9.84652494893721e-06,30366043
"85","2020/06/15",30,1,583,3,276,1.91990770743491e-05,9.87945647050556e-07,9.08909995286511e-06,30366043
"86","2020/06/16",26,0,609,3,293,2.00552966351263e-05,8.56219560777148e-07,9.64893581952709e-06,30366043
"87","2020/06/17",29,1,638,4,286,2.10103107606085e-05,9.55014125482204e-07,9.41841516854863e-06,30366043
"88","2020/06/18",13,0,651,4,297,2.14384205409971e-05,4.28109780388574e-07,9.7806619058005e-06,30366043
"89","2020/06/19",11,0,662,4,251,2.18006672782489e-05,3.6224673725187e-07,8.26581191365632e-06,30366043
"90","2020/06/20",6,0,668,4,242,2.1998256407659e-05,1.97589129410111e-07,7.96942821954115e-06,30366043
"91","2020/06/21",20,0,688,4,255,2.26568868390261e-05,6.58630431367037e-07,8.39753799992972e-06,30366043
"92","2020/06/22",45,1,733,5,280,2.41388053096019e-05,1.48191847057583e-06,9.22082603913852e-06,30366043
"93","2020/06/23",4,0,737,5,265,2.42705313958753e-05,1.31726086273407e-07,8.72685321561324e-06,30366043
"94","2020/06/24",20,0,757,5,268,2.49291618272424e-05,6.58630431367037e-07,8.8256477803183e-06,30366043
"95","2020/06/25",5,0,762,5,253,2.50938194350841e-05,1.64657607841759e-07,8.33167495679302e-06,30366043
"96","2020/06/26",26,0,788,5,235,2.59500389958613e-05,8.56219560777148e-07,7.73890756856269e-06,30366043
"97","2020/06/27",28,0,816,5,233,2.68721215997751e-05,9.22082603913852e-07,7.67304452542598e-06,30366043
"98","2020/06/28",23,0,839,5,230,2.76295465958472e-05,7.57424996072093e-07,7.57424996072093e-06,30366043
"99","2020/06/29",20,0,859,5,221,2.82881770272142e-05,6.58630431367037e-07,7.27786626660576e-06,30366043
"100","2020/06/30",24,1,883,6,232,2.90785335448547e-05,7.90356517640445e-07,7.64011300385763e-06,30366043
"101","2020/07/01",6,0,889,6,227,2.92761226742648e-05,1.97589129410111e-07,7.47545539601587e-06,30366043
"102","2020/07/02",14,0,903,6,235,2.97371639762217e-05,4.61041301956926e-07,7.73890756856269e-06,30366043
"103","2020/07/03",15,0,918,6,230,3.0231136799747e-05,4.93972823525278e-07,7.57424996072093e-06,30366043
"104","2020/07/04",21,0,939,6,206,3.09226987526824e-05,6.91561952935389e-07,6.78389344308048e-06,30366043
"105","2020/07/05",30,1,969,7,232,3.1910644399733e-05,9.87945647050556e-07,7.64011300385763e-06,30366043
"106","2020/07/06",18,1,987,8,230,3.25034117879633e-05,5.92767388230333e-07,7.57424996072093e-06,30366043
"107","2020/07/07",25,0,1012,8,250,3.33266998271721e-05,8.23288039208797e-07,8.23288039208797e-06,30366043
"108","2020/07/08",28,0,1040,8,252,3.42487824310859e-05,9.22082603913852e-07,8.29874343522467e-06,30366043
"109","2020/07/09",31,0,1071,8,255,3.52696595997048e-05,1.02087716861891e-06,8.39753799992972e-06,30366043
"110","2020/07/10",21,1,1092,9,253,3.59612215526402e-05,6.91561952935389e-07,8.33167495679302e-06,30366043
"111","2020/07/11",19,0,1111,9,252,3.65869204624389e-05,6.25698909798685e-07,8.29874343522467e-06,30366043
"112","2020/07/12",24,0,1135,9,252,3.73772769800794e-05,7.90356517640445e-07,8.29874343522467e-06,30366043
"113","2020/07/13",22,0,1157,9,268,3.81017704545831e-05,7.24493474503741e-07,8.8256477803183e-06,30366043
"114","2020/07/14",62,0,1219,9,316,4.01435247918209e-05,2.04175433723782e-06,1.04063608155992e-05,30366043
"115","2020/07/15",49,0,1268,9,350,4.17571693486702e-05,1.61364455684924e-06,1.15260325489232e-05,30366043
"116","2020/07/16",62,0,1330,9,391,4.3798923685908e-05,2.04175433723782e-06,1.28762249332256e-05,30366043
"117","2020/07/17",53,0,1383,9,414,4.55442943290306e-05,1.74537064312265e-06,1.36336499292977e-05,30366043
"118","2020/07/18",19,0,1402,9,415,4.61699932388293e-05,6.25698909798685e-07,1.3666581450866e-05,30366043
"119","2020/07/19",33,1,1435,10,423,4.72567334505849e-05,1.08674021175561e-06,1.39300336234128e-05,30366043
"120","2020/07/20",56,0,1491,10,451,4.91008986584126e-05,1.8441652078277e-06,1.48521162273267e-05,30366043
"121","2020/07/21",16,1,1507,11,436,4.96278030035062e-05,5.2690434509363e-07,1.43581434038014e-05,30366043
"122","2020/07/22",29,0,1536,11,444,5.05828171289885e-05,9.55014125482204e-07,1.46215955763482e-05,30366043
"123","2020/07/23",21,0,1557,11,446,5.12743790819238e-05,6.91561952935389e-07,1.46874586194849e-05,30366043
"124","2020/07/24",25,0,1582,11,447,5.20976671211326e-05,8.23288039208797e-07,1.47203901410533e-05,30366043
"125","2020/07/25",8,0,1590,11,433,5.23611192936795e-05,2.63452172546815e-07,1.42593488390964e-05,30366043
"126","2020/07/26",26,0,1616,11,397,5.32173388544566e-05,8.56219560777148e-07,1.30738140626357e-05,30366043
"127","2020/07/27",53,0,1669,11,401,5.49627094975793e-05,1.74537064312265e-06,1.32055401489091e-05,30366043
"128","2020/07/28",32,0,1701,11,371,5.60165181877665e-05,1.05380869018726e-06,1.22175945018585e-05,30366043
"129","2020/07/29",19,0,1720,11,337,5.66422170975652e-05,6.25698909798685e-07,1.10979227685346e-05,30366043
"130","2020/07/30",28,0,1748,11,346,5.7564299701479e-05,9.22082603913852e-07,1.13943064626497e-05,30366043
"131","2020/07/31",60,0,1808,11,373,5.95401909955802e-05,1.97589129410111e-06,1.22834575449952e-05,30366043
"132","2020/08/01",56,0,1864,11,373,6.13843562034079e-05,1.8441652078277e-06,1.22834575449952e-05,30366043
"133","2020/08/02",43,0,1907,11,400,6.2800411630847e-05,1.41605542743913e-06,1.31726086273407e-05,30366043
"134","2020/08/03",39,2,1946,13,410,6.40847409720127e-05,1.28432934116572e-06,1.35019238430243e-05,30366043
"135","2020/08/04",27,1,1973,14,416,6.49738920543582e-05,8.891510823455e-07,1.36995129724344e-05,30366043
"136","2020/08/05",56,1,2029,15,447,6.68180572621859e-05,1.8441652078277e-06,1.47203901410533e-05,30366043
"137","2020/08/06",50,0,2079,15,489,6.84646333406035e-05,1.64657607841759e-06,1.61035140469241e-05,30366043
"138","2020/08/07",41,0,2120,15,504,6.98148257249059e-05,1.35019238430243e-06,1.65974868704493e-05,30366043
"139","2020/08/08",93,0,2213,15,544,7.28774572307627e-05,3.06263150585672e-06,1.79147477331834e-05,30366043
"140","2020/08/09",28,1,2241,16,540,7.37995398346765e-05,9.22082603913852e-07,1.778302164691e-05,30366043
"141","2020/08/10",28,0,2269,16,549,7.47216224385904e-05,9.22082603913852e-07,1.80794053410252e-05,30366043
"142","2020/08/11",142,0,2411,16,663,7.93978985012963e-05,4.67627606270596e-06,2.18335987998173e-05,30366043
"143","2020/08/12",70,1,2481,17,673,8.1703105011081e-05,2.30520650978463e-06,2.21629140155008e-05,30366043
"144","2020/08/13",78,2,2559,19,695,8.42717636934124e-05,2.56865868233145e-06,2.28874074900045e-05,30366043
"145","2020/08/14",79,0,2638,19,731,8.68733538973122e-05,2.6015902038998e-06,2.40729422664652e-05,30366043
"146","2020/08/15",70,0,2708,19,762,8.91785604070968e-05,2.30520650978463e-06,2.50938194350841e-05,30366043
"147","2020/08/16",83,0,2791,19,818,9.191187669727e-05,2.7333162901732e-06,2.69379846429118e-05,30366043
"148","2020/08/17",64,0,2855,19,826,9.40194940776446e-05,2.10761738037452e-06,2.72014368154586e-05,30366043
"149","2020/08/18",59,0,2914,19,835,9.59624538501773e-05,1.94295977253276e-06,2.74978205095738e-05,30366043
"150","2020/08/19",0,0,2914,19,794,9.59624538501773e-05,0,2.61476281252714e-05,30366043
"151","2020/08/20",131,0,3045,19,832,0.000100276483175631,4.31402932545409e-06,2.73990259448687e-05,30366043
"152","2020/08/21",70,1,3115,20,874,0.000102581689685416,2.30520650978463e-06,2.87821498507395e-05,30366043
"153","2020/08/22",80,0,3195,20,926,0.000105216211410884,2.63452172546815e-06,3.04945889722938e-05,30366043
"154","2020/08/23",109,0,3304,20,893,0.000108805747261835,3.58953585095035e-06,2.94078487605382e-05,30366043
"155","2020/08/24",91,0,3395,20,914,0.000111802515724555,2.99676846272002e-06,3.00994107134736e-05,30366043
"156","2020/08/25",45,1,3440,21,881,0.00011328443419513,1.48191847057583e-06,2.9012670501718e-05,30366043
"157","2020/08/26",68,0,3508,21,870,0.000115523777661778,2.23934346664793e-06,2.86504237644661e-05,30366043
"158","2020/08/27",82,0,3590,21,882,0.000118224162430383,2.70038476860485e-06,2.90456020232863e-05,30366043
"159","2020/08/28",61,0,3651,21,860,0.000120232985246053,2.00882281566946e-06,2.83211085487826e-05,30366043
"160","2020/08/29",46,0,3697,21,842,0.000121747835238197,1.51484999214419e-06,2.77283411605523e-05,30366043
"161","2020/08/30",63,1,3760,22,846,0.000123822521097003,2.07468585880617e-06,2.78600672468257e-05,30366043
"162","2020/08/31",61,1,3821,23,907,0.000125831343912672,2.00882281566946e-06,2.98688900624951e-05,30366043
"163","2020/09/01",95,0,3916,23,871,0.000128959838461666,3.12849454899343e-06,2.86833552860345e-05,30366043
"164","2020/09/02",123,0,4039,23,924,0.000133010415614573,4.05057715290728e-06,3.04287259291571e-05,30366043
"165","2020/09/03",78,2,4117,25,922,0.000135579074296905,2.56865868233145e-06,3.03628628860204e-05,30366043
"166","2020/09/04",90,1,4207,26,903,0.000138542911238056,2.96383694115167e-06,2.97371639762217e-05,30366043
"167","2020/09/05",58,0,4265,26,870,0.000140452939489021,1.91002825096441e-06,2.86504237644661e-05,30366043
"168","2020/09/06",76,0,4341,26,901,0.000142955735128215,2.50279563919474e-06,2.9671300933085e-05,30366043
"169","2020/09/07",103,1,4444,27,936,0.000146347681849756,3.39194672154024e-06,3.08239041879773e-05,30366043
"170","2020/09/08",113,0,4557,27,967,0.000150068943786979,3.72126193722376e-06,3.18447813565962e-05,30366043
"171","2020/09/09",90,1,4647,28,996,0.000153032780728131,2.96383694115167e-06,3.27997954820785e-05,30366043
"172","2020/09/10",117,0,4764,28,1067,0.000156885768751628,3.85298802349717e-06,3.51379335134314e-05,30366043
"173","2020/09/11",68,3,4832,31,1072,0.000159125112218276,2.23934346664793e-06,3.53025911212732e-05,30366043
"174","2020/09/12",86,0,4918,31,1097,0.000161957223073154,2.83211085487826e-06,3.6125879160482e-05,30366043
