"","date","cases","deaths","cum_cases","cum_deaths","cases_active","p_cases","p_cases_daily","p_cases_active","population"
"1","2020/03/07",1,0,1,0,1,1.43600501108309e-07,1.43600501108309e-07,1.43600501108309e-07,6963764
"2","2020/03/11",4,0,5,0,5,7.18002505541543e-07,5.74402004433235e-07,7.18002505541543e-07,6963764
"3","2020/03/12",13,0,18,0,18,2.58480901994956e-06,1.86680651440801e-06,2.58480901994956e-06,6963764
"4","2020/03/13",6,0,24,0,24,3.44641202659941e-06,8.61603006649852e-07,3.44641202659941e-06,6963764
"5","2020/03/14",17,0,41,0,41,5.88762054544065e-06,2.44120851884125e-06,5.88762054544065e-06,6963764
"6","2020/03/15",5,0,46,0,46,6.6056230509822e-06,7.18002505541543e-07,6.6056230509822e-06,6963764
"7","2020/03/16",9,0,55,0,55,7.89802756095698e-06,1.29240450997478e-06,7.89802756095698e-06,6963764
"8","2020/03/17",2,0,57,0,57,8.18522856317359e-06,2.87201002216617e-07,8.18522856317359e-06,6963764
"9","2020/03/18",15,0,72,0,72,1.03392360797982e-05,2.15400751662463e-06,1.03392360797982e-05,6963764
"10","2020/03/19",22,0,94,0,94,1.3498447104181e-05,3.15921102438279e-06,1.3498447104181e-05,6963764
"11","2020/03/20",32,0,126,0,126,1.80936631396469e-05,4.59521603546588e-06,1.80936631396469e-05,6963764
"12","2020/03/21",9,1,135,1,135,1.93860676496217e-05,1.29240450997478e-06,1.93860676496217e-05,6963764
"13","2020/03/22",14,0,149,1,148,2.1396474665138e-05,2.01040701551632e-06,2.12528741640297e-05,6963764
"14","2020/03/23",39,0,188,1,183,2.6996894208362e-05,5.60041954322404e-06,2.62788917028205e-05,6963764
"15","2020/03/24",34,0,222,1,204,3.18793112460445e-05,4.8824170376825e-06,2.9294502226095e-05,6963764
"16","2020/03/25",27,0,249,1,225,3.57565247759689e-05,3.87721352992433e-06,3.23101127493695e-05,6963764
"17","2020/03/26",54,1,303,2,262,4.35109518358175e-05,7.75442705984867e-06,3.76233312903769e-05,6963764
"18","2020/03/27",81,1,384,3,338,5.51425924255905e-05,1.1631640589773e-05,4.85369693746083e-05,6963764
"19","2020/03/28",73,3,457,6,402,6.56254290064971e-05,1.04828365809065e-05,5.77274014455401e-05,6963764
"20","2020/03/29",202,4,659,10,602,9.46327302303754e-05,2.90073012238784e-05,8.64475016672018e-05,6963764
"21","2020/03/30",82,3,741,13,669,0.000106407971321257,1.17752410908813e-05,9.60687352414585e-05,6963764
"22","2020/03/31",44,3,785,16,691,0.000112726393370022,6.31842204876558e-06,9.92279462658413e-05,6963764
"23","2020/04/01",115,7,900,23,774,0.000129240450997478,1.65140576274555e-05,0.000111146787857831,6963764
"24","2020/04/02",160,0,1060,23,925,0.000152216531174807,2.29760801773294e-05,0.000132830463525186,6963764
"25","2020/04/03",111,8,1171,31,1022,0.000168156186797829,1.59396556230223e-05,0.000146759712132691,6963764
"26","2020/04/04",305,8,1476,39,1288,0.000211954339635864,4.37981528380341e-05,0.000184957445427502,6963764
"27","2020/04/05",148,5,1624,44,1402,0.000233207213799893,2.12528741640297e-05,0.000201327902553849,6963764
"28","2020/04/06",284,7,1908,51,1659,0.000273989756114653,4.07825423147597e-05,0.000238233231338684,6963764
"29","2020/04/07",292,7,2200,58,1897,0.000315921102438279,4.19313463236261e-05,0.000272410150602462,6963764
"30","2020/04/08",247,3,2447,61,2063,0.000351390426212031,3.54693237737522e-05,0.000296247833786441,6963764
"31","2020/04/09",219,4,2666,65,2209,0.000382838935954751,3.14485097427196e-05,0.000317213506948254,6963764
"32","2020/04/10",201,1,2867,66,2208,0.000411702636677521,2.886370072277e-05,0.000317069906447146,6963764
"33","2020/04/11",238,5,3105,71,2364,0.000445879555941298,3.41769192637775e-05,0.000339471584620042,6963764
"34","2020/04/12",275,3,3380,74,2595,0.000485369693746083,3.94901378047849e-05,0.000372643300376061,6963764
"35","2020/04/13",250,6,3630,80,2730,0.00052126981902316,3.59001252770772e-05,0.000392029368025683,6963764
"36","2020/04/14",424,5,4054,85,2994,0.000582156431493083,6.08866124699229e-05,0.000429939900318276,6963764
"37","2020/04/15",411,9,4465,94,3294,0.000641176237448598,5.90198059555149e-05,0.000473020050650769,6963764
"38","2020/04/16",408,5,4873,99,3397,0.000699765241900788,5.85890044521899e-05,0.000487810902264925,6963764
"39","2020/04/17",445,4,5318,103,3694,0.000763667464893985,6.39022229931974e-05,0.000530460251094092,6963764
"40","2020/04/18",372,7,5690,110,3782,0.000817086851306276,5.34193864122908e-05,0.000543097095191623,6963764
"41","2020/04/19",304,7,5994,117,3794,0.000860741403643202,4.36545523369258e-05,0.000544820301204923,6963764
"42","2020/04/20",324,5,6318,122,3871,0.000907267966002294,4.6526562359092e-05,0.000555877539790263,6963764
"43","2020/04/21",312,3,6630,125,3964,0.000952071322348086,4.48033563457923e-05,0.000569232386393336,6963764
"44","2020/04/22",260,0,6890,125,4023,0.000989407452636247,3.73361302881603e-05,0.000577704815958726,6963764
"45","2020/04/23",224,9,7114,134,4009,0.00102157396488451,3.21665122482611e-05,0.000575694408943209,6963764
"46","2020/04/24",162,5,7276,139,3896,0.00104483724606405,2.3263281179546e-05,0.000559467552317971,6963764
"47","2020/04/25",207,5,7483,144,3853,0.00107456254979347,2.97253037294199e-05,0.000553292730770313,6963764
"48","2020/04/26",296,7,7779,151,3725,0.00111706829812153,4.25057483280594e-05,0.00053491186662845,6963764
"49","2020/04/27",263,5,8042,156,3577,0.00115483522991302,3.77669317914852e-05,0.00051365899246442,6963764
"50","2020/04/28",233,6,8275,162,3402,0.00118829414667125,3.34589167582359e-05,0.000488528904770466,6963764
"51","2020/04/29",222,6,8497,168,3179,0.0012201734579173,3.18793112460445e-05,0.000456505993023313,6963764
"52","2020/04/30",227,5,8724,173,3034,0.00125277077166888,3.25973137515861e-05,0.000435683920362609,6963764
"53","2020/05/01",285,6,9009,179,3015,0.00129369691448475,4.0926142815868e-05,0.000432955510841551,6963764
"54","2020/05/02",196,6,9205,185,2887,0.00132184261270198,2.81456982172285e-05,0.000414574646699687,6963764
"55","2020/05/03",157,4,9362,189,2732,0.00134438789137599,2.25452786740045e-05,0.000392316569027899,6963764
"56","2020/05/04",102,4,9464,193,2574,0.00135903514248903,1.46472511130475e-05,0.000369627689852787,6963764
"57","2020/05/05",93,4,9557,197,2443,0.00137238998909211,1.33548466030727e-05,0.000350816024207598,6963764
"58","2020/05/06",120,3,9677,200,2401,0.0013896220492251,1.7232060132997e-05,0.000344784803161049,6963764
"59","2020/05/07",114,3,9791,203,2308,0.00140599250635145,1.63704571263472e-05,0.000331429956557976,6963764
"60","2020/05/08",57,3,9848,206,2069,0.00141417773491462,8.18522856317359e-06,0.000297109436793091,6963764
"61","2020/05/09",95,3,9943,209,1901,0.00142781978251991,1.36420476052893e-05,0.000272984552606895,6963764
"62","2020/05/10",89,4,10032,213,1757,0.00144060022711855,1.27804445986395e-05,0.000252306080447298,6963764
"63","2020/05/11",82,2,10114,215,1617,0.00145237546820943,1.17752410908813e-05,0.000232202010292135,6963764
"64","2020/05/12",62,3,10176,218,1452,0.00146127869927815,8.90323106871514e-06,0.000208507927609264,6963764
"65","2020/05/13",67,2,10243,220,1234,0.00147089993285241,9.62123357425668e-06,0.000177203018367653,6963764
"66","2020/05/14",52,2,10295,222,1090,0.00147836715891004,7.46722605763205e-06,0.000156524546208056,6963764
"67","2020/05/15",79,2,10374,224,1012,0.00148971159849759,1.13444395875564e-05,0.000145323707121608,6963764
"68","2020/05/16",64,1,10438,225,974,0.00149890203056853,9.19043207093176e-06,0.000139866888079493,6963764
"69","2020/05/17",58,3,10496,228,939,0.00150723085963281,8.3288290642819e-06,0.000134840870540702,6963764
"70","2020/05/18",114,2,10610,230,933,0.00152360131675916,1.63704571263472e-05,0.000133979267534052,6963764
"71","2020/05/19",89,1,10699,231,908,0.00153638176135779,1.27804445986395e-05,0.000130389255006344,6963764
"72","2020/05/20",34,3,10733,234,885,0.00154126417839548,4.8824170376825e-06,0.000127086443480853,6963764
"73","2020/05/21",100,1,10833,235,890,0.00155562422850631,1.43600501108309e-05,0.000127804445986395,6963764
"74","2020/05/22",86,2,10919,237,887,0.00156797387160162,1.23496430953145e-05,0.00012737364448307,6963764
"75","2020/05/23",105,0,11024,237,910,0.00158305192421799,1.50780526163724e-05,0.000130676456008561,6963764
"76","2020/05/24",68,1,11092,238,916,0.00159281675829336,9.76483407536499e-06,0.000131538059015211,6963764
"77","2020/05/25",67,0,11159,238,916,0.00160243799186762,9.62123357425668e-06,0.000131538059015211,6963764
"78","2020/05/26",34,1,11193,239,898,0.0016073204089053,4.8824170376825e-06,0.000128953249995261,6963764
"79","2020/05/27",34,0,11227,239,853,0.00161220282594298,4.8824170376825e-06,0.000122491227445387,6963764
"80","2020/05/28",48,1,11275,240,837,0.00161909564999618,6.89282405319882e-06,0.000120193619427654,6963764
"81","2020/05/29",25,1,11300,241,804,0.00162268566252389,3.59001252770772e-06,0.00011545480289108,6963764
"82","2020/05/30",54,1,11354,242,744,0.00163044008958374,7.75442705984867e-06,0.000106838772824582,6963764
"83","2020/05/31",27,0,11381,242,682,0.00163431730311366,3.87721352992433e-06,9.79355417558665e-05,6963764
"84","2020/06/01",31,1,11412,243,679,0.00163876891864802,4.45161553435757e-06,9.75047402525416e-05,6963764
"85","2020/06/02",18,1,11430,244,597,0.00164135372766797,2.58480901994956e-06,8.57294991616603e-05,6963764
"86","2020/06/03",24,1,11454,245,535,0.00164480013969457,3.44641202659941e-06,7.68262680929451e-05,6963764
"87","2020/06/04",69,0,11523,245,499,0.00165470857427104,9.9084345764733e-06,7.1656650053046e-05,6963764
"88","2020/06/05",48,1,11571,246,479,0.00166160139832424,6.89282405319882e-06,6.87846400308799e-05,6963764
"89","2020/06/06",96,1,11667,247,508,0.00167538704643064,1.37856481063976e-05,7.29490545630208e-05,6963764
"90","2020/06/07",74,1,11741,248,548,0.00168601348351265,1.06264370820148e-05,7.86930746073531e-05,6963764
"91","2020/06/08",82,1,11823,249,596,0.00169778872460353,1.17752410908813e-05,8.5585898660552e-05,6963764
"92","2020/06/09",73,1,11896,250,621,0.00170827156118444,1.04828365809065e-05,8.91759111882597e-05,6963764
"93","2020/06/10",69,0,11965,250,665,0.00171817999576091,9.9084345764733e-06,9.54943332370253e-05,6963764
"94","2020/06/11",66,1,12031,251,677,0.00172765762883406,9.47763307314837e-06,9.7217539250325e-05,6963764
"95","2020/06/12",71,1,12102,252,721,0.00173785326441275,1.01956355786899e-05,0.000103535961299091,6963764
"96","2020/06/13",73,0,12175,252,763,0.00174833610099366,1.04828365809065e-05,0.00010956718234564,6963764
"97","2020/06/14",76,1,12251,253,821,0.00175924973907789,1.09136380842315e-05,0.000117896011409921,6963764
"98","2020/06/15",59,1,12310,254,856,0.00176772216864328,8.47242956539021e-06,0.000122922028948712,6963764
"99","2020/06/16",57,1,12367,255,844,0.00177590739720645,8.18522856317359e-06,0.000121198822935413,6963764
"100","2020/06/17",59,1,12426,256,855,0.00178437982677184,8.47242956539021e-06,0.000122778428447604,6963764
"101","2020/06/18",96,1,12522,257,855,0.00179816547487824,1.37856481063976e-05,0.000122778428447604,6963764
"102","2020/06/19",94,1,12616,258,875,0.00181166392198242,1.3498447104181e-05,0.00012565043846977,6963764
"103","2020/06/20",93,1,12709,259,886,0.00182501876858549,1.33548466030727e-05,0.000127230043981961,6963764
"104","2020/06/21",94,1,12803,260,907,0.00183851721568968,1.3498447104181e-05,0.000130245654505236,6963764
"105","2020/06/22",91,1,12894,261,929,0.00185158486129053,1.30676456008561e-05,0.000133404865529619,6963764
"106","2020/06/23",96,1,12990,262,959,0.00186537050939693,1.37856481063976e-05,0.000137712880562868,6963764
"107","2020/06/24",102,1,13092,263,990,0.00188001776050998,1.46472511130475e-05,0.000142164496097226,6963764
"108","2020/06/25",143,0,13235,263,1060,0.00190055263216847,2.05348716584881e-05,0.000152216531174807,6963764
"109","2020/06/26",137,1,13372,264,1121,0.0019202259008203,1.96732686518383e-05,0.000160976161742414,6963764
"110","2020/06/27",193,1,13565,265,1255,0.00194794079753421,2.77148967139036e-05,0.000180218628890927,6963764
"111","2020/06/28",227,2,13792,267,1425,0.00198053811128579,3.25973137515861e-05,0.00020463071407934,6963764
"112","2020/06/29",254,3,14046,270,1620,0.0020170126385673,3.64745272815104e-05,0.00023263281179546,6963764
"113","2020/06/30",242,4,14288,274,1766,0.00205176395983551,3.47513212682107e-05,0.000253598484957273,6963764
"114","2020/07/01",276,3,14564,277,1948,0.00209139769814141,3.96337383058932e-05,0.000279733776158985,6963764
"115","2020/07/02",272,4,14836,281,2127,0.00213045703444287,3.905933630146e-05,0.000305438265857373,6963764
"116","2020/07/03",359,6,15195,287,2392,0.00218200961434075,5.15525798978828e-05,0.000343492398651074,6963764
"117","2020/07/04",309,11,15504,298,2610,0.00222638216918322,4.43725548424674e-05,0.000374797307892686,6963764
"118","2020/07/05",325,8,15829,306,2839,0.00227305233204342,4.66701628602003e-05,0.000407681822646488,6963764
"119","2020/07/06",302,5,16131,311,3039,0.00231641968337813,4.33673513347092e-05,0.00043640192286815,6963764
"120","2020/07/07",289,6,16420,317,3185,0.00235792022819843,4.15005448203012e-05,0.000457367596029963,6963764
"121","2020/07/08",299,13,16719,330,3347,0.00240085677802981,4.29365498313843e-05,0.000480630877209509,6963764
"122","2020/07/09",357,11,17076,341,3511,0.00245212215692548,5.12653788956662e-05,0.000504181359391272,6963764
"123","2020/07/10",266,11,17342,352,3550,0.00249031989022029,3.81977332948101e-05,0.000509781778934496,6963764
"124","2020/07/11",386,18,17728,370,3682,0.0025457496836481,5.54297934278071e-05,0.000528737045080793,6963764
"125","2020/07/12",345,12,18073,382,3785,0.00259529185653046,4.95421728823665e-05,0.000543527896694948,6963764
"126","2020/07/13",287,11,18360,393,3796,0.00263650520034855,4.12133438180846e-05,0.00054510750220714,6963764
"127","2020/07/14",279,12,18639,405,3803,0.00267656974015777,4.00645398092181e-05,0.000546112705714898,6963764
"128","2020/07/15",344,13,18983,418,3788,0.00272596831253902,4.93985723812582e-05,0.000543958698198273,6963764
"129","2020/07/16",351,11,19334,429,3830,0.00277637208842804,5.04037758890163e-05,0.000549989919244822,6963764
"130","2020/07/17",383,13,19717,442,3888,0.00283137108035252,5.49989919244822e-05,0.000558318748309104,6963764
"131","2020/07/18",392,10,20109,452,3978,0.00288766247678698,5.6291396434457e-05,0.000571242793408852,6963764
"132","2020/07/19",389,9,20498,461,4078,0.00294352307171811,5.58605949311321e-05,0.000585602843519683,6963764
"133","2020/07/20",396,11,20894,472,4175,0.003000388870157,5.68657984388902e-05,0.000599532092127189,6963764
"134","2020/07/21",359,10,21253,482,4177,0.00305194145005488,5.15525798978828e-05,0.000599819293129405,6963764
"135","2020/07/22",352,9,21605,491,4263,0.00310248882644501,5.05473763901247e-05,0.00061216893622472,6963764
"136","2020/07/23",426,8,22031,499,4303,0.00316366263991715,6.11738134721395e-05,0.000617912956269052,6963764
"137","2020/07/24",412,9,22443,508,4370,0.00322282604637377,5.91634064566232e-05,0.000627534189843309,6963764
"138","2020/07/25",409,10,22852,518,4492,0.00328155865132707,5.87326049532982e-05,0.000645053450978523,6963764
"139","2020/07/26",411,8,23263,526,4624,0.00334057845728258,5.90198059555149e-05,0.000664008717124819,6963764
"140","2020/07/27",467,8,23730,534,4747,0.00340763989130016,6.70614340175801e-05,0.000681671578761141,6963764
"141","2020/07/28",411,9,24141,543,4807,0.00346665969725568,5.90198059555149e-05,0.00069028760882764,6963764
"142","2020/07/29",379,8,24520,551,4803,0.00352108428717573,5.4424589920049e-05,0.000689713206823207,6963764
"143","2020/07/30",372,7,24892,558,4783,0.00357450367358802,5.34193864122908e-05,0.00068684119680104,6963764
"144","2020/07/31",321,7,25213,565,4715,0.00362059943444379,4.60957608557671e-05,0.000677076362725675,6963764
"145","2020/08/01",339,8,25552,573,4658,0.0036692800043195,4.86805698757166e-05,0.000668891134162502,6963764
"146","2020/08/02",330,9,25882,582,4629,0.00371666816968524,4.73881653657419e-05,0.000664726719630361,6963764
"147","2020/08/03",311,8,26193,590,4588,0.00376132792552993,4.4659755844684e-05,0.00065883909908492,6963764
"148","2020/08/04",258,8,26451,598,4420,0.00379837685481587,3.70489292859436e-05,0.000634714214898724,6963764
"149","2020/08/05",287,7,26738,605,4295,0.00383959019863396,4.12133438180846e-05,0.000616764152260186,6963764
"150","2020/08/06",295,9,27033,614,4181,0.00388195234646091,4.23621478269511e-05,0.000600393695133839,6963764
"151","2020/08/07",299,7,27332,621,4069,0.00392488889629229,4.29365498313843e-05,0.000584310439009708,6963764
"152","2020/08/08",276,5,27608,626,3878,0.00396452263459819,3.96337383058932e-05,0.000556882743298021,6963764
"153","2020/08/09",255,6,27863,632,3722,0.0040011407623808,3.66181277826187e-05,0.000534481065125125,6963764
"154","2020/08/10",236,9,28099,641,3579,0.00403503048064237,3.38897182615608e-05,0.000513946193466637,6963764
"155","2020/08/11",163,5,28262,646,3370,0.00405843736232302,2.34068816806543e-05,0.000483933688735,6963764
"156","2020/08/12",235,6,28497,652,3284,0.00409218348008347,3.37461177604525e-05,0.000471584045639686,6963764
"157","2020/08/13",254,6,28751,658,3199,0.00412865800736498,3.64745272815104e-05,0.000459378003045479,6963764
