"","date","cases","deaths","cum_cases","cum_deaths","cases_active","p_cases","p_cases_daily","p_cases_active","population"
"1","2020/03/05",1,0,1,0,1,4.80559448087085e-07,4.80559448087085e-07,4.80559448087085e-07,2080908
"2","2020/03/06",5,0,6,0,6,2.88335668852251e-06,2.40279724043543e-06,2.88335668852251e-06,2080908
"3","2020/03/07",3,0,9,0,9,4.32503503278377e-06,1.44167834426126e-06,4.32503503278377e-06,2080908
"4","2020/03/08",3,0,12,0,12,5.76671337704502e-06,1.44167834426126e-06,5.76671337704502e-06,2080908
"5","2020/03/09",4,0,16,0,16,7.68895116939336e-06,1.92223779234834e-06,7.68895116939336e-06,2080908
"6","2020/03/11",15,0,31,0,31,1.48973428906996e-05,7.20839172130628e-06,1.48973428906996e-05,2080908
"7","2020/03/12",26,0,57,0,57,2.73918885409638e-05,1.24945456502642e-05,2.73918885409638e-05,2080908
"8","2020/03/13",39,0,96,0,96,4.61337070163602e-05,1.87418184753963e-05,4.61337070163602e-05,2080908
"9","2020/03/14",45,0,141,0,141,6.7758882180279e-05,2.16251751639188e-05,6.7758882180279e-05,2080908
"10","2020/03/15",40,0,181,0,181,8.69812601037624e-05,1.92223779234834e-05,8.69812601037624e-05,2080908
"11","2020/03/16",38,0,219,0,219,0.000105242519131072,1.82612590273092e-05,0.000105242519131072,2080908
"12","2020/03/17",34,0,253,0,253,0.000121581540366033,1.63390212349609e-05,0.000121581540366033,2080908
"13","2020/03/18",22,1,275,1,274,0.000132153848223948,1.05723078579159e-05,0.000131673288775861,2080908
"14","2020/03/19",11,0,286,1,280,0.000137440002152906,5.28615392895794e-06,0.000134556645464384,2080908
"15","2020/03/20",33,0,319,1,310,0.00015329846393978,1.58584617868738e-05,0.000148973428906996,2080908
"16","2020/03/21",22,0,341,1,329,0.000163870771797696,1.05723078579159e-05,0.000158104058420651,2080908
"17","2020/03/22",42,0,383,1,367,0.000184054268617354,2.01834968196576e-05,0.00017636531744796,2080908
"18","2020/03/23",31,0,414,1,383,0.000198951611508053,1.48973428906996e-05,0.000184054268617354,2080908
"19","2020/03/24",28,0,442,1,385,0.000212407276054492,1.34556645464384e-05,0.000185015387513528,2080908
"20","2020/03/25",38,2,480,3,384,0.000230668535081801,1.82612590273092e-05,0.000184534828065441,2080908
"21","2020/03/26",48,1,528,4,387,0.000253735388589981,2.30668535081801e-05,0.000185976506409702,2080908
"22","2020/03/27",49,1,577,5,396,0.000277282801546248,2.35474129562672e-05,0.000190301541442486,2080908
"23","2020/03/28",55,4,632,9,413,0.000303713571191038,2.64307696447897e-05,0.000198471052059966,2080908
"24","2020/03/29",59,0,691,9,438,0.000332066578628176,2.8353007437138e-05,0.000210485038262143,2080908
"25","2020/03/30",39,2,730,11,455,0.000350808397103572,1.87418184753963e-05,0.000218654548879624,2080908
"26","2020/03/31",33,0,763,11,477,0.000366666858890446,1.58584617868738e-05,0.00022922685673754,2080908
"27","2020/04/01",51,2,814,13,495,0.000391175390742887,2.45085318524413e-05,0.000237876926803107,2080908
"28","2020/04/02",27,2,841,15,500,0.000404150495841239,1.29751050983513e-05,0.000240279724043543,2080908
"29","2020/04/03",56,1,897,16,514,0.000431061824934115,2.69113290928768e-05,0.000247007556316762,2080908
"30","2020/04/04",37,4,934,20,520,0.000448842524513337,1.77806995792221e-05,0.000249890913005284,2080908
"31","2020/04/05",43,2,977,22,535,0.000469506580781082,2.06640562677447e-05,0.000257099304726591,2080908
"32","2020/04/06",20,6,997,28,517,0.000479117769742824,9.6111889617417e-06,0.000248449234661023,2080908
"33","2020/04/07",24,2,1021,30,493,0.000490651196496914,1.153342675409e-05,0.000236915807906933,2080908
"34","2020/04/08",34,6,1055,36,478,0.000506990217731875,1.63390212349609e-05,0.000229707416185627,2080908
"35","2020/04/09",36,4,1091,40,459,0.00052429035786301,1.73001401311351e-05,0.000220576786671972,2080908
"36","2020/04/10",33,3,1124,43,433,0.000540148819649884,1.58584617868738e-05,0.000208082241021708,2080908
"37","2020/04/11",36,2,1160,45,430,0.000557448959781019,1.73001401311351e-05,0.000206640562677447,2080908
"38","2020/04/12",28,5,1188,50,425,0.000570904624327457,1.34556645464384e-05,0.000204237765437011,2080908
"39","2020/04/13",17,3,1205,53,391,0.000579074134944937,8.16951061748045e-06,0.00018789874420205,2080908
"40","2020/04/14",7,2,1212,55,371,0.000582438051081547,3.3639161366096e-06,0.000178287555240309,2080908
"41","2020/04/15",8,1,1220,56,323,0.000586282526666244,3.84447558469668e-06,0.000155220701732128,2080908
"42","2020/04/16",28,5,1248,61,314,0.000599738191212682,1.34556645464384e-05,0.000150895666699345,2080908
"43","2020/04/17",20,0,1268,61,291,0.000609349380174424,9.6111889617417e-06,0.000139842799393342,2080908
"44","2020/04/18",36,5,1304,66,307,0.000626649520305559,1.73001401311351e-05,0.000147531750562735,2080908
"45","2020/04/19",13,4,1317,70,296,0.000632896793130691,6.24727282513211e-06,0.000142245596633777,2080908
"46","2020/04/20",13,4,1330,74,275,0.000639144065955823,6.24727282513211e-06,0.000132153848223948,2080908
"47","2020/04/21",5,0,1335,74,244,0.000641546863196259,2.40279724043543e-06,0.000117256505333249,2080908
"48","2020/04/22",5,3,1340,77,216,0.000643949660436694,2.40279724043543e-06,0.00010380084078681,2080908
"49","2020/04/23",13,2,1353,79,193,0.000650196933261826,6.24727282513211e-06,9.27479734808074e-05,2080908
"50","2020/04/24",13,0,1366,79,178,0.000656444206086958,6.24727282513211e-06,8.55395817595011e-05,2080908
"51","2020/04/25",7,1,1373,80,168,0.000659808122223568,3.3639161366096e-06,8.07339872786303e-05,2080908
"52","2020/04/26",15,1,1388,81,176,0.000667016513944874,7.20839172130628e-06,8.4578462863327e-05,2080908
"53","2020/04/27",19,1,1407,82,187,0.000676147143458529,9.13062951365462e-06,8.98646167922849e-05,2080908
"54","2020/04/28",0,1,1407,83,159,0.000676147143458529,0,7.64089522458465e-05,2080908
"55","2020/04/29",1,3,1408,86,140,0.000676627702906616,4.80559448087085e-07,6.72783227321919e-05,2080908
"56","2020/04/30",10,3,1418,89,114,0.000681433297387487,4.80559448087085e-06,5.47837770819277e-05,2080908
"57","2020/05/01",11,2,1429,91,112,0.000686719451316445,5.28615392895794e-06,5.38226581857535e-05,2080908
"58","2020/05/02",5,2,1434,93,104,0.00068912224855688,2.40279724043543e-06,4.99781826010568e-05,2080908
"59","2020/05/03",5,1,1439,94,104,0.000691525045797315,2.40279724043543e-06,4.99781826010568e-05,2080908
"60","2020/05/04",0,2,1439,96,99,0.000691525045797315,0,4.75753853606214e-05,2080908
"61","2020/05/05",6,1,1445,97,92,0.000694408402485838,2.88335668852251e-06,4.42114692240118e-05,2080908
"62","2020/05/06",3,1,1448,98,82,0.000695850080830099,1.44167834426126e-06,3.9405874743141e-05,2080908
"63","2020/05/07",1,1,1449,99,76,0.000696330640278186,4.80559448087085e-07,3.65225180546185e-05,2080908
"64","2020/05/08",1,0,1450,99,62,0.000696811199726273,4.80559448087085e-07,2.97946857813993e-05,2080908
"65","2020/05/09",4,1,1454,100,47,0.000698733437518622,1.92223779234834e-06,2.2586294060093e-05,2080908
"66","2020/05/10",3,1,1457,101,50,0.000700175115862883,1.44167834426126e-06,2.40279724043543e-05,2080908
"67","2020/05/11",3,1,1460,102,52,0.000701616794207144,1.44167834426126e-06,2.49890913005284e-05,2080908
"68","2020/05/12",1,0,1461,102,43,0.000702097353655231,4.80559448087085e-07,2.06640562677447e-05,2080908
"69","2020/05/13",2,0,1463,102,34,0.000703058472551405,9.6111889617417e-07,1.63390212349609e-05,2080908
"70","2020/05/14",1,1,1464,103,30,0.000703539031999493,4.80559448087085e-07,1.44167834426126e-05,2080908
"71","2020/05/15",1,0,1465,103,26,0.00070401959144758,4.80559448087085e-07,1.24945456502642e-05,2080908
"72","2020/05/16",0,0,1465,103,26,0.00070401959144758,0,1.24945456502642e-05,2080908
"73","2020/05/17",1,0,1466,103,21,0.000704500150895667,4.80559448087085e-07,1.00917484098288e-05,2080908
"74","2020/05/18",0,1,1466,104,18,0.000704500150895667,0,8.65007006556753e-06,2080908
"75","2020/05/19",1,0,1467,104,18,0.000704980710343754,4.80559448087085e-07,8.65007006556753e-06,2080908
"76","2020/05/20",1,0,1468,104,18,0.000705461269791841,4.80559448087085e-07,8.65007006556753e-06,2080908
"77","2020/05/21",0,2,1468,106,14,0.000705461269791841,0,6.72783227321919e-06,2080908
"78","2020/05/22",0,0,1468,106,11,0.000705461269791841,0,5.28615392895794e-06,2080908
"79","2020/05/23",0,0,1468,106,8,0.000705461269791841,0,3.84447558469668e-06,2080908
"80","2020/05/24",0,0,1468,106,7,0.000705461269791841,0,3.3639161366096e-06,2080908
"81","2020/05/25",1,0,1469,106,6,0.000705941829239928,4.80559448087085e-07,2.88335668852251e-06,2080908
"82","2020/05/26",0,0,1469,106,5,0.000705941829239928,0,2.40279724043543e-06,2080908
"83","2020/05/27",0,0,1469,106,4,0.000705941829239928,0,1.92223779234834e-06,2080908
"84","2020/05/28",2,1,1471,107,6,0.000706902948136102,9.6111889617417e-07,2.88335668852251e-06,2080908
"85","2020/05/29",2,1,1473,108,7,0.000707864067032276,9.6111889617417e-07,3.3639161366096e-06,2080908
"86","2020/05/30",0,0,1473,108,7,0.000707864067032276,0,3.3639161366096e-06,2080908
"87","2020/05/31",0,0,1473,108,6,0.000707864067032276,0,2.88335668852251e-06,2080908
"88","2020/06/01",0,0,1473,108,5,0.000707864067032276,0,2.40279724043543e-06,2080908
"89","2020/06/02",2,0,1475,108,7,0.00070882518592845,9.6111889617417e-07,3.3639161366096e-06,2080908
"90","2020/06/03",0,0,1475,108,7,0.00070882518592845,0,3.3639161366096e-06,2080908
"91","2020/06/04",2,0,1477,108,9,0.000709786304824625,9.6111889617417e-07,4.32503503278377e-06,2080908
"92","2020/06/05",2,0,1479,108,11,0.000710747423720799,9.6111889617417e-07,5.28615392895794e-06,2080908
"93","2020/06/06",5,0,1484,108,15,0.000713150220961234,2.40279724043543e-06,7.20839172130628e-06,2080908
"94","2020/06/07",1,0,1485,108,16,0.000713630780409321,4.80559448087085e-07,7.68895116939336e-06,2080908
"95","2020/06/08",0,0,1485,108,16,0.000713630780409321,0,7.68895116939336e-06,2080908
"96","2020/06/09",0,0,1485,108,14,0.000713630780409321,0,6.72783227321919e-06,2080908
"97","2020/06/10",1,0,1486,108,13,0.000714111339857408,4.80559448087085e-07,6.24727282513211e-06,2080908
"98","2020/06/11",2,1,1488,109,15,0.000715072458753583,9.6111889617417e-07,7.20839172130628e-06,2080908
"99","2020/06/12",0,0,1488,109,15,0.000715072458753583,0,7.20839172130628e-06,2080908
"100","2020/06/13",2,0,1490,109,17,0.000716033577649757,9.6111889617417e-07,8.16951061748045e-06,2080908
"101","2020/06/14",2,0,1492,109,17,0.000716994696545931,9.6111889617417e-07,8.16951061748045e-06,2080908
"102","2020/06/15",3,0,1495,109,20,0.000718436374890192,1.44167834426126e-06,9.6111889617417e-06,2080908
"103","2020/06/16",1,0,1496,109,19,0.000718916934338279,4.80559448087085e-07,9.13062951365462e-06,2080908
"104","2020/06/17",3,0,1499,109,20,0.00072035861268254,1.44167834426126e-06,9.6111889617417e-06,2080908
"105","2020/06/18",4,0,1503,109,19,0.000722280850474889,1.92223779234834e-06,9.13062951365462e-06,2080908
"106","2020/06/19",8,0,1511,109,26,0.000726125326059586,3.84447558469668e-06,1.24945456502642e-05,2080908
"107","2020/06/20",2,0,1513,109,28,0.00072708644495576,9.6111889617417e-07,1.34556645464384e-05,2080908
"108","2020/06/21",6,0,1519,109,34,0.000729969801644282,2.88335668852251e-06,1.63390212349609e-05,2080908
"109","2020/06/22",1,0,1520,109,34,0.000730450361092369,4.80559448087085e-07,1.63390212349609e-05,2080908
"110","2020/06/23",1,0,1521,109,33,0.000730930920540456,4.80559448087085e-07,1.58584617868738e-05,2080908
"111","2020/06/24",13,2,1534,111,46,0.000737178193365589,6.24727282513211e-06,2.21057346120059e-05,2080908
"112","2020/06/25",7,0,1541,111,51,0.000740542109502198,3.3639161366096e-06,2.45085318524413e-05,2080908
"113","2020/06/26",6,0,1547,111,55,0.000743425466190721,2.88335668852251e-06,2.64307696447897e-05,2080908
"114","2020/06/27",11,0,1558,111,63,0.000748711620119678,5.28615392895794e-06,3.02752452294864e-05,2080908
"115","2020/06/28",14,0,1572,111,76,0.000755439452392898,6.72783227321919e-06,3.65225180546185e-05,2080908
"116","2020/06/29",9,0,1581,111,82,0.000759764487425682,4.32503503278377e-06,3.9405874743141e-05,2080908
"117","2020/06/30",4,0,1585,111,82,0.00076168672521803,1.92223779234834e-06,3.9405874743141e-05,2080908
"118","2020/07/01",15,0,1600,111,89,0.000768895116939336,7.20839172130628e-06,4.27697908797506e-05,2080908
"119","2020/07/02",13,0,1613,111,100,0.000775142389764468,6.24727282513211e-06,4.80559448087085e-05,2080908
"120","2020/07/03",20,0,1633,111,114,0.00078475357872621,9.6111889617417e-06,5.47837770819277e-05,2080908
"121","2020/07/04",16,0,1649,111,129,0.000792442529895603,7.68895116939336e-06,6.1992168803234e-05,2080908
"122","2020/07/05",30,0,1679,111,158,0.000806859313338216,1.44167834426126e-05,7.59283927977594e-05,2080908
"123","2020/07/06",21,0,1700,111,166,0.000816951061748045,1.00917484098288e-05,7.97728683824561e-05,2080908
"124","2020/07/07",16,0,1716,111,175,0.000824640012917438,7.68895116939336e-06,8.40979034152399e-05,2080908
"125","2020/07/08",23,0,1739,111,192,0.000835692880223441,1.1052867306003e-05,9.22674140327203e-05,2080908
"126","2020/07/09",24,0,1763,111,205,0.000847226306977531,1.153342675409e-05,9.85146868578524e-05,2080908
"127","2020/07/10",13,0,1776,111,204,0.000853473579802663,6.24727282513211e-06,9.80341274097654e-05,2080908
"128","2020/07/11",17,0,1793,111,212,0.000861643090420144,8.16951061748045e-06,0.000101878602994462,2080908
"129","2020/07/12",34,0,1827,111,242,0.000877982111655104,1.63390212349609e-05,0.000116295386437075,2080908
"130","2020/07/13",14,0,1841,111,241,0.000884709943928324,6.72783227321919e-06,0.000115814826988988,2080908
"131","2020/07/14",8,0,1849,111,236,0.00088855441951302,3.84447558469668e-06,0.000113412029748552,2080908
"132","2020/07/15",10,0,1859,111,226,0.000893360013993891,4.80559448087085e-06,0.000108606435267681,2080908
"133","2020/07/16",19,0,1878,111,229,0.000902490643507546,9.13062951365462e-06,0.000110048113611942,2080908
"134","2020/07/17",19,0,1897,111,218,0.0009116212730212,9.13062951365462e-06,0.000104761959682985,2080908
"135","2020/07/18",19,0,1916,111,216,0.000920751902534855,9.13062951365462e-06,0.00010380084078681,2080908
"136","2020/07/19",24,0,1940,111,224,0.000932285329288945,1.153342675409e-05,0.000107645316371507,2080908
"137","2020/07/20",6,0,1946,111,207,0.000935168685977468,2.88335668852251e-06,9.94758057540266e-05,2080908
"138","2020/07/21",7,0,1953,111,190,0.000938532602114077,3.3639161366096e-06,9.13062951365462e-05,2080908
"139","2020/07/22",24,0,1977,111,201,0.000950066028868167,1.153342675409e-05,9.65924490655041e-05,2080908
"140","2020/07/23",38,4,2015,115,222,0.000968327287895476,1.82612590273092e-05,0.000106684197475333,2080908
"141","2020/07/24",18,0,2033,115,206,0.000976977357961044,8.65007006556753e-06,9.89952463059395e-05,2080908
"142","2020/07/25",19,0,2052,115,211,0.000986107987474699,9.13062951365462e-06,0.000101398043546375,2080908
"143","2020/07/26",14,0,2066,115,217,0.000992835819747918,6.72783227321919e-06,0.000104281400234897,2080908
"144","2020/07/27",16,0,2082,115,223,0.00100052477091731,7.68895116939336e-06,0.00010716475692342,2080908
"145","2020/07/28",5,2,2087,117,209,0.00100292756815775,2.40279724043543e-06,0.000100436924650201,2080908
"146","2020/07/29",14,0,2101,117,204,0.00100965540043097,6.72783227321919e-06,9.80341274097654e-05,2080908
"147","2020/07/30",14,0,2115,117,199,0.00101638323270418,6.72783227321919e-06,9.56313301693299e-05,2080908
"148","2020/07/31",24,0,2139,117,199,0.00102791665945827,1.153342675409e-05,9.56313301693299e-05,2080908
"149","2020/08/01",26,0,2165,117,219,0.00104041120510854,1.24945456502642e-05,0.000105242519131072,2080908
"150","2020/08/02",6,0,2171,117,218,0.00104329456179706,2.88335668852251e-06,0.000104761959682985,2080908
"151","2020/08/03",9,0,2180,117,203,0.00104761959682985,4.32503503278377e-06,9.75535679616783e-05,2080908
"152","2020/08/04",1,0,2181,117,166,0.00104810015627793,4.80559448087085e-07,7.97728683824561e-05,2080908
"153","2020/08/05",9,1,2190,118,157,0.00105242519131072,4.32503503278377e-06,7.54478333496724e-05,2080908
"154","2020/08/06",18,0,2208,118,156,0.00106107526137628,8.65007006556753e-06,7.49672739015853e-05,2080908
"155","2020/08/07",15,0,2223,118,157,0.00106828365309759,7.20839172130628e-06,7.54478333496724e-05,2080908
"156","2020/08/08",10,1,2233,119,151,0.00107308924757846,4.80559448087085e-06,7.25644766611498e-05,2080908
"157","2020/08/09",14,1,2247,120,160,0.00107981707985168,6.72783227321919e-06,7.68895116939336e-05,2080908
"158","2020/08/10",2,0,2249,120,148,0.00108077819874785,9.6111889617417e-07,7.11227983168886e-05,2080908
"159","2020/08/11",6,0,2255,120,140,0.00108366155543638,2.88335668852251e-06,6.72783227321919e-05,2080908
"160","2020/08/12",17,0,2272,120,133,0.00109183106605386,8.16951061748045e-06,6.39144065955823e-05,2080908
"161","2020/08/13",31,3,2303,123,138,0.00110672840894456,1.48973428906996e-05,6.63172038360177e-05,2080908
"162","2020/08/14",29,1,2332,124,161,0.00112066463293908,1.39362239945255e-05,7.73700711420207e-05,2080908
"163","2020/08/15",37,0,2369,124,189,0.0011384453325183,1.77806995792221e-05,9.08257356884591e-05,2080908
"164","2020/08/16",32,0,2401,124,220,0.00115382323485709,1.53779023387867e-05,0.000105723078579159,2080908
"165","2020/08/17",15,0,2416,124,226,0.0011610316265784,7.20839172130628e-06,0.000108606435267681,2080908
"166","2020/08/18",22,0,2438,124,230,0.00117160393443631,1.05723078579159e-05,0.00011052867306003,2080908
"167","2020/08/19",18,0,2456,124,233,0.00118025400450188,8.65007006556753e-06,0.000111970351404291,2080908
"168","2020/08/20",37,1,2493,125,260,0.0011980347040811,1.77806995792221e-05,0.000124945456502642,2080908
"169","2020/08/21",43,0,2536,125,289,0.00121869876034885,2.06640562677447e-05,0.000138881680497168,2080908
"170","2020/08/22",38,2,2574,127,325,0.00123696001937616,1.82612590273092e-05,0.000156181820628303,2080908
"171","2020/08/23",43,0,2617,127,362,0.0012576240756439,2.06640562677447e-05,0.000173962520207525,2080908
"172","2020/08/24",34,0,2651,127,379,0.00127396309687886,1.63390212349609e-05,0.000182132030825005,2080908
"173","2020/08/25",14,1,2665,128,362,0.00128069092915208,6.72783227321919e-06,0.000173962520207525,2080908
"174","2020/08/26",21,0,2686,128,354,0.00129078267756191,1.00917484098288e-05,0.000170118044622828,2080908
"175","2020/08/27",36,0,2722,128,353,0.00130808281769305,1.73001401311351e-05,0.000169637485174741,2080908
"176","2020/08/28",33,0,2755,128,354,0.00132394127947992,1.58584617868738e-05,0.000170118044622828,2080908
"177","2020/08/29",42,0,2797,128,381,0.00134412477629958,2.01834968196576e-05,0.000183093149721179,2080908
"178","2020/08/30",37,0,2834,128,396,0.0013619054758788,1.77806995792221e-05,0.000190301541442486,2080908
"179","2020/08/31",31,0,2865,128,409,0.0013768028187695,1.48973428906996e-05,0.000196548814267618,2080908
"180","2020/09/01",27,0,2892,128,399,0.00138977792386785,1.29751050983513e-05,0.000191743219786747,2080908
"181","2020/09/02",41,0,2933,128,397,0.00140948086123942,1.97029373715705e-05,0.000190782100890573,2080908
