"","date","cases","deaths","cum_cases","cum_deaths","cases_active","p_cases","p_cases_daily","p_cases_active","population"
"1","2020/03/03",1,0,1,0,1,6.13633889576091e-08,6.13633889576091e-08,6.13633889576091e-08,16296362
"2","2020/03/05",2,0,3,0,3,1.84090166872827e-07,1.22726777915218e-07,1.84090166872827e-07,16296362
"3","2020/03/06",1,0,4,0,4,2.45453555830436e-07,6.13633889576091e-08,2.45453555830436e-07,16296362
"4","2020/03/13",2,0,6,0,6,3.68180333745654e-07,1.22726777915218e-07,3.68180333745654e-07,16296362
"5","2020/03/14",13,0,19,0,19,1.16590439019457e-06,7.97724056448918e-07,1.16590439019457e-06,16296362
"6","2020/03/15",2,0,21,0,21,1.28863116810979e-06,1.22726777915218e-07,1.28863116810979e-06,16296362
"7","2020/03/16",5,0,26,0,26,1.59544811289784e-06,3.06816944788045e-07,1.59544811289784e-06,16296362
"8","2020/03/17",1,0,27,0,27,1.65681150185544e-06,6.13633889576091e-08,1.65681150185544e-06,16296362
"9","2020/03/18",4,0,31,0,31,1.90226505768588e-06,2.45453555830436e-07,1.90226505768588e-06,16296362
"10","2020/03/19",5,0,36,0,36,2.20908200247393e-06,3.06816944788045e-07,2.20908200247393e-06,16296362
"11","2020/03/20",0,0,36,0,36,2.20908200247393e-06,0,2.20908200247393e-06,16296362
"12","2020/03/21",11,0,47,0,47,2.88407928100763e-06,6.749972785337e-07,2.88407928100763e-06,16296362
"13","2020/03/22",9,0,56,0,55,3.43634978162611e-06,5.52270500618482e-07,3.3749863926685e-06,16296362
"14","2020/03/23",11,0,67,0,64,4.11134706015981e-06,6.749972785337e-07,3.92725689328698e-06,16296362
"15","2020/03/24",12,0,79,0,75,4.84770772765112e-06,7.36360667491309e-07,4.60225417182068e-06,16296362
"16","2020/03/25",7,0,86,0,80,5.27725145035438e-06,4.29543722703263e-07,4.90907111660873e-06,16296362
"17","2020/03/26",13,0,99,0,80,6.0749755068033e-06,7.97724056448918e-07,4.90907111660873e-06,16296362
"18","2020/03/27",6,0,105,0,84,6.44315584054895e-06,3.68180333745654e-07,5.15452467243916e-06,16296362
"19","2020/03/28",14,0,119,0,93,7.30224328595548e-06,8.59087445406527e-07,5.70679517305764e-06,16296362
"20","2020/03/29",11,0,130,0,103,7.97724056448918e-06,6.749972785337e-07,6.32042906263373e-06,16296362
"21","2020/03/30",12,0,142,0,111,8.71360123198049e-06,7.36360667491309e-07,6.81133617429461e-06,16296362
"22","2020/03/31",20,0,162,0,126,9.94086901113267e-06,1.22726777915218e-06,7.73178700865874e-06,16296362
"23","2020/04/01",13,0,175,0,139,1.07385930675816e-05,7.97724056448918e-07,8.52951106510766e-06,16296362
"24","2020/04/02",15,1,190,1,143,1.16590439019457e-05,9.20450834364136e-07,8.7749646209381e-06,16296362
"25","2020/04/03",5,0,195,1,139,1.19658608467338e-05,3.06816944788045e-07,8.52951106510766e-06,16296362
"26","2020/04/04",12,0,207,1,140,1.27022215142251e-05,7.36360667491309e-07,8.59087445406527e-06,16296362
"27","2020/04/05",12,1,219,2,140,1.34385821817164e-05,7.36360667491309e-07,8.59087445406527e-06,16296362
"28","2020/04/06",3,0,222,2,136,1.36226723485892e-05,1.84090166872827e-07,8.34542089823483e-06,16296362
"29","2020/04/07",4,0,226,2,127,1.38681259044196e-05,2.45453555830436e-07,7.79315039761635e-06,16296362
"30","2020/04/08",11,0,237,2,132,1.45431231829533e-05,6.749972785337e-07,8.0999673424044e-06,16296362
"31","2020/04/09",7,0,244,2,125,1.49726669056566e-05,4.29543722703263e-07,7.67042361970113e-06,16296362
"32","2020/04/10",6,0,250,2,120,1.53408472394023e-05,3.68180333745654e-07,7.36360667491309e-06,16296362
"33","2020/04/11",15,0,265,2,123,1.62612980737664e-05,9.20450834364136e-07,7.54769684178591e-06,16296362
"34","2020/04/12",13,0,278,2,116,1.70590221302153e-05,7.97724056448918e-07,7.11815311908265e-06,16296362
"35","2020/04/13",2,0,280,2,105,1.71817489081305e-05,1.22726777915218e-07,6.44315584054895e-06,16296362
"36","2020/04/14",11,0,291,2,101,1.78567461866642e-05,6.749972785337e-07,6.19770228471852e-06,16296362
"37","2020/04/15",8,0,299,2,104,1.83476532983251e-05,4.90907111660873e-07,6.38179245159134e-06,16296362
"38","2020/04/16",15,0,314,2,107,1.92681041326892e-05,9.20450834364136e-07,6.56588261846417e-06,16296362
"39","2020/04/17",21,0,335,2,116,2.0556735300799e-05,1.28863116810979e-06,7.11815311908265e-06,16296362
"40","2020/04/18",7,1,342,3,120,2.09862790235023e-05,4.29543722703263e-07,7.36360667491309e-06,16296362
"41","2020/04/19",8,0,350,3,124,2.14771861351632e-05,4.90907111660873e-07,7.60906023074352e-06,16296362
"42","2020/04/20",17,1,367,4,130,2.25203637474425e-05,1.04317761227935e-06,7.97724056448918e-06,16296362
"43","2020/04/21",10,1,377,5,133,2.31339976370186e-05,6.13633889576091e-07,8.16133073136201e-06,16296362
"44","2020/04/22",35,0,412,5,162,2.52817162505349e-05,2.14771861351632e-06,9.94086901113267e-06,16296362
"45","2020/04/23",30,1,442,6,177,2.71226179192632e-05,1.84090166872827e-06,1.08613198454968e-05,16296362
"46","2020/04/24",37,0,479,6,201,2.93930633106947e-05,2.27044539143154e-06,1.23340411804794e-05,16296362
"47","2020/04/25",66,1,545,7,265,3.34430469818969e-05,4.0499836712022e-06,1.62612980737664e-05,16296362
"48","2020/04/26",69,0,614,7,323,3.7677120819972e-05,4.23407383807503e-06,1.98203746333077e-05,16296362
"49","2020/04/27",57,2,671,9,372,4.11748339905557e-05,3.49771317058372e-06,2.28271806922306e-05,16296362
"50","2020/04/28",64,0,735,9,421,4.51020908838427e-05,3.92725689328698e-06,2.58339867511534e-05,16296362
"51","2020/04/29",88,0,823,9,488,5.05020691121123e-05,5.3999782282696e-06,2.99453338113132e-05,16296362
"52","2020/04/30",59,0,882,9,540,5.41225090606112e-05,3.62043994849893e-06,3.31362300371089e-05,16296362
"53","2020/05/01",51,0,933,9,583,5.72520418974493e-05,3.12953283683806e-06,3.57748557622861e-05,16296362
"54","2020/05/02",91,0,1024,9,657,6.28361102925917e-05,5.58406839514242e-06,4.03157465451492e-05,16296362
"55","2020/05/03",91,0,1115,9,738,6.84201786877341e-05,5.58406839514242e-06,4.52861810507155e-05,16296362
"56","2020/05/04",67,0,1182,9,770,7.25315257478939e-05,4.11134706015981e-06,4.7249809497359e-05,16296362
"57","2020/05/05",89,1,1271,10,829,7.79928673651211e-05,5.46134161722721e-06,5.08702494458579e-05,16296362
"58","2020/05/06",58,1,1329,11,850,8.15519439246625e-05,3.55907655954133e-06,5.21588806139677e-05,16296362
"59","2020/05/07",104,1,1433,12,888,8.79337363762538e-05,6.38179245159134e-06,5.44906893943568e-05,16296362
"60","2020/05/08",59,1,1492,13,878,9.15541763247527e-05,3.62043994849893e-06,5.38770555047808e-05,16296362
"61","2020/05/09",59,1,1551,14,880,9.51746162732517e-05,3.62043994849893e-06,5.3999782282696e-05,16296362
"62","2020/05/10",83,3,1634,17,899,0.000100267777556733,5.09316128348155e-06,5.51656866728906e-05,16296362
"63","2020/05/11",75,2,1709,19,886,0.000104870031728554,4.60225417182068e-06,5.43679626164416e-05,16296362
"64","2020/05/12",177,0,1886,19,1004,0.000115731351574051,1.08613198454968e-05,6.16088425134395e-05,16296362
"65","2020/05/13",109,0,1995,19,1062,0.00012241996097043,6.68860939637939e-06,6.51679190729808e-05,16296362
"66","2020/05/14",110,3,2105,22,1081,0.000129169933755767,6.749972785337e-06,6.63338234631754e-05,16296362
"67","2020/05/15",84,1,2189,23,1074,0.000134324458428206,5.15452467243916e-06,6.59042797404721e-05,16296362
"68","2020/05/16",121,2,2310,25,1128,0.000141749428492077,7.4249700638707e-06,6.9217902744183e-05,16296362
"69","2020/05/17",119,0,2429,25,1158,0.000149051671778032,7.30224328595548e-06,7.10588044129113e-05,16296362
"70","2020/05/18",51,1,2480,26,1151,0.00015218120461487,3.12953283683806e-06,7.0629260690208e-05,16296362
"71","2020/05/19",64,0,2544,26,1111,0.000156108461508157,3.92725689328698e-06,6.81747251319037e-05,16296362
"72","2020/05/20",73,4,2617,30,1125,0.000160587988902063,4.47952739390546e-06,6.90338125773102e-05,16296362
"73","2020/05/21",97,0,2714,30,1163,0.000166540237630951,5.95224872888808e-06,7.13656213576993e-05,16296362
"74","2020/05/22",98,3,2812,33,1178,0.000172553849748797,6.01361211784569e-06,7.22860721920635e-05,16296362
"75","2020/05/23",97,0,2909,33,1200,0.000178506098477685,5.95224872888808e-06,7.36360667491309e-05,16296362
"76","2020/05/24",67,2,2976,35,1090,0.000182617445537845,4.11134706015981e-06,6.68860939637939e-05,16296362
"77","2020/05/25",71,0,3047,35,1052,0.000186974246153835,4.35680061599024e-06,6.45542851834047e-05,16296362
"78","2020/05/26",83,1,3130,36,1025,0.000192067407437316,5.09316128348155e-06,6.28974736815493e-05,16296362
"79","2020/05/27",31,1,3161,37,972,0.000193969672495002,1.90226505768588e-06,5.9645214066796e-05,16296362
"80","2020/05/28",92,2,3253,39,943,0.000199615104279102,5.64543178410003e-06,5.78656757870253e-05,16296362
"81","2020/05/29",95,2,3348,41,919,0.000205444626230075,5.82952195097286e-06,5.63929544520427e-05,16296362
"82","2020/05/30",81,0,3429,41,949,0.000210415060735641,4.97043450556633e-06,5.8233856120771e-05,16296362
"83","2020/05/31",106,1,3535,42,991,0.000216919579965148,6.50451922950656e-06,6.08111184569906e-05,16296362
"84","2020/06/01",110,0,3645,42,1028,0.000223669552750485,6.749972785337e-06,6.30815638484221e-05,16296362
"85","2020/06/02",94,0,3739,42,1025,0.0002294377113125,5.76815856201525e-06,6.28974736815493e-05,16296362
"86","2020/06/03",97,1,3836,43,1024,0.000235389960041388,5.95224872888808e-06,6.28361102925917e-05,16296362
"87","2020/06/04",96,2,3932,45,1023,0.000241280845381319,5.89088533993047e-06,6.27747469036341e-05,16296362
"88","2020/06/05",89,0,4021,45,1045,0.000246742186998546,5.46134161722721e-06,6.41247414607015e-05,16296362
"89","2020/06/06",134,0,4155,45,1108,0.000254964881118866,8.22269412031961e-06,6.79906349650308e-05,16296362
"90","2020/06/07",94,2,4249,47,1119,0.000260733039680881,5.76815856201525e-06,6.86656322435645e-05,16296362
"91","2020/06/08",79,2,4328,49,1167,0.000265580747408532,4.84770772765112e-06,7.16110749135298e-05,16296362
"92","2020/06/09",99,3,4427,52,1174,0.000271655722915335,6.0749755068033e-06,7.2040618636233e-05,16296362
"93","2020/06/10",89,0,4516,52,1168,0.000277117064532563,5.46134161722721e-06,7.16724383024874e-05,16296362
"94","2020/06/11",124,2,4640,54,1211,0.000284726124763306,7.60906023074352e-06,7.43110640276646e-05,16296362
"95","2020/06/12",119,2,4759,56,1224,0.000292028368049262,7.30224328595548e-06,7.51087880841135e-05,16296362
"96","2020/06/13",92,0,4851,56,1206,0.000297673799833362,5.64543178410003e-06,7.40042470828765e-05,16296362
"97","2020/06/14",145,4,4996,60,1257,0.000306571491232215,8.89769139885332e-06,7.71337799197146e-05,16296362
"98","2020/06/15",94,0,5090,60,1254,0.00031233964979423,5.76815856201525e-06,7.69496897528418e-05,16296362
"99","2020/06/16",83,4,5173,64,1241,0.000317432811077712,5.09316128348155e-06,7.61519656963929e-05,16296362
"100","2020/06/17",74,6,5247,70,1226,0.000321973701860575,4.54089078286307e-06,7.52315148620287e-05,16296362
"101","2020/06/18",122,3,5369,73,1214,0.000329460035313403,7.48633345282831e-06,7.44951541945374e-05,16296362
"102","2020/06/19",106,3,5475,76,1226,0.00033596455454291,6.50451922950656e-06,7.52315148620287e-05,16296362
"103","2020/06/20",164,3,5639,79,1311,0.000346028150331958,1.00635957890479e-05,8.04474029234255e-05,16296362
"104","2020/06/21",99,3,5738,82,1311,0.000352103125838761,6.0749755068033e-06,8.04474029234255e-05,16296362
"105","2020/06/22",150,2,5888,84,1372,0.000361307634182402,9.20450834364136e-06,8.41905696498396e-05,16296362
"106","2020/06/23",82,2,5970,86,1330,0.000366339432076926,5.03179789452394e-06,8.16133073136201e-05,16296362
"107","2020/06/24",64,3,6034,89,1275,0.000370266688970213,3.92725689328698e-06,7.82383209209516e-05,16296362
"108","2020/06/25",95,4,6129,93,1278,0.000376096210921186,5.82952195097286e-06,7.84224110878244e-05,16296362
"109","2020/06/26",104,1,6233,94,1237,0.000382478003372777,6.38179245159134e-06,7.59065121405624e-05,16296362
"110","2020/06/27",121,4,6354,98,1264,0.000389902973436648,7.4249700638707e-06,7.75633236424179e-05,16296362
"111","2020/06/28",105,4,6459,102,1286,0.000396346129277197,6.44315584054895e-06,7.89133181994853e-05,16296362
"112","2020/06/29",127,3,6586,105,1339,0.000404139279674813,7.79315039761635e-06,8.21655778142385e-05,16296362
"113","2020/06/30",112,3,6698,108,1329,0.000411011979238066,6.87269956325222e-06,8.15519439246625e-05,16296362
"114","2020/07/01",95,4,6793,112,1318,0.000416841501189038,5.82952195097286e-06,8.08769466461287e-05,16296362
"115","2020/07/02",132,4,6925,116,1286,0.000424941468531443,8.0999673424044e-06,7.89133181994853e-05,16296362
"116","2020/07/03",129,5,7054,121,1316,0.000432857345706974,7.91587717553157e-06,8.07542198682135e-05,16296362
"117","2020/07/04",110,4,7164,125,1276,0.000439607318492311,6.749972785337e-06,7.82996843099092e-05,16296362
"118","2020/07/05",108,4,7272,129,1302,0.000446234564499733,6.62724600742178e-06,7.9895132422807e-05,16296362
"119","2020/07/06",128,4,7400,133,1366,0.000454089078286307,7.85451378657396e-06,8.3822389316094e-05,16296362
"120","2020/07/07",78,3,7478,136,1349,0.000458875422625001,4.78634433869351e-06,8.27792117038146e-05,16296362
"121","2020/07/08",69,1,7547,137,1314,0.000463109496463076,4.23407383807503e-06,8.06314930902983e-05,16296362
"122","2020/07/09",110,4,7657,141,1303,0.000469859469248413,6.749972785337e-06,7.99564958117646e-05,16296362
"123","2020/07/10",127,2,7784,143,1325,0.000477652619646029,7.79315039761635e-06,8.1306490368832e-05,16296362
"124","2020/07/11",98,2,7882,145,1296,0.000483666231763875,6.01361211784569e-06,7.95269520890614e-05,16296362
"125","2020/07/12",132,0,8014,145,1316,0.000491766199106279,8.0999673424044e-06,8.07542198682135e-05,16296362
"126","2020/07/13",121,3,8135,148,1342,0.00049919116917015,7.4249700638707e-06,8.23496679811114e-05,16296362
"127","2020/07/14",63,2,8198,150,1273,0.000503057062674479,3.86589350432937e-06,7.81155941430363e-05,16296362
"128","2020/07/15",45,0,8243,150,1189,0.000505818415177572,2.76135250309241e-06,7.29610694705972e-05,16296362
"129","2020/07/16",126,3,8369,153,1205,0.00051355020218623,7.73178700865874e-06,7.39428836939189e-05,16296362
"130","2020/07/17",112,3,8481,156,1209,0.000520422901749482,6.87269956325222e-06,7.41883372497494e-05,16296362
"131","2020/07/18",63,4,8544,160,1144,0.000524288795253812,3.86589350432937e-06,7.01997169675048e-05,16296362
"132","2020/07/19",125,3,8669,163,1191,0.000531959218873513,7.67042361970113e-06,7.30837962485124e-05,16296362
"133","2020/07/20",141,4,8810,167,1263,0.000540611456716536,8.65223784302288e-06,7.75019602534602e-05,16296362
"134","2020/07/21",138,3,8948,170,1291,0.000549079604392686,8.46814767615005e-06,7.92201351442733e-05,16296362
"135","2020/07/22",37,4,8985,174,1201,0.000551350049784118,2.27044539143154e-06,7.36974301380885e-05,16296362
"136","2020/07/23",136,3,9121,177,1239,0.000559695470682352,8.34542089823483e-06,7.60292389184776e-05,16296362
"137","2020/07/24",145,1,9266,178,1252,0.000568593162081206,8.89769139885332e-06,7.68269629749266e-05,16296362
"138","2020/07/25",156,4,9422,182,1287,0.000578165850758593,9.57268867738701e-06,7.89746815884429e-05,16296362
"139","2020/07/26",130,5,9552,187,1354,0.000586143091323082,7.97724056448918e-06,8.30860286486027e-05,16296362
"140","2020/07/27",129,4,9681,191,1438,0.000594058968498613,7.91587717553157e-06,8.82405533210418e-05,16296362
"141","2020/07/28",83,3,9764,194,1395,0.000599152129782095,5.09316128348155e-06,8.56019275958646e-05,16296362
"142","2020/07/29",41,4,9805,198,1324,0.000601668028729357,2.51589894726197e-06,8.12451269798744e-05,16296362
"143","2020/07/30",156,2,9961,200,1417,0.000611240717406744,9.57268867738701e-06,8.6951922152932e-05,16296362
"144","2020/07/31",145,4,10106,204,1437,0.000620138408805597,8.89769139885332e-06,8.81791899320842e-05,16296362
