"","date","cases","deaths","cum_cases","cum_deaths","cases_active","p_cases","p_cases_daily","p_cases_active","population"
"1","2020/04/09",4,0,4,0,4,1.86004984933596e-05,1.86004984933596e-05,1.86004984933596e-05,215048
"2","2020/04/10",0,0,4,0,4,1.86004984933596e-05,0,1.86004984933596e-05,215048
"3","2020/04/11",0,0,4,0,4,1.86004984933596e-05,0,1.86004984933596e-05,215048
"4","2020/04/12",0,0,4,0,4,1.86004984933596e-05,0,1.86004984933596e-05,215048
"5","2020/04/13",0,0,4,0,4,1.86004984933596e-05,0,1.86004984933596e-05,215048
"6","2020/04/14",0,0,4,0,4,1.86004984933596e-05,0,1.86004984933596e-05,215048
"7","2020/04/15",0,0,4,0,4,1.86004984933596e-05,0,1.86004984933596e-05,215048
"8","2020/04/16",0,0,4,0,4,1.86004984933596e-05,0,1.86004984933596e-05,215048
"9","2020/04/17",0,0,4,0,4,1.86004984933596e-05,0,1.86004984933596e-05,215048
"10","2020/04/18",0,0,4,0,4,1.86004984933596e-05,0,1.86004984933596e-05,215048
"11","2020/04/19",0,0,4,0,4,1.86004984933596e-05,0,1.86004984933596e-05,215048
"12","2020/04/20",0,0,4,0,4,1.86004984933596e-05,0,1.86004984933596e-05,215048
"13","2020/04/21",0,0,4,0,0,1.86004984933596e-05,0,0,215048
"14","2020/04/22",0,0,4,0,0,1.86004984933596e-05,0,0,215048
"15","2020/04/23",3,0,7,0,3,3.25508723633793e-05,1.39503738700197e-05,1.39503738700197e-05,215048
"16","2020/04/24",1,0,8,0,4,3.72009969867192e-05,4.65012462333991e-06,1.86004984933596e-05,215048
"17","2020/04/25",0,0,8,0,4,3.72009969867192e-05,0,1.86004984933596e-05,215048
"18","2020/04/26",0,0,8,0,4,3.72009969867192e-05,0,1.86004984933596e-05,215048
"19","2020/04/27",0,0,8,0,4,3.72009969867192e-05,0,1.86004984933596e-05,215048
"20","2020/04/28",0,0,8,0,4,3.72009969867192e-05,0,1.86004984933596e-05,215048
"21","2020/04/29",3,0,11,0,7,5.1151370856739e-05,1.39503738700197e-05,3.25508723633793e-05,215048
"22","2020/04/30",3,0,14,0,10,6.51017447267587e-05,1.39503738700197e-05,4.65012462333991e-05,215048
"23","2020/05/01",2,1,16,1,12,7.44019939734385e-05,9.30024924667981e-06,5.58014954800789e-05,215048
"24","2020/05/02",2,0,18,1,14,8.37022432201183e-05,9.30024924667981e-06,6.51017447267587e-05,215048
"25","2020/05/03",0,0,18,1,14,8.37022432201183e-05,0,6.51017447267587e-05,215048
"26","2020/05/04",0,0,18,1,14,8.37022432201183e-05,0,6.51017447267587e-05,215048
"27","2020/05/05",156,2,174,3,167,0.000809121684461144,0.000725419441241025,0.000776570812097764,215048
"28","2020/05/06",0,0,174,3,166,0.000809121684461144,0,0.000771920687474424,215048
"29","2020/05/07",0,0,174,3,166,0.000809121684461144,0,0.000771920687474424,215048
"30","2020/05/08",13,1,187,4,179,0.000869573304564562,6.04516201034188e-05,0.000832372307577843,215048
"31","2020/05/09",21,1,208,5,200,0.0009672259216547,9.7652617090138e-05,0.000930024924667981,215048
"32","2020/05/10",0,0,208,5,200,0.0009672259216547,0,0.000930024924667981,215048
"33","2020/05/11",0,0,208,5,197,0.0009672259216547,0,0.000916074550797961,215048
"34","2020/05/12",4,0,212,5,198,0.00098582642014806,1.86004984933596e-05,0.000920724675421301,215048
"35","2020/05/13",8,1,220,6,204,0.00102302741713478,3.72009969867192e-05,0.000948625423161341,215048
"36","2020/05/14",15,1,235,7,217,0.00109277928648488,6.97518693500986e-05,0.00100907704326476,215048
"37","2020/05/15",0,0,235,7,217,0.00109277928648488,0,0.00100907704326476,215048
"38","2020/05/16",0,0,235,7,217,0.00109277928648488,0,0.00100907704326476,215048
"39","2020/05/17",0,0,235,7,61,0.00109277928648488,0,0.000283657602023734,215048
"40","2020/05/18",0,0,235,7,61,0.00109277928648488,0,0.000283657602023734,215048
"41","2020/05/19",11,0,246,7,72,0.00114393065734162,5.1151370856739e-05,0.000334808972880473,215048
"42","2020/05/20",5,1,251,8,64,0.00116718128045832,2.32506231166995e-05,0.000297607975893754,215048
"43","2020/05/21",0,0,251,8,43,0.00116718128045832,0,0.000199955358803616,215048
"44","2020/05/22",0,0,251,8,43,0.00116718128045832,0,0.000199955358803616,215048
"45","2020/05/23",0,0,251,8,43,0.00116718128045832,0,0.000199955358803616,215048
"46","2020/05/24",40,0,291,8,79,0.00135318626539191,0.000186004984933596,0.000367359845243853,215048
"47","2020/05/25",8,1,299,9,79,0.00139038726237863,3.72009969867192e-05,0.000367359845243853,215048
"48","2020/05/26",0,2,299,11,64,0.00139038726237863,0,0.000297607975893754,215048
"49","2020/05/27",142,1,441,12,206,0.0020507049588929,0.000660317696514267,0.000957925672408021,215048
"50","2020/05/28",2,0,443,12,208,0.00206000520813958,9.30024924667981e-06,0.0009672259216547,215048
"51","2020/05/29",15,0,458,12,223,0.00212975707748968,6.97518693500986e-05,0.0010369777910048,215048
"52","2020/05/30",5,0,463,12,228,0.00215300770060638,2.32506231166995e-05,0.0010602284141215,215048
"53","2020/05/31",16,0,479,12,233,0.00222740969457981,7.44019939734385e-05,0.0010834790372382,215048
"54","2020/06/01",4,0,483,12,232,0.00224601019307317,1.86004984933596e-05,0.00107882891261486,215048
"55","2020/06/02",1,0,484,12,233,0.00225066031769651,4.65012462333991e-06,0.0010834790372382,215048
"56","2020/06/03",0,0,484,12,233,0.00225066031769651,0,0.0010834790372382,215048
"57","2020/06/04",0,0,484,12,233,0.00225066031769651,0,0.0010834790372382,215048
"58","2020/06/05",15,0,499,12,208,0.00232041218704661,6.97518693500986e-05,0.0009672259216547,215048
"59","2020/06/06",10,0,509,12,210,0.00236691343328001,4.65012462333991e-05,0.00097652617090138,215048
"60","2020/06/07",4,0,513,12,214,0.00238551393177337,1.86004984933596e-05,0.00099512666939474,215048
"61","2020/06/08",1,0,514,12,73,0.00239016405639671,4.65012462333991e-06,0.000339459097503813,215048
"62","2020/06/09",0,0,514,12,71,0.00239016405639671,0,0.000330158848257133,215048
"63","2020/06/10",0,0,514,12,56,0.00239016405639671,0,0.000260406978907035,215048
"64","2020/06/11",118,0,632,12,169,0.00293887876195082,0.000548714705554109,0.000785871061344444,215048
"65","2020/06/12",7,0,639,12,160,0.0029714296343142,3.25508723633793e-05,0.000744019939734385,215048
"66","2020/06/13",11,0,650,12,167,0.00302258100517094,5.1151370856739e-05,0.000776570812097764,215048
"67","2020/06/14",9,0,659,12,175,0.003064432126781,4.18511216100592e-05,0.000813771809084483,215048
"68","2020/06/15",2,0,661,12,177,0.00307373237602768,9.30024924667981e-06,0.000823072058331163,215048
"69","2020/06/16",0,0,661,12,177,0.00307373237602768,0,0.000823072058331163,215048
"70","2020/06/17",10,0,671,12,172,0.00312023362226108,4.65012462333991e-05,0.000799821435214464,215048
"71","2020/06/18",12,0,683,12,174,0.00317603511774116,5.58014954800789e-05,0.000809121684461144,215048
"72","2020/06/19",5,0,688,12,175,0.00319928574085786,2.32506231166995e-05,0.000813771809084483,215048
"73","2020/06/20",5,0,693,12,179,0.00322253636397455,2.32506231166995e-05,0.000832372307577843,215048
"74","2020/06/21",5,0,698,12,184,0.00324578698709125,2.32506231166995e-05,0.000855622930694543,215048
"75","2020/06/22",0,0,698,12,184,0.00324578698709125,0,0.000855622930694543,215048
"76","2020/06/23",4,0,702,12,70,0.00326438748558461,1.86004984933596e-05,0.000325508723633793,215048
"77","2020/06/24",5,0,707,12,68,0.00328763810870131,2.32506231166995e-05,0.000316208474387114,215048
"78","2020/06/25",3,1,710,13,60,0.00330158848257133,1.39503738700197e-05,0.000279007477400394,215048
"79","2020/06/26",1,0,711,13,52,0.00330623860719467,4.65012462333991e-06,0.000241806480413675,215048
"80","2020/06/27",1,0,712,13,51,0.00331088873181801,4.65012462333991e-06,0.000237156355790335,215048
"81","2020/06/28",1,0,713,13,52,0.00331553885644135,4.65012462333991e-06,0.000241806480413675,215048
"82","2020/06/29",0,0,713,13,42,0.00331553885644135,0,0.000195305234180276,215048
"83","2020/06/30",0,0,713,13,30,0.00331553885644135,0,0.000139503738700197,215048
"84","2020/07/01",1,0,714,13,26,0.00332018898106469,4.65012462333991e-06,0.000120903240206838,215048
"85","2020/07/02",1,0,715,13,22,0.00332483910568803,4.65012462333991e-06,0.000102302741713478,215048
"86","2020/07/03",2,0,717,13,19,0.00333413935493471,9.30024924667981e-06,8.83523678434582e-05,215048
"87","2020/07/04",2,0,719,13,21,0.00334343960418139,9.30024924667981e-06,9.7652617090138e-05,215048
"88","2020/07/05",0,0,719,13,17,0.00334343960418139,0,7.90521185967784e-05,215048
"89","2020/07/06",1,0,720,13,13,0.00334808972880473,4.65012462333991e-06,6.04516201034188e-05,215048
"90","2020/07/07",1,0,721,13,11,0.00335273985342807,4.65012462333991e-06,5.1151370856739e-05,215048
"91","2020/07/08",3,0,724,13,13,0.00336669022729809,1.39503738700197e-05,6.04516201034188e-05,215048
"92","2020/07/09",0,0,724,13,12,0.00336669022729809,0,5.58014954800789e-05,215048
"93","2020/07/10",2,1,726,14,13,0.00337599047654477,9.30024924667981e-06,6.04516201034188e-05,215048
"94","2020/07/11",1,0,727,14,14,0.00338064060116811,4.65012462333991e-06,6.51017447267587e-05,215048
"95","2020/07/12",0,0,727,14,14,0.00338064060116811,0,6.51017447267587e-05,215048
"96","2020/07/13",2,0,729,14,15,0.00338994085041479,9.30024924667981e-06,6.97518693500986e-05,215048
"97","2020/07/14",3,0,732,14,17,0.00340389122428481,1.39503738700197e-05,7.90521185967784e-05,215048
"98","2020/07/15",0,0,732,14,15,0.00340389122428481,0,6.97518693500986e-05,215048
"99","2020/07/16",5,0,737,14,18,0.00342714184740151,2.32506231166995e-05,8.37022432201183e-05,215048
"100","2020/07/17",3,0,740,14,21,0.00344109222127153,1.39503738700197e-05,9.7652617090138e-05,215048
"101","2020/07/18",1,0,741,14,21,0.00344574234589487,4.65012462333991e-06,9.7652617090138e-05,215048
"102","2020/07/19",2,0,743,14,22,0.00345504259514155,9.30024924667981e-06,0.000102302741713478,215048
"103","2020/07/20",3,0,746,14,22,0.00346899296901157,1.39503738700197e-05,0.000102302741713478,215048
"104","2020/07/21",0,0,746,14,22,0.00346899296901157,0,0.000102302741713478,215048
"105","2020/07/22",0,0,746,14,20,0.00346899296901157,0,9.30024924667981e-05,215048
"106","2020/07/23",1,0,747,14,20,0.00347364309363491,4.65012462333991e-06,9.30024924667981e-05,215048
"107","2020/07/24",2,0,749,14,22,0.00348294334288159,9.30024924667981e-06,0.000102302741713478,215048
"108","2020/07/25",111,0,860,14,131,0.00399910717607232,0.00051616383319073,0.000609166325657528,215048
"109","2020/07/26",2,0,862,14,130,0.004008407425319,9.30024924667981e-06,0.000604516201034188,215048
"110","2020/07/27",1,0,863,14,131,0.00401305754994234,4.65012462333991e-06,0.000609166325657528,215048
"111","2020/07/28",2,0,865,14,128,0.00402235779918902,9.30024924667981e-06,0.000595215951787508,215048
"112","2020/07/29",2,0,867,14,127,0.0040316580484357,9.30024924667981e-06,0.000590565827164168,215048
"113","2020/07/30",1,1,868,15,127,0.00403630817305904,4.65012462333991e-06,0.000590565827164168,215048
"114","2020/07/31",2,0,870,15,127,0.00404560842230572,9.30024924667981e-06,0.000590565827164168,215048
"115","2020/08/01",1,0,871,15,125,0.00405025854692906,4.65012462333991e-06,0.000581265577917488,215048
"116","2020/08/02",3,0,874,15,128,0.00406420892079908,1.39503738700197e-05,0.000595215951787508,215048
"117","2020/08/03",0,0,874,15,128,0.00406420892079908,0,0.000595215951787508,215048
"118","2020/08/04",0,0,874,15,127,0.00406420892079908,0,0.000590565827164168,215048
"119","2020/08/05",1,0,875,15,126,0.00406885904542242,4.65012462333991e-06,0.000585915702540828,215048
"120","2020/08/06",3,0,878,15,18,0.00408280941929244,1.39503738700197e-05,8.37022432201183e-05,215048
"121","2020/08/07",0,0,878,15,16,0.00408280941929244,0,7.44019939734385e-05,215048
"122","2020/08/08",0,0,878,15,15,0.00408280941929244,0,6.97518693500986e-05,215048
"123","2020/08/09",0,0,878,15,13,0.00408280941929244,0,6.04516201034188e-05,215048
"124","2020/08/10",0,0,878,15,11,0.00408280941929244,0,5.1151370856739e-05,215048
"125","2020/08/11",0,0,878,15,10,0.00408280941929244,0,4.65012462333991e-05,215048
"126","2020/08/12",3,0,881,15,11,0.00409675979316246,1.39503738700197e-05,5.1151370856739e-05,215048
"127","2020/08/13",1,0,882,15,11,0.0041014099177858,4.65012462333991e-06,5.1151370856739e-05,215048
"128","2020/08/14",0,0,882,15,8,0.0041014099177858,0,3.72009969867192e-05,215048
"129","2020/08/15",1,0,883,15,9,0.00410606004240914,4.65012462333991e-06,4.18511216100592e-05,215048
"130","2020/08/16",2,0,885,15,11,0.00411536029165582,9.30024924667981e-06,5.1151370856739e-05,215048
"131","2020/08/17",0,0,885,15,10,0.00411536029165582,0,4.65012462333991e-05,215048
"132","2020/08/18",0,0,885,15,7,0.00411536029165582,0,3.25508723633793e-05,215048
"133","2020/08/19",0,0,885,15,7,0.00411536029165582,0,3.25508723633793e-05,215048
"134","2020/08/20",0,0,885,15,7,0.00411536029165582,0,3.25508723633793e-05,215048
"135","2020/08/21",0,0,885,15,7,0.00411536029165582,0,3.25508723633793e-05,215048
"136","2020/08/22",3,0,888,15,10,0.00412931066552584,1.39503738700197e-05,4.65012462333991e-05,215048
"137","2020/08/23",4,0,892,15,14,0.0041479111640192,1.86004984933596e-05,6.51017447267587e-05,215048
"138","2020/08/24",0,0,892,15,11,0.0041479111640192,0,5.1151370856739e-05,215048
"139","2020/08/25",0,0,892,15,10,0.0041479111640192,0,4.65012462333991e-05,215048
"140","2020/08/26",0,0,892,15,10,0.0041479111640192,0,4.65012462333991e-05,215048
"141","2020/08/27",0,0,892,15,9,0.0041479111640192,0,4.18511216100592e-05,215048
"142","2020/08/28",2,0,894,15,9,0.00415721141326588,9.30024924667981e-06,4.18511216100592e-05,215048
"143","2020/08/29",1,0,895,15,10,0.00416186153788922,4.65012462333991e-06,4.65012462333991e-05,215048
"144","2020/08/30",0,0,895,15,10,0.00416186153788922,0,4.65012462333991e-05,215048
"145","2020/08/31",1,0,896,15,11,0.00416651166251256,4.65012462333991e-06,5.1151370856739e-05,215048
"146","2020/09/01",0,0,896,15,11,0.00416651166251256,0,5.1151370856739e-05,215048
"147","2020/09/02",0,0,896,15,11,0.00416651166251256,0,5.1151370856739e-05,215048
"148","2020/09/03",0,0,896,15,8,0.00416651166251256,0,3.72009969867192e-05,215048
"149","2020/09/04",1,0,897,15,5,0.0041711617871359,4.65012462333991e-06,2.32506231166995e-05,215048
"150","2020/09/05",0,0,897,15,5,0.0041711617871359,0,2.32506231166995e-05,215048
"151","2020/09/06",1,0,898,15,6,0.00417581191175924,4.65012462333991e-06,2.79007477400394e-05,215048
"152","2020/09/07",0,0,898,15,6,0.00417581191175924,0,2.79007477400394e-05,215048
"153","2020/09/08",0,0,898,15,6,0.00417581191175924,0,2.79007477400394e-05,215048
"154","2020/09/09",0,0,898,15,4,0.00417581191175924,0,1.86004984933596e-05,215048
"155","2020/09/10",0,0,898,15,3,0.00417581191175924,0,1.39503738700197e-05,215048
"156","2020/09/11",3,0,901,15,6,0.00418976228562926,1.39503738700197e-05,2.79007477400394e-05,215048
"157","2020/09/12",5,0,906,15,10,0.00421301290874595,2.32506231166995e-05,4.65012462333991e-05,215048
"158","2020/09/13",0,0,906,15,10,0.00421301290874595,0,4.65012462333991e-05,215048
"159","2020/09/14",0,0,906,15,10,0.00421301290874595,0,4.65012462333991e-05,215048
"160","2020/09/15",0,0,906,15,10,0.00421301290874595,0,4.65012462333991e-05,215048
"161","2020/09/16",1,0,907,15,10,0.00421766303336929,4.65012462333991e-06,4.65012462333991e-05,215048
"162","2020/09/17",0,0,907,15,10,0.00421766303336929,0,4.65012462333991e-05,215048
"163","2020/09/18",0,0,907,15,9,0.00421766303336929,0,4.18511216100592e-05,215048
