"","date","cases","deaths","cum_cases","cum_deaths","cases_active","p_cases","p_cases_daily","p_cases_active","population"
"1","2020/03/25",1,0,1,0,1,2.61821228465204e-05,2.61821228465204e-05,2.61821228465204e-05,38194
"2","2020/03/26",0,0,1,0,1,2.61821228465204e-05,0,2.61821228465204e-05,38194
"3","2020/03/27",1,0,2,0,2,5.23642456930408e-05,2.61821228465204e-05,5.23642456930408e-05,38194
"4","2020/03/28",0,0,2,0,2,5.23642456930408e-05,0,5.23642456930408e-05,38194
"5","2020/03/29",3,0,5,0,5,0.000130910614232602,7.85463685395612e-05,0.000130910614232602,38194
"6","2020/03/30",0,0,5,0,5,0.000130910614232602,0,0.000130910614232602,38194
"7","2020/03/31",0,0,5,0,5,0.000130910614232602,0,0.000130910614232602,38194
"8","2020/04/01",0,0,5,0,5,0.000130910614232602,0,0.000130910614232602,38194
"9","2020/04/02",0,0,5,0,5,0.000130910614232602,0,0.000130910614232602,38194
"10","2020/04/03",0,0,5,0,5,0.000130910614232602,0,0.000130910614232602,38194
"11","2020/04/04",0,0,5,0,5,0.000130910614232602,0,0.000130910614232602,38194
"12","2020/04/05",0,0,5,0,5,0.000130910614232602,0,0.000130910614232602,38194
"13","2020/04/06",0,1,5,1,4,0.000130910614232602,0,0.000104728491386082,38194
"14","2020/04/07",3,0,8,1,7,0.000209456982772163,7.85463685395612e-05,0.000183274859925643,38194
"15","2020/04/08",0,0,8,1,6,0.000209456982772163,0,0.000157092737079122,38194
"16","2020/04/09",0,0,8,1,6,0.000209456982772163,0,0.000157092737079122,38194
"17","2020/04/10",0,0,8,1,3,0.000209456982772163,0,7.85463685395612e-05,38194
"18","2020/04/11",1,0,9,1,4,0.000235639105618684,2.61821228465204e-05,0.000104728491386082,38194
"19","2020/04/12",0,0,9,1,4,0.000235639105618684,0,0.000104728491386082,38194
"20","2020/04/13",0,0,9,1,4,0.000235639105618684,0,0.000104728491386082,38194
"21","2020/04/14",1,0,10,1,5,0.000261821228465204,2.61821228465204e-05,0.000130910614232602,38194
"22","2020/04/15",0,0,10,1,5,0.000261821228465204,0,0.000130910614232602,38194
"23","2020/04/16",1,0,11,1,6,0.000288003351311724,2.61821228465204e-05,0.000157092737079122,38194
"24","2020/04/17",0,0,11,1,6,0.000288003351311724,0,0.000157092737079122,38194
"25","2020/04/18",0,0,11,1,6,0.000288003351311724,0,0.000157092737079122,38194
"26","2020/04/19",0,0,11,1,3,0.000288003351311724,0,7.85463685395612e-05,38194
"27","2020/04/20",0,0,11,1,3,0.000288003351311724,0,7.85463685395612e-05,38194
"28","2020/04/21",0,0,11,1,3,0.000288003351311724,0,7.85463685395612e-05,38194
"29","2020/04/22",0,0,11,1,3,0.000288003351311724,0,7.85463685395612e-05,38194
"30","2020/04/23",0,0,11,1,2,0.000288003351311724,0,5.23642456930408e-05,38194
"31","2020/04/24",0,0,11,1,2,0.000288003351311724,0,5.23642456930408e-05,38194
"32","2020/04/25",0,0,11,1,2,0.000288003351311724,0,5.23642456930408e-05,38194
"33","2020/04/26",0,0,11,1,1,0.000288003351311724,0,2.61821228465204e-05,38194
"34","2020/04/27",0,0,11,1,1,0.000288003351311724,0,2.61821228465204e-05,38194
"35","2020/04/28",1,0,12,1,1,0.000314185474158245,2.61821228465204e-05,2.61821228465204e-05,38194
"36","2020/04/29",0,0,12,1,1,0.000314185474158245,0,2.61821228465204e-05,38194
"37","2020/04/30",0,0,12,1,1,0.000314185474158245,0,2.61821228465204e-05,38194
"38","2020/05/01",0,0,12,1,1,0.000314185474158245,0,2.61821228465204e-05,38194
"39","2020/05/02",0,0,12,1,1,0.000314185474158245,0,2.61821228465204e-05,38194
"40","2020/05/03",0,0,12,1,1,0.000314185474158245,0,2.61821228465204e-05,38194
"41","2020/05/04",0,0,12,1,1,0.000314185474158245,0,2.61821228465204e-05,38194
"42","2020/05/05",0,0,12,1,1,0.000314185474158245,0,2.61821228465204e-05,38194
"43","2020/05/06",0,0,12,1,1,0.000314185474158245,0,2.61821228465204e-05,38194
"44","2020/05/07",0,0,12,1,1,0.000314185474158245,0,2.61821228465204e-05,38194
"45","2020/05/08",0,0,12,1,1,0.000314185474158245,0,2.61821228465204e-05,38194
"46","2020/05/09",0,0,12,1,1,0.000314185474158245,0,2.61821228465204e-05,38194
"47","2020/05/10",0,0,12,1,0,0.000314185474158245,0,0,38194
"48","2020/05/11",0,0,12,1,0,0.000314185474158245,0,0,38194
"49","2020/05/12",0,0,12,1,0,0.000314185474158245,0,0,38194
"50","2020/05/13",0,0,12,1,0,0.000314185474158245,0,0,38194
"51","2020/05/14",0,0,12,1,0,0.000314185474158245,0,0,38194
"52","2020/05/15",0,0,12,1,0,0.000314185474158245,0,0,38194
"53","2020/05/16",0,0,12,1,0,0.000314185474158245,0,0,38194
"54","2020/05/17",0,0,12,1,0,0.000314185474158245,0,0,38194
"55","2020/05/18",0,0,12,1,0,0.000314185474158245,0,0,38194
"56","2020/05/19",0,0,12,1,0,0.000314185474158245,0,0,38194
"57","2020/05/20",0,0,12,1,0,0.000314185474158245,0,0,38194
"58","2020/05/21",0,0,12,1,0,0.000314185474158245,0,0,38194
"59","2020/05/22",0,0,12,1,0,0.000314185474158245,0,0,38194
"60","2020/05/23",0,0,12,1,0,0.000314185474158245,0,0,38194
"61","2020/05/24",0,0,12,1,0,0.000314185474158245,0,0,38194
"62","2020/05/25",0,0,12,1,0,0.000314185474158245,0,0,38194
"63","2020/05/26",0,0,12,1,0,0.000314185474158245,0,0,38194
"64","2020/05/27",0,0,12,1,0,0.000314185474158245,0,0,38194
"65","2020/05/28",0,0,12,1,0,0.000314185474158245,0,0,38194
"66","2020/05/29",0,0,12,1,0,0.000314185474158245,0,0,38194
"67","2020/05/30",0,0,12,1,0,0.000314185474158245,0,0,38194
"68","2020/05/31",0,0,12,1,0,0.000314185474158245,0,0,38194
"69","2020/06/01",0,0,12,1,0,0.000314185474158245,0,0,38194
"70","2020/06/02",0,0,12,1,0,0.000314185474158245,0,0,38194
"71","2020/06/03",0,0,12,1,0,0.000314185474158245,0,0,38194
"72","2020/06/04",0,0,12,1,0,0.000314185474158245,0,0,38194
"73","2020/06/05",0,0,12,1,0,0.000314185474158245,0,0,38194
"74","2020/06/06",0,0,12,1,0,0.000314185474158245,0,0,38194
"75","2020/06/07",0,0,12,1,0,0.000314185474158245,0,0,38194
"76","2020/06/08",0,0,12,1,0,0.000314185474158245,0,0,38194
"77","2020/06/09",0,0,12,1,0,0.000314185474158245,0,0,38194
"78","2020/06/10",0,0,12,1,0,0.000314185474158245,0,0,38194
"79","2020/06/11",0,0,12,1,0,0.000314185474158245,0,0,38194
"80","2020/06/12",0,0,12,1,0,0.000314185474158245,0,0,38194
"81","2020/06/13",0,0,12,1,0,0.000314185474158245,0,0,38194
"82","2020/06/14",0,0,12,1,0,0.000314185474158245,0,0,38194
"83","2020/06/15",0,0,12,1,0,0.000314185474158245,0,0,38194
"84","2020/06/16",0,0,12,1,0,0.000314185474158245,0,0,38194
"85","2020/06/17",0,0,12,1,0,0.000314185474158245,0,0,38194
"86","2020/06/18",0,0,12,1,0,0.000314185474158245,0,0,38194
"87","2020/06/19",0,0,12,1,0,0.000314185474158245,0,0,38194
"88","2020/06/20",0,0,12,1,0,0.000314185474158245,0,0,38194
"89","2020/06/21",0,0,12,1,0,0.000314185474158245,0,0,38194
"90","2020/06/22",2,0,14,1,2,0.000366549719851286,5.23642456930408e-05,5.23642456930408e-05,38194
"91","2020/06/23",0,0,14,1,2,0.000366549719851286,0,5.23642456930408e-05,38194
"92","2020/06/24",0,0,14,1,2,0.000366549719851286,0,5.23642456930408e-05,38194
"93","2020/06/25",1,0,15,1,3,0.000392731842697806,2.61821228465204e-05,7.85463685395612e-05,38194
"94","2020/06/26",0,0,15,1,3,0.000392731842697806,0,7.85463685395612e-05,38194
"95","2020/06/27",0,0,15,1,3,0.000392731842697806,0,7.85463685395612e-05,38194
"96","2020/06/28",1,0,16,1,4,0.000418913965544326,2.61821228465204e-05,0.000104728491386082,38194
"97","2020/06/29",12,0,28,1,16,0.000733099439702571,0.000314185474158245,0.000418913965544326,38194
"98","2020/06/30",13,0,41,1,29,0.00107346703670734,0.000340367597004765,0.000759281562549092,38194
"99","2020/07/01",0,1,41,2,29,0.00107346703670734,0,0.000759281562549092,38194
"100","2020/07/02",1,0,42,2,30,0.00109964915955386,2.61821228465204e-05,0.000785463685395612,38194
"101","2020/07/03",2,0,44,2,32,0.0011520134052469,5.23642456930408e-05,0.000837827931088653,38194
"102","2020/07/04",0,0,44,2,30,0.0011520134052469,0,0.000785463685395612,38194
"103","2020/07/05",1,0,45,2,31,0.00117819552809342,2.61821228465204e-05,0.000811645808242132,38194
"104","2020/07/06",2,0,47,2,33,0.00123055977378646,5.23642456930408e-05,0.000864010053935173,38194
"105","2020/07/07",2,0,49,2,34,0.0012829240194795,5.23642456930408e-05,0.000890192176781693,38194
"106","2020/07/08",0,0,49,2,34,0.0012829240194795,0,0.000890192176781693,38194
"107","2020/07/09",6,0,55,2,40,0.00144001675655862,0.000157092737079122,0.00104728491386082,38194
"108","2020/07/10",0,0,55,2,39,0.00144001675655862,0,0.0010211027910143,38194
"109","2020/07/11",11,0,66,2,38,0.00172802010787035,0.000288003351311724,0.000994920668167775,38194
"110","2020/07/12",0,0,66,2,25,0.00172802010787035,0,0.00065455307116301,38194
"111","2020/07/13",6,0,72,2,31,0.00188511284494947,0.000157092737079122,0.000811645808242132,38194
"112","2020/07/14",0,0,72,2,30,0.00188511284494947,0,0.000785463685395612,38194
"113","2020/07/15",0,0,72,2,28,0.00188511284494947,0,0.000733099439702571,38194
"114","2020/07/16",0,0,72,2,28,0.00188511284494947,0,0.000733099439702571,38194
"115","2020/07/17",0,0,72,2,27,0.00188511284494947,0,0.000706917316856051,38194
"116","2020/07/18",2,0,74,2,27,0.00193747709064251,5.23642456930408e-05,0.000706917316856051,38194
"117","2020/07/19",1,0,75,2,26,0.00196365921348903,2.61821228465204e-05,0.00068073519400953,38194
"118","2020/07/20",6,0,81,2,32,0.00212075195056815,0.000157092737079122,0.000837827931088653,38194
"119","2020/07/21",0,0,81,2,26,0.00212075195056815,0,0.00068073519400953,38194
"120","2020/07/22",1,0,82,2,27,0.00214693407341467,2.61821228465204e-05,0.000706917316856051,38194
"121","2020/07/23",4,0,86,2,20,0.00225166256480075,0.000104728491386082,0.000523642456930408,38194
"122","2020/07/24",4,0,90,2,24,0.00235639105618684,0.000104728491386082,0.00062837094831649,38194
"123","2020/07/25",2,0,92,2,20,0.00240875530187988,5.23642456930408e-05,0.000523642456930408,38194
"124","2020/07/26",5,0,97,2,25,0.00253966591611248,0.000130910614232602,0.00065455307116301,38194
"125","2020/07/27",2,0,99,2,27,0.00259203016180552,5.23642456930408e-05,0.000706917316856051,38194
"126","2020/07/28",0,0,99,2,27,0.00259203016180552,0,0.000706917316856051,38194
"127","2020/07/29",0,0,99,2,27,0.00259203016180552,0,0.000706917316856051,38194
"128","2020/07/30",0,0,99,2,25,0.00259203016180552,0,0.00065455307116301,38194
"129","2020/07/31",5,0,104,2,29,0.00272294077603812,0.000130910614232602,0.000759281562549092,38194
"130","2020/08/01",3,0,107,2,26,0.00280148714457768,7.85463685395612e-05,0.00068073519400953,38194
"131","2020/08/02",7,0,114,2,33,0.00298476200450332,0.000183274859925643,0.000864010053935173,38194
"132","2020/08/03",2,0,116,2,34,0.00303712625019637,5.23642456930408e-05,0.000890192176781693,38194
"133","2020/08/04",0,0,116,2,30,0.00303712625019637,0,0.000785463685395612,38194
"134","2020/08/05",0,0,116,2,26,0.00303712625019637,0,0.00068073519400953,38194
"135","2020/08/06",13,0,129,2,37,0.00337749384720113,0.000340367597004765,0.000968738545321255,38194
"136","2020/08/07",12,0,141,2,44,0.00369167932135938,0.000314185474158245,0.0011520134052469,38194
"137","2020/08/08",29,0,170,2,71,0.00445096088390847,0.000759281562549092,0.00185893072210295,38194
"138","2020/08/09",27,0,197,2,98,0.00515787820076452,0.000706917316856051,0.002565848038959,38194
"139","2020/08/10",19,0,216,2,117,0.00565533853484841,0.000497460334083888,0.00306330837304289,38194
"140","2020/08/11",0,0,216,2,117,0.00565533853484841,0,0.00306330837304289,38194
"141","2020/08/12",8,0,224,2,120,0.00586479551762057,0.000209456982772163,0.00314185474158245,38194
"142","2020/08/13",17,0,241,2,134,0.00630989160601142,0.000445096088390847,0.00350840446143373,38194
"143","2020/08/14",17,0,258,2,144,0.00675498769440226,0.000445096088390847,0.00377022568989894,38194
"144","2020/08/15",16,0,274,2,158,0.00717390165994659,0.000418913965544326,0.00413677540975022,38194
"145","2020/08/16",24,0,298,2,182,0.00780227260826308,0.00062837094831649,0.00476514635806671,38194
"146","2020/08/17",0,0,298,2,182,0.00780227260826308,0,0.00476514635806671,38194
"147","2020/08/18",0,0,298,2,169,0.00780227260826308,0,0.00442477876106195,38194
"148","2020/08/19",17,0,315,2,174,0.00824736869665393,0.000445096088390847,0.00455568937529455,38194
"149","2020/08/20",12,0,327,2,157,0.00856155417081217,0.000314185474158245,0.0041105932869037,38194
"150","2020/08/21",7,0,334,2,137,0.00874482903073781,0.000183274859925643,0.00358695082997329,38194
"151","2020/08/22",13,0,347,2,131,0.00908519662774258,0.000340367597004765,0.00342985809289417,38194
"152","2020/08/23",36,0,383,2,167,0.0100277530502173,0.000942556422474734,0.00437241451536891,38194
"153","2020/08/24",0,0,383,2,159,0.0100277530502173,0,0.00416295753259674,38194
"154","2020/08/25",0,0,383,2,142,0.0100277530502173,0,0.0037178614442059,38194
"155","2020/08/26",48,0,431,2,173,0.0112844949468503,0.00125674189663298,0.00452950725244803,38194
"156","2020/08/27",33,1,464,3,190,0.0121485050007855,0.000864010053935173,0.00497460334083888,38194
"157","2020/08/28",18,0,482,3,184,0.0126197832120228,0.000471278211237367,0.00481751060375975,38194
"158","2020/08/29",8,0,490,3,192,0.012829240194795,0.000209456982772163,0.00502696758653192,38194
"159","2020/08/30",15,0,505,3,207,0.0132219720374928,0.000392731842697806,0.00541969942922972,38194
"160","2020/08/31",2,0,507,3,192,0.0132743362831858,5.23642456930408e-05,0.00502696758653192,38194
"161","2020/09/01",1,1,508,4,181,0.0133005184060324,2.61821228465204e-05,0.00473896423522019,38194
"162","2020/09/02",0,0,508,4,174,0.0133005184060324,0,0.00455568937529455,38194
"163","2020/09/03",47,0,555,4,208,0.0145310781798188,0.00123055977378646,0.00544588155207624,38194
"164","2020/09/04",0,0,555,4,172,0.0145310781798188,0,0.00450332512960151,38194
"165","2020/09/05",22,1,577,5,194,0.0151070848824423,0.000576006702623449,0.00507933183222496,38194
"166","2020/09/06",14,0,591,5,208,0.0154736346022936,0.000366549719851286,0.00544588155207624,38194
"167","2020/09/07",7,0,598,5,167,0.0156569094622192,0.000183274859925643,0.00437241451536891,38194
"168","2020/09/08",1,0,599,5,135,0.0156830915850657,2.61821228465204e-05,0.00353458658428025,38194
"169","2020/09/09",15,0,614,5,132,0.0160758234277635,0.000392731842697806,0.00345604021574069,38194
"170","2020/09/10",14,0,628,5,138,0.0164423731476148,0.000366549719851286,0.00361313295281981,38194
"171","2020/09/11",10,0,638,5,133,0.01670419437608,0.000261821228465204,0.00348222233858721,38194
"172","2020/09/12",3,0,641,5,134,0.0167827407446196,7.85463685395612e-05,0.00350840446143373,38194
"173","2020/09/13",3,0,644,5,136,0.0168612871131591,7.85463685395612e-05,0.00356076870712677,38194
"174","2020/09/14",2,0,646,5,138,0.0169136513588522,5.23642456930408e-05,0.00361313295281981,38194
"175","2020/09/15",2,0,648,5,93,0.0169660156045452,5.23642456930408e-05,0.0024349374247264,38194
"176","2020/09/16",2,0,650,5,95,0.0170183798502383,5.23642456930408e-05,0.00248730167041944,38194
"177","2020/09/17",9,0,659,5,82,0.0172540189558569,0.000235639105618684,0.00214693407341467,38194
"178","2020/09/18",4,0,663,5,72,0.017358747447243,0.000104728491386082,0.00188511284494947,38194
"179","2020/09/19",4,0,667,5,69,0.0174634759386291,0.000104728491386082,0.00180656647640991,38194
"180","2020/09/20",1,0,668,5,69,0.0174896580614756,2.61821228465204e-05,0.00180656647640991,38194
"181","2020/09/21",0,0,668,5,54,0.0174896580614756,0,0.0014138346337121,38194
"182","2020/09/22",0,0,668,5,40,0.0174896580614756,0,0.00104728491386082,38194
"183","2020/09/23",4,0,672,5,34,0.0175943865528617,0.000104728491386082,0.000890192176781693,38194
