"","date","cases","deaths","cum_cases","cum_deaths","p_cases","p_cases_daily","population"
"1","2019/12/31",0,0,0,0,0,0,69625581
"2","2020/01/01",0,0,0,0,0,0,69625581
"3","2020/01/02",0,0,0,0,0,0,69625581
"4","2020/01/03",0,0,0,0,0,0,69625581
"5","2020/01/04",0,0,0,0,0,0,69625581
"6","2020/01/05",0,0,0,0,0,0,69625581
"7","2020/01/06",0,0,0,0,0,0,69625581
"8","2020/01/07",0,0,0,0,0,0,69625581
"9","2020/01/08",0,0,0,0,0,0,69625581
"10","2020/01/09",0,0,0,0,0,0,69625581
"11","2020/01/10",0,0,0,0,0,0,69625581
"12","2020/01/11",0,0,0,0,0,0,69625581
"13","2020/01/12",0,0,0,0,0,0,69625581
"14","2020/01/13",1,0,1,0,1.43625372404433e-08,1.43625372404433e-08,69625581
"15","2020/01/14",0,0,1,0,1.43625372404433e-08,0,69625581
"16","2020/01/15",0,0,1,0,1.43625372404433e-08,0,69625581
"17","2020/01/16",0,0,1,0,1.43625372404433e-08,0,69625581
"18","2020/01/17",1,0,2,0,2.87250744808866e-08,1.43625372404433e-08,69625581
"19","2020/01/18",0,0,2,0,2.87250744808866e-08,0,69625581
"20","2020/01/19",0,0,2,0,2.87250744808866e-08,0,69625581
"21","2020/01/20",0,0,2,0,2.87250744808866e-08,0,69625581
"22","2020/01/21",0,0,2,0,2.87250744808866e-08,0,69625581
"23","2020/01/22",2,0,4,0,5.74501489617731e-08,2.87250744808866e-08,69625581
"24","2020/01/23",0,0,4,0,5.74501489617731e-08,0,69625581
"25","2020/01/24",0,0,4,0,5.74501489617731e-08,0,69625581
"26","2020/01/25",1,0,5,0,7.18126862022164e-08,1.43625372404433e-08,69625581
"27","2020/01/26",0,0,5,0,7.18126862022164e-08,0,69625581
"28","2020/01/27",3,0,8,0,1.14900297923546e-07,4.30876117213298e-08,69625581
"29","2020/01/28",6,0,14,0,2.01075521366206e-07,8.61752234426597e-08,69625581
"30","2020/01/29",0,0,14,0,2.01075521366206e-07,0,69625581
"31","2020/01/30",0,0,14,0,2.01075521366206e-07,0,69625581
"32","2020/01/31",0,0,14,0,2.01075521366206e-07,0,69625581
"33","2020/02/01",5,0,19,0,2.72888207568422e-07,7.18126862022164e-08,69625581
"34","2020/02/02",0,0,19,0,2.72888207568422e-07,0,69625581
"35","2020/02/03",0,0,19,0,2.72888207568422e-07,0,69625581
"36","2020/02/04",0,0,19,0,2.72888207568422e-07,0,69625581
"37","2020/02/05",6,0,25,0,3.59063431011082e-07,8.61752234426597e-08,69625581
"38","2020/02/06",0,0,25,0,3.59063431011082e-07,0,69625581
"39","2020/02/07",0,0,25,0,3.59063431011082e-07,0,69625581
"40","2020/02/08",7,0,32,0,4.59601191694185e-07,1.00537760683103e-07,69625581
"41","2020/02/09",0,0,32,0,4.59601191694185e-07,0,69625581
"42","2020/02/10",0,0,32,0,4.59601191694185e-07,0,69625581
"43","2020/02/11",0,0,32,0,4.59601191694185e-07,0,69625581
"44","2020/02/12",1,0,33,0,4.73963728934628e-07,1.43625372404433e-08,69625581
"45","2020/02/13",0,0,33,0,4.73963728934628e-07,0,69625581
"46","2020/02/14",0,0,33,0,4.73963728934628e-07,0,69625581
"47","2020/02/15",1,0,34,0,4.88326266175071e-07,1.43625372404433e-08,69625581
"48","2020/02/16",0,0,34,0,4.88326266175071e-07,0,69625581
"49","2020/02/17",0,0,34,0,4.88326266175071e-07,0,69625581
"50","2020/02/18",1,0,35,0,5.02688803415515e-07,1.43625372404433e-08,69625581
"51","2020/02/19",0,0,35,0,5.02688803415515e-07,0,69625581
"52","2020/02/20",0,0,35,0,5.02688803415515e-07,0,69625581
"53","2020/02/21",0,0,35,0,5.02688803415515e-07,0,69625581
"54","2020/02/22",0,0,35,0,5.02688803415515e-07,0,69625581
"55","2020/02/23",0,0,35,0,5.02688803415515e-07,0,69625581
"56","2020/02/24",0,0,35,0,5.02688803415515e-07,0,69625581
"57","2020/02/25",2,0,37,0,5.31413877896401e-07,2.87250744808866e-08,69625581
"58","2020/02/26",3,0,40,0,5.74501489617731e-07,4.30876117213298e-08,69625581
"59","2020/02/27",0,0,40,0,5.74501489617731e-07,0,69625581
"60","2020/02/28",0,0,40,0,5.74501489617731e-07,0,69625581
"61","2020/02/29",2,0,42,0,6.03226564098618e-07,2.87250744808866e-08,69625581
"62","2020/03/01",0,1,42,1,6.03226564098618e-07,0,69625581
"63","2020/03/02",1,0,43,1,6.17589101339061e-07,1.43625372404433e-08,69625581
"64","2020/03/05",4,0,47,1,6.75039250300834e-07,5.74501489617731e-08,69625581
"65","2020/03/07",3,0,50,1,7.18126862022164e-07,4.30876117213298e-08,69625581
"66","2020/03/11",9,0,59,1,8.47389697186153e-07,1.2926283516399e-07,69625581
"67","2020/03/12",11,0,70,1,1.00537760683103e-06,1.57987909644876e-07,69625581
"68","2020/03/14",12,0,82,1,1.17772805371635e-06,1.72350446885319e-07,69625581
"69","2020/03/15",0,0,82,1,1.17772805371635e-06,0,69625581
"70","2020/03/16",32,0,114,1,1.63732924541053e-06,4.59601191694185e-07,69625581
"71","2020/03/17",63,0,177,1,2.54216909155846e-06,9.04839846147927e-07,69625581
"72","2020/03/18",0,0,177,1,2.54216909155846e-06,0,69625581
"73","2020/03/19",0,0,177,1,2.54216909155846e-06,0,69625581
"74","2020/03/20",35,0,212,1,3.04485789497398e-06,5.02688803415515e-07,69625581
"75","2020/03/21",154,0,366,1,5.25668863000224e-06,2.21183073502827e-06,69625581
"76","2020/03/22",233,0,599,1,8.60315980702552e-06,3.34647117702328e-06,69625581
"77","2020/03/23",122,0,721,1,1.03553893503596e-05,1.75222954333408e-06,69625581
"78","2020/03/24",106,3,827,4,1.18778182978466e-05,1.52242894748699e-06,69625581
"79","2020/03/25",107,0,934,4,1.3414609782574e-05,1.53679148472743e-06,69625581
"80","2020/03/26",111,0,1045,4,1.50088514162632e-05,1.5942416336892e-06,69625581
"81","2020/03/27",91,1,1136,5,1.63158423051436e-05,1.30699088888034e-06,69625581
"82","2020/03/28",0,0,1136,5,1.63158423051436e-05,0,69625581
"83","2020/03/29",109,1,1245,6,1.78813588643519e-05,1.56551655920832e-06,69625581
"84","2020/03/30",143,1,1388,7,1.99352016897353e-05,2.05384282538339e-06,69625581
"85","2020/03/31",263,3,1651,10,2.37125489839719e-05,3.77734729423658e-06,69625581
"86","2020/04/01",0,0,1651,10,2.37125489839719e-05,0,69625581
"87","2020/04/02",120,2,1771,12,2.5436053452825e-05,1.72350446885319e-06,69625581
"88","2020/04/03",104,3,1875,15,2.69297573258311e-05,1.4937038730061e-06,69625581
"89","2020/04/04",103,4,1978,19,2.84090986615968e-05,1.47934133576566e-06,69625581
"90","2020/04/05",191,4,2169,23,3.11523432745215e-05,2.74324461292467e-06,69625581
"91","2020/04/06",51,3,2220,26,3.18848326737841e-05,7.32489399262607e-07,69625581
"92","2020/04/07",38,0,2258,26,3.24306090889209e-05,5.45776415136845e-07,69625581
"93","2020/04/08",111,4,2369,30,3.40248507226101e-05,1.5942416336892e-06,69625581
"94","2020/04/09",54,2,2423,32,3.48004277335941e-05,7.75577010983937e-07,69625581
"95","2020/04/10",50,1,2473,33,3.55185545956162e-05,7.18126862022164e-07,69625581
"96","2020/04/11",45,2,2518,35,3.61648687714362e-05,6.46314175819948e-07,69625581
"97","2020/04/12",33,3,2551,38,3.66388325003708e-05,4.73963728934628e-07,69625581
"98","2020/04/13",28,2,2579,40,3.70409835431032e-05,4.02151042732412e-07,69625581
"99","2020/04/14",34,1,2613,41,3.75293098092783e-05,4.88326266175071e-07,69625581
"100","2020/04/15",30,2,2643,43,3.79601859264916e-05,4.30876117213298e-07,69625581
"101","2020/04/16",29,3,2672,46,3.83766995064644e-05,4.16513579972855e-07,69625581
"102","2020/04/17",28,1,2700,47,3.87788505491969e-05,4.02151042732412e-07,69625581
"103","2020/04/18",0,0,2700,47,3.87788505491969e-05,0,69625581
"104","2020/04/19",33,0,2733,47,3.92528142781315e-05,4.73963728934628e-07,69625581
"105","2020/04/20",32,0,2765,47,3.97124154698257e-05,4.59601191694185e-07,69625581
"106","2020/04/21",27,0,2792,47,4.01002039753176e-05,3.87788505491969e-07,69625581
"107","2020/04/22",19,1,2811,48,4.03730921828861e-05,2.72888207568422e-07,69625581
"108","2020/04/23",28,2,2839,50,4.07752432256185e-05,4.02151042732412e-07,69625581
"109","2020/04/24",0,0,2839,50,4.07752432256185e-05,0,69625581
"110","2020/04/25",15,0,2854,50,4.09906812842251e-05,2.15438058606649e-07,69625581
"111","2020/04/26",68,1,2922,51,4.19673338165753e-05,9.76652532350143e-07,69625581
"112","2020/04/27",0,0,2922,51,4.19673338165753e-05,0,69625581
"113","2020/04/28",16,3,2938,54,4.21971344124224e-05,2.29800595847092e-07,69625581
"114","2020/04/29",0,0,2938,54,4.21971344124224e-05,0,69625581
"115","2020/04/30",16,0,2954,54,4.24269350082694e-05,2.29800595847092e-07,69625581
"116","2020/05/01",6,0,2960,54,4.25131102317121e-05,8.61752234426597e-08,69625581
"117","2020/05/02",0,0,2960,54,4.25131102317121e-05,0,69625581
"118","2020/05/03",6,0,2966,54,4.25992854551548e-05,8.61752234426597e-08,69625581
"119","2020/05/04",3,0,2969,54,4.26423730668761e-05,4.30876117213298e-08,69625581
"120","2020/05/05",18,0,2987,54,4.29008987372041e-05,2.58525670327979e-07,69625581
"121","2020/05/06",1,0,2988,54,4.29152612744445e-05,1.43625372404433e-08,69625581
"122","2020/05/07",1,1,2989,55,4.2929623811685e-05,1.43625372404433e-08,69625581
"123","2020/05/08",3,0,2992,55,4.29727114234063e-05,4.30876117213298e-08,69625581
"124","2020/05/09",8,0,3000,55,4.30876117213298e-05,1.14900297923546e-07,69625581
"125","2020/05/10",4,1,3004,56,4.31450618702916e-05,5.74501489617731e-08,69625581
"126","2020/05/11",11,0,3015,56,4.33030497799365e-05,1.57987909644876e-07,69625581
"127","2020/05/12",0,0,3015,56,4.33030497799365e-05,0,69625581
"128","2020/05/13",2,0,3017,56,4.33317748544174e-05,2.87250744808866e-08,69625581
"129","2020/05/14",0,0,3017,56,4.33317748544174e-05,0,69625581
"130","2020/05/15",1,0,3018,56,4.33461373916578e-05,1.43625372404433e-08,69625581
"131","2020/05/16",7,0,3025,56,4.34466751523409e-05,1.00537760683103e-07,69625581
"132","2020/05/17",3,0,3028,56,4.34897627640622e-05,4.30876117213298e-08,69625581
"133","2020/05/18",0,0,3028,56,4.34897627640622e-05,0,69625581
"134","2020/05/19",3,0,3031,56,4.35328503757836e-05,4.30876117213298e-08,69625581
"135","2020/05/20",3,0,3034,56,4.35759379875049e-05,4.30876117213298e-08,69625581
"136","2020/05/21",0,0,3034,56,4.35759379875049e-05,0,69625581
"137","2020/05/22",3,0,3037,56,4.36190255992262e-05,4.30876117213298e-08,69625581
"138","2020/05/23",3,0,3040,56,4.36621132109476e-05,4.30876117213298e-08,69625581
"139","2020/05/24",0,0,3040,56,4.36621132109476e-05,0,69625581
"140","2020/05/25",2,1,3042,57,4.36908382854285e-05,2.87250744808866e-08,69625581
"141","2020/05/26",0,0,3042,57,4.36908382854285e-05,0,69625581
"142","2020/05/27",3,0,3045,57,4.37339258971498e-05,4.30876117213298e-08,69625581
"143","2020/05/28",9,0,3054,57,4.38631887323138e-05,1.2926283516399e-07,69625581
"144","2020/05/29",11,0,3065,57,4.40211766419587e-05,1.57987909644876e-07,69625581
"145","2020/05/30",11,0,3076,57,4.41791645516035e-05,1.57987909644876e-07,69625581
"146","2020/05/31",5,0,3081,57,4.42509772378057e-05,7.18126862022164e-08,69625581
"147","2020/06/01",0,0,3081,57,4.42509772378057e-05,0,69625581
"148","2020/06/02",1,0,3082,57,4.42653397750462e-05,1.43625372404433e-08,69625581
"149","2020/06/03",1,1,3083,58,4.42797023122866e-05,1.43625372404433e-08,69625581
"150","2020/06/04",18,0,3101,58,4.45382279826146e-05,2.58525670327979e-07,69625581
"151","2020/06/05",1,0,3102,58,4.45525905198551e-05,1.43625372404433e-08,69625581
"152","2020/06/06",2,0,3104,58,4.45813155943359e-05,2.87250744808866e-08,69625581
"153","2020/06/07",8,0,3112,58,4.46962158922595e-05,1.14900297923546e-07,69625581
"154","2020/06/08",7,0,3119,58,4.47967536529426e-05,1.00537760683103e-07,69625581
"155","2020/06/09",0,0,3119,58,4.47967536529426e-05,0,69625581
"156","2020/06/10",6,0,3125,58,4.48829288763852e-05,8.61752234426597e-08,69625581
"157","2020/06/11",0,0,3125,58,4.48829288763852e-05,0,69625581
"158","2020/06/12",0,0,3125,58,4.48829288763852e-05,0,69625581
"159","2020/06/13",4,0,3129,58,4.4940379025347e-05,5.74501489617731e-08,69625581
"160","2020/06/14",5,0,3134,58,4.50121917115492e-05,7.18126862022164e-08,69625581
"161","2020/06/15",1,0,3135,58,4.50265542487897e-05,1.43625372404433e-08,69625581
"162","2020/06/16",0,0,3135,58,4.50265542487897e-05,0,69625581
"163","2020/06/17",0,0,3135,58,4.50265542487897e-05,0,69625581
"164","2020/06/18",6,0,3141,58,4.51127294722323e-05,8.61752234426597e-08,69625581
"165","2020/06/19",0,0,3141,58,4.51127294722323e-05,0,69625581
"166","2020/06/20",5,0,3146,58,4.51845421584346e-05,7.18126862022164e-08,69625581
"167","2020/06/21",1,0,3147,58,4.5198904695675e-05,1.43625372404433e-08,69625581
"168","2020/06/22",1,0,3148,58,4.52132672329154e-05,1.43625372404433e-08,69625581
"169","2020/06/23",3,0,3151,58,4.52563548446368e-05,4.30876117213298e-08,69625581
"170","2020/06/24",5,0,3156,58,4.5328167530839e-05,7.18126862022164e-08,69625581
"171","2020/06/25",2,0,3158,58,4.53568926053199e-05,2.87250744808866e-08,69625581
"172","2020/06/26",0,0,3158,58,4.53568926053199e-05,0,69625581
"173","2020/06/27",4,0,3162,58,4.54143427542816e-05,5.74501489617731e-08,69625581
