"","date","cases","deaths","cum_cases","cum_deaths","cases_active","p_cases","p_cases_daily","p_cases_active","population"
"1","2020/05/01",15,0,15,0,15,1.60926542075907e-06,1.60926542075907e-06,1.60926542075907e-06,9321023
"2","2020/05/02",0,0,15,0,15,1.60926542075907e-06,0,1.60926542075907e-06,9321023
"3","2020/05/03",17,0,32,0,32,3.43309956428602e-06,1.82383414352695e-06,3.43309956428602e-06,9321023
"4","2020/05/04",44,2,76,2,76,8.1536114651793e-06,4.72051190089328e-06,8.1536114651793e-06,9321023
"5","2020/05/05",154,1,230,3,230,2.46754031183058e-05,1.65217916531265e-05,2.46754031183058e-05,9321023
"6","2020/05/06",63,2,293,5,293,3.14343178854939e-05,6.75891476718811e-06,3.14343178854939e-05,9321023
"7","2020/05/07",86,3,379,8,379,4.06607729645126e-05,9.22645507901869e-06,4.06607729645126e-05,9321023
"8","2020/05/08",82,4,461,12,461,4.94580905979955e-05,8.79731763348293e-06,4.94580905979955e-05,9321023
"9","2020/05/09",61,0,522,12,522,5.60024366424157e-05,6.54434604442023e-06,5.60024366424157e-05,9321023
"10","2020/05/10",90,8,612,20,612,6.56580291669702e-05,9.65559252455444e-06,6.56580291669702e-05,9321023
"11","2020/05/11",0,0,612,20,612,6.56580291669702e-05,0,6.56580291669702e-05,9321023
"12","2020/05/12",49,1,661,21,661,7.09149628747832e-05,5.25693370781297e-06,7.09149628747832e-05,9321023
"13","2020/05/13",68,2,729,23,714,7.8210299448891e-05,7.2953365741078e-06,7.66010340281319e-05,9321023
"14","2020/05/14",72,0,801,23,786,8.59347734685345e-05,7.72447401964355e-06,8.43255080477754e-05,9321023
"15","2020/05/15",106,6,907,29,875,9.7306915775232e-05,1.13721423066975e-05,9.38738162109459e-05,9321023
"16","2020/05/16",211,4,1118,33,1042,0.000119943916027243,2.2637000252011e-05,0.000111790304562064,9321023
"17","2020/05/17",204,3,1322,36,1092,0.000141829925749566,2.18860097223234e-05,0.000117154522631261,9321023
"18","2020/05/18",202,3,1524,39,1231,0.000163501366749122,2.16714409995555e-05,0.000132067048863628,9321023
"19","2020/05/19",205,2,1729,41,1350,0.000185494660832829,2.19932940837073e-05,0.000144833887868317,9321023
"20","2020/05/20",0,0,1729,41,1268,0.000185494660832829,0,0.000136036570234834,9321023
"21","2020/05/21",207,3,1936,44,1414,0.000207702523639304,2.22078628064752e-05,0.000151700086996889,9321023
"22","2020/05/22",204,0,2140,44,1528,0.000229588533361628,2.18860097223234e-05,0.000163930504194658,9321023
"23","2020/05/23",210,0,2350,44,1738,0.000252118249252255,2.2529715890627e-05,0.000186460220085285,9321023
"24","2020/05/24",201,0,2551,44,1890,0.000273682405890426,2.15641566381716e-05,0.000202767443015643,9321023
"25","2020/05/25",187,0,2738,44,2009,0.000293744581469223,2.00621755787964e-05,0.000215534282020332,9321023
"26","2020/05/26",362,2,3100,46,2299,0.000332581520290208,3.88369388209856e-05,0.000246646746821674,9321023
"27","2020/05/27",0,0,3100,46,2193,0.000332581520290208,0,0.000235274604514977,9321023
"28","2020/05/28",0,0,3100,46,1982,0.000332581520290208,0,0.000212637604262966,9321023
"29","2020/05/29",463,1,3563,47,2241,0.000382254179610972,4.96726593207634e-05,0.000240424253861406,9321023
"30","2020/05/30",0,0,3563,47,2039,0.000382254179610972,0,0.00021875281286185,9321023
"31","2020/05/31",244,0,3807,47,2078,0.000408431563788653,2.61773841776809e-05,0.000222936902955824,9321023
"32","2020/06/01",0,0,3807,47,2078,0.000408431563788653,0,0.000222936902955824,9321023
"33","2020/06/02",123,0,3930,47,1994,0.000421627540238877,1.31959764502244e-05,0.000213925016599573,9321023
"34","2020/06/03",83,0,4013,47,1873,0.000430532142233744,8.90460199486687e-06,0.000200943608872116,9321023
"35","2020/06/04",87,0,4100,47,1750,0.000439865881674147,9.33373944040263e-06,0.000187747632421892,9321023
"36","2020/06/05",189,1,4289,48,1738,0.000460142625975711,2.02767443015643e-05,0.000186460220085285,9321023
"37","2020/06/06",81,0,4370,48,1632,0.00046883265924781,8.690033272099e-06,0.000175088077778587,9321023
"38","2020/06/07",83,0,4453,48,1353,0.000477737261242677,8.90460199486687e-06,0.000145155740952468,9321023
"39","2020/06/08",76,0,4529,48,1429,0.000485890872707856,8.1536114651793e-06,0.000153309352417648,9321023
"40","2020/06/09",80,0,4609,48,1509,0.000494473621618571,8.58274891071506e-06,0.000161892101328363,9321023
"41","2020/06/10",81,0,4690,48,1127,0.00050316365489067,8.690033272099e-06,0.000120909475279698,9321023
"42","2020/06/11",73,0,4763,48,1200,0.000510995413271698,7.83175838102749e-06,0.000128741233660726,9321023
"43","2020/06/12",71,1,4834,49,1027,0.000518612602929957,7.61718965825961e-06,0.000110181039141305,9321023
"44","2020/06/13",68,0,4902,49,1095,0.000525907939504065,7.2953365741078e-06,0.000117476375715412,9321023
"45","2020/06/14",69,1,4971,50,1041,0.000533310560439557,7.40262093549174e-06,0.00011168302020068,9321023
"46","2020/06/15",64,0,5035,50,1022,0.000540176759568129,6.86619912857205e-06,0.000109644617334385,9321023
"47","2020/06/16",62,0,5097,50,997,0.000546828389973933,6.65163040580417e-06,0.000106962508299786,9321023
"48","2020/06/17",63,0,5160,50,871,0.000553587304741121,6.75891476718811e-06,9.34446787654102e-05,9321023
"49","2020/06/18",61,1,5221,51,851,0.000560131650785542,6.54434604442023e-06,9.12989915377314e-05,9321023
"50","2020/06/19",58,0,5279,51,826,0.00056635414374581,6.22249296026842e-06,8.8616882503133e-05,9321023
"51","2020/06/20",59,0,5338,51,809,0.000572683921067462,6.32977732165236e-06,8.6793048359606e-05,9321023
"52","2020/06/21",61,1,5399,52,790,0.000579228267111882,6.54434604442023e-06,8.47546454933112e-05,9321023
"53","2020/06/22",58,0,5457,52,767,0.000585450760072151,6.22249296026842e-06,8.22871051814806e-05,9321023
"54","2020/06/23",56,0,5513,52,750,0.000591458684309651,6.00792423750054e-06,8.04632710379537e-05,9321023
"55","2020/06/24",54,0,5567,52,733,0.000597252039824384,5.79335551473266e-06,7.86394368944267e-05,9321023
"56","2020/06/25",63,0,5630,52,728,0.000604010954591572,6.75891476718811e-06,7.8103015087507e-05,9321023
"57","2020/06/26",61,0,5691,52,720,0.000610555300635992,6.54434604442023e-06,7.72447401964355e-05,9321023
"58","2020/06/27",56,0,5747,52,712,0.000616563224873493,6.00792423750054e-06,7.6386465305364e-05,9321023
"59","2020/06/28",52,0,5799,52,702,0.000622142011665458,5.57878679196479e-06,7.53136216915246e-05,9321023
"60","2020/06/29",50,0,5849,52,689,0.000627506229734655,5.36421806919691e-06,7.39189249935334e-05,9321023
"61","2020/06/30",51,0,5900,52,679,0.000632977732165236,5.47150243058085e-06,7.28460813796941e-05,9321023
"62","2020/07/01",54,0,5954,52,675,0.000638771087679968,5.79335551473266e-06,7.24169439341583e-05,9321023
"63","2020/07/02",51,0,6005,52,667,0.000644242590110549,5.47150243058085e-06,7.15586690430868e-05,9321023
"64","2020/07/03",53,0,6058,52,659,0.000649928661263898,5.68607115334873e-06,7.07003941520153e-05,9321023
"65","2020/07/04",50,0,6108,52,651,0.000655292879333095,5.36421806919691e-06,6.98421192609438e-05,9321023
"66","2020/07/05",51,0,6159,52,646,0.000660764381763675,5.47150243058085e-06,6.93056974540241e-05,9321023
"67","2020/07/06",54,1,6213,53,646,0.000666557737278408,5.79335551473266e-06,6.93056974540241e-05,9321023
"68","2020/07/07",49,0,6262,53,632,0.000671814670986221,5.25693370781297e-06,6.7803716394649e-05,9321023
"69","2020/07/08",53,0,6315,53,624,0.00067750074213957,5.68607115334873e-06,6.69454415035774e-05,9321023
"70","2020/07/09",49,1,6364,54,617,0.000682757675847383,5.25693370781297e-06,6.61944509738899e-05,9321023
"71","2020/07/10",46,0,6410,54,611,0.000687692756471044,4.93508062366116e-06,6.55507448055863e-05,9321023
"72","2020/07/11",47,1,6457,55,608,0.000692735121456089,5.0423649850451e-06,6.52288917214344e-05,9321023
"73","2020/07/12",49,0,6506,55,606,0.000697992055163902,5.25693370781297e-06,6.50143229986666e-05,9321023
"74","2020/07/13",46,0,6552,55,598,0.000702927135787563,4.93508062366116e-06,6.41560481075951e-05,9321023
"75","2020/07/14",43,0,6595,55,590,0.000707540363327073,4.61322753950934e-06,6.32977732165236e-05,9321023
"76","2020/07/15",48,1,6643,56,585,0.000712690012673502,5.14964934642903e-06,6.27613514096039e-05,9321023
"77","2020/07/16",52,0,6695,56,587,0.000718268799465466,5.57878679196479e-06,6.29759201323717e-05,9321023
"78","2020/07/17",46,0,6741,56,582,0.000723203880089128,4.93508062366116e-06,6.2439498325452e-05,9321023
"79","2020/07/18",45,0,6786,56,573,0.000728031676351405,4.82779626227722e-06,6.14739390729966e-05,9321023
"80","2020/07/19",48,1,6834,57,572,0.000733181325697834,5.14964934642903e-06,6.13666547116127e-05,9321023
"81","2020/07/20",44,0,6878,57,563,0.000737901837598727,4.72051190089328e-06,6.04010954591572e-05,9321023
"82","2020/07/21",43,0,6921,57,557,0.000742515065138236,4.61322753950934e-06,5.97573892908536e-05,9321023
"83","2020/07/22",46,0,6967,57,557,0.000747450145761898,4.93508062366116e-06,5.97573892908536e-05,9321023
"84","2020/07/23",48,1,7015,58,558,0.000752599795108327,5.14964934642903e-06,5.98646736522375e-05,9321023
"85","2020/07/24",45,0,7060,58,554,0.000757427591370604,4.82779626227722e-06,5.94355362067018e-05,9321023
"86","2020/07/25",44,0,7104,58,552,0.000762148103271497,4.72051190089328e-06,5.92209674839339e-05,9321023
"87","2020/07/26",46,1,7150,59,555,0.000767083183895158,4.93508062366116e-06,5.95428205680857e-05,9321023
"88","2020/07/27",42,0,7192,59,549,0.000771589127073284,4.5059431781254e-06,5.88991143997821e-05,9321023
"89","2020/07/28",43,1,7235,60,540,0.000776202354612793,4.61322753950934e-06,5.79335551473266e-05,9321023
"90","2020/07/29",41,0,7276,60,535,0.000780601013429535,4.39865881674147e-06,5.73971333404069e-05,9321023
"91","2020/07/30",44,0,7320,60,534,0.000785321525330428,4.72051190089328e-06,5.7289848979023e-05,9321023
"92","2020/07/31",46,0,7366,60,532,0.000790256605954089,4.93508062366116e-06,5.70752802562551e-05,9321023
"93","2020/08/01",43,0,7409,60,531,0.000794869833493598,4.61322753950934e-06,5.69679958948712e-05,9321023
"94","2020/08/02",42,0,7451,60,530,0.000799375776671724,4.5059431781254e-06,5.68607115334873e-05,9321023
"95","2020/08/03",44,1,7495,61,528,0.000804096288572617,4.72051190089328e-06,5.66461428107194e-05,9321023
"96","2020/08/04",43,0,7538,61,523,0.000808709516112126,4.61322753950934e-06,5.61097210037997e-05,9321023
"97","2020/08/05",45,0,7583,61,523,0.000813537312374403,4.82779626227722e-06,5.61097210037997e-05,9321023
"98","2020/08/06",42,0,7625,61,521,0.000818043255552529,4.5059431781254e-06,5.58951522810318e-05,9321023
"99","2020/08/07",40,1,7665,62,515,0.000822334630007886,4.29137445535753e-06,5.52514461127282e-05,9321023
"100","2020/08/08",41,0,7706,62,514,0.000826733288824628,4.39865881674147e-06,5.51441617513442e-05,9321023
"101","2020/08/09",0,0,7706,62,471,0.000826733288824628,0,5.05309342118349e-05,9321023
"102","2020/08/10",39,0,7745,62,469,0.000830917378918601,4.18409009397359e-06,5.0316365489067e-05,9321023
"103","2020/08/11",82,0,7827,62,507,0.000839714696552084,8.79731763348293e-06,5.43931712216567e-05,9321023
"104","2020/08/12",44,1,7871,63,505,0.000844435208452978,4.72051190089328e-06,5.41786024988888e-05,9321023
"105","2020/08/13",41,0,7912,63,503,0.000848833867269719,4.39865881674147e-06,5.39640337761209e-05,9321023
"106","2020/08/14",38,0,7950,63,499,0.000852910673002309,4.07680573258965e-06,5.35348963305852e-05,9321023
"107","2020/08/15",39,0,7989,63,494,0.000857094763096282,4.18409009397359e-06,5.29984745236655e-05,9321023
"108","2020/08/16",40,1,8029,64,491,0.00086138613755164,4.29137445535753e-06,5.26766214395137e-05,9321023
"109","2020/08/17",36,0,8065,64,482,0.000865248374561462,3.86223700982178e-06,5.17110621870582e-05,9321023
"110","2020/08/18",34,0,8099,64,474,0.000868896042848516,3.6476682870539e-06,5.08527872959867e-05,9321023
"111","2020/08/19",32,1,8131,65,466,0.000872329142412802,3.43309956428602e-06,4.99945124049152e-05,9321023
"112","2020/08/20",35,0,8166,65,460,0.00087608409506124,3.75495264843784e-06,4.93508062366116e-05,9321023
"113","2020/08/21",37,1,8203,66,497,0.000880053616432445,3.96952137120571e-06,5.33203276078173e-05,9321023
"114","2020/08/22",38,0,8241,66,496,0.000884130422165035,4.07680573258965e-06,5.32130432464334e-05,9321023
"115","2020/08/23",36,0,8277,66,450,0.000887992659174857,3.86223700982178e-06,4.82779626227722e-05,9321023
"116","2020/08/24",34,0,8311,66,440,0.000891640327461911,3.6476682870539e-06,4.72051190089328e-05,9321023
"117","2020/08/25",35,1,8346,67,434,0.000895395280110348,3.75495264843784e-06,4.65614128406292e-05,9321023
"118","2020/08/26",33,0,8379,67,429,0.000898935664036018,3.54038392566996e-06,4.60249910337095e-05,9321023
"119","2020/08/27",34,0,8413,67,424,0.000902583332323072,3.6476682870539e-06,4.54885692267898e-05,9321023
"120","2020/08/28",36,1,8449,68,420,0.000906445569332894,3.86223700982178e-06,4.50594317812541e-05,9321023
"121","2020/08/29",32,0,8481,68,416,0.00090987866889718,3.43309956428602e-06,4.46302943357183e-05,9321023
"122","2020/08/30",0,0,8481,68,382,0.00090987866889718,0,4.09826260486644e-05,9321023
"123","2020/08/31",69,0,8550,68,419,0.000917281289832672,7.40262093549174e-06,4.49521474198701e-05,9321023
"124","2020/09/01",33,0,8583,68,417,0.000920821673758342,3.54038392566996e-06,4.47375786971022e-05,9321023
"125","2020/09/02",36,1,8619,69,416,0.000924683910768164,3.86223700982178e-06,4.46302943357183e-05,9321023
"126","2020/09/03",35,0,8654,69,413,0.000928438863416601,3.75495264843784e-06,4.43084412515665e-05,9321023
"127","2020/09/04",36,0,8690,69,413,0.000932301100426423,3.86223700982178e-06,4.43084412515665e-05,9321023
"128","2020/09/05",34,0,8724,69,413,0.000935948768713477,3.6476682870539e-06,4.43084412515665e-05,9321023
"129","2020/09/06",33,1,8757,70,411,0.000939489152639147,3.54038392566996e-06,4.40938725287986e-05,9321023
"130","2020/09/07",35,0,8792,70,413,0.000943244105287585,3.75495264843784e-06,4.43084412515665e-05,9321023
"131","2020/09/08",32,0,8824,70,411,0.000946677204851871,3.43309956428602e-06,4.40938725287986e-05,9321023
"132","2020/09/09",36,0,8860,70,411,0.000950539441861693,3.86223700982178e-06,4.40938725287986e-05,9321023
"133","2020/09/10",39,1,8899,71,418,0.000954723531955666,4.18409009397359e-06,4.48448630584862e-05,9321023
"134","2020/09/11",40,1,8939,72,458,0.000959014906411024,4.29137445535753e-06,4.91362375138437e-05,9321023
"135","2020/09/12",38,0,8977,72,427,0.000963091712143613,4.07680573258965e-06,4.58104223109416e-05,9321023
"136","2020/09/13",37,0,9014,72,431,0.000967061233514819,3.96952137120571e-06,4.62395597564774e-05,9321023
"137","2020/09/14",35,0,9049,72,430,0.000970816186163257,3.75495264843784e-06,4.61322753950934e-05,9321023
"138","2020/09/15",39,0,9088,72,434,0.000975000276257231,4.18409009397359e-06,4.65614128406292e-05,9321023
"139","2020/09/16",41,1,9129,73,439,0.000979398935073972,4.39865881674147e-06,4.70978346475489e-05,9321023
"140","2020/09/17",42,0,9171,73,447,0.000983904878252097,4.5059431781254e-06,4.79561095386204e-05,9321023
"141","2020/09/18",43,0,9214,73,457,0.000988518105791607,4.61322753950934e-06,4.90289531524598e-05,9321023
"142","2020/09/19",45,0,9259,73,467,0.000993345902053884,4.82779626227722e-06,5.01017967662992e-05,9321023
"143","2020/09/20",44,0,9303,73,479,0.000998066413954777,4.72051190089328e-06,5.13892091029064e-05,9321023
"144","2020/09/21",43,0,9346,73,486,0.00100267964149429,4.61322753950934e-06,5.2140199632594e-05,9321023
"145","2020/09/22",42,0,9388,73,489,0.00100718558467241,4.5059431781254e-06,5.24620527167458e-05,9321023
"146","2020/09/23",44,0,9432,73,493,0.00101190609657331,4.72051190089328e-06,5.28911901622815e-05,9321023
"147","2020/09/24",43,1,9475,74,498,0.00101651932411281,4.61322753950934e-06,5.34276119692012e-05,9321023
"148","2020/09/25",45,0,9520,74,506,0.00102134712037509,4.82779626227722e-06,5.42858868602727e-05,9321023
